# Models: X-axis(1) Expressions(2) Expressions(3)
# Labels: x(1) alpha(2) beta(3)
8.000000e-01 1.700000e-04 1.679000e-03
8.070707e-01 1.764249e-04 1.722397e-03
8.141414e-01 1.830925e-04 1.766915e-03
8.212121e-01 1.900122e-04 1.812584e-03
8.282828e-01 1.971934e-04 1.859434e-03
8.353535e-01 2.046460e-04 1.907494e-03
8.424242e-01 2.123802e-04 1.956797e-03
8.494949e-01 2.204068e-04 2.007374e-03
8.565657e-01 2.287368e-04 2.059258e-03
8.636364e-01 2.373815e-04 2.112484e-03
8.707071e-01 2.463530e-04 2.167085e-03
8.777778e-01 2.556635e-04 2.223097e-03
8.848485e-01 2.653258e-04 2.280557e-03
8.919192e-01 2.753534e-04 2.339502e-03
8.989899e-01 2.857599e-04 2.399970e-03
9.060606e-01 2.965597e-04 2.462002e-03
9.131313e-01 3.077677e-04 2.525637e-03
9.202020e-01 3.193992e-04 2.590916e-03
9.272727e-01 3.314704e-04 2.657883e-03
9.343434e-01 3.439977e-04 2.726581e-03
9.414141e-01 3.569985e-04 2.797054e-03
9.484848e-01 3.704907e-04 2.869349e-03
9.555556e-01 3.844930e-04 2.943513e-03
9.626263e-01 3.990242e-04 3.019594e-03
9.696970e-01 4.141047e-04 3.097640e-03
9.767677e-01 4.297551e-04 3.177705e-03
9.838384e-01 4.459969e-04 3.259838e-03
9.909091e-01 4.628526e-04 3.344094e-03
9.979798e-01 4.803453e-04 3.430528e-03
1.005051e+00 4.985005e-04 3.519203e-03
1.012121e+00 5.173386e-04 3.610154e-03
1.019192e+00 5.368914e-04 3.703469e-03
1.026263e+00 5.571831e-04 3.799195e-03
1.033333e+00 5.782388e-04 3.897383e-03
1.040404e+00 6.000933e-04 3.998122e-03
1.047475e+00 6.227738e-04 4.101465e-03
1.054545e+00 6.463081e-04 4.207464e-03
1.061616e+00 6.707353e-04 4.316218e-03
1.068687e+00 6.960857e-04 4.427783e-03
1.075758e+00 7.223942e-04 4.542232e-03
1.082828e+00 7.496931e-04 4.659622e-03
1.089899e+00 7.780277e-04 4.780064e-03
1.096970e+00 8.074332e-04 4.903618e-03
1.104040e+00 8.379457e-04 5.030348e-03
1.111111e+00 8.696158e-04 5.160372e-03
1.118182e+00 9.024829e-04 5.293757e-03
1.125253e+00 9.365922e-04 5.430589e-03
1.132323e+00 9.719855e-04 5.570938e-03
1.139394e+00 1.008722e-03 5.714935e-03
1.146465e+00 1.046846e-03 5.862654e-03
1.153535e+00 1.086406e-03 6.014170e-03
1.160606e+00 1.127467e-03 6.169624e-03
1.167677e+00 1.170079e-03 6.329095e-03
1.174747e+00 1.214296e-03 6.492666e-03
1.181818e+00 1.260190e-03 6.660487e-03
1.188889e+00 1.307819e-03 6.832647e-03
1.195960e+00 1.357248e-03 7.009256e-03
1.203030e+00 1.408538e-03 7.190405e-03
1.210101e+00 1.461773e-03 7.376262e-03
1.217172e+00 1.517021e-03 7.566923e-03
1.224242e+00 1.574348e-03 7.762484e-03
1.231313e+00 1.633851e-03 7.963127e-03
1.238384e+00 1.695602e-03 8.168958e-03
1.245455e+00 1.759687e-03 8.380108e-03
1.252525e+00 1.826185e-03 8.596685e-03
1.259596e+00 1.895205e-03 8.818891e-03
1.266667e+00 1.966834e-03 9.046841e-03
1.273737e+00 2.041160e-03 9.280649e-03
1.280808e+00 2.118306e-03 9.520534e-03
1.287879e+00 2.198367e-03 9.766620e-03
1.294949e+00 2.281442e-03 1.001903e-02
1.302020e+00 2.367669e-03 1.027800e-02
1.309091e+00 2.457155e-03 1.054367e-02
1.316162e+00 2.550023e-03 1.081620e-02
1.323232e+00 2.646387e-03 1.109573e-02
1.330303e+00 2.746407e-03 1.138253e-02
1.337374e+00 2.850207e-03 1.167675e-02
1.344444e+00 2.957915e-03 1.197853e-02
1.351515e+00 3.069709e-03 1.228814e-02
1.358586e+00 3.185729e-03 1.260577e-02
1.365657e+00 3.306133e-03 1.293160e-02
1.372727e+00 3.431071e-03 1.326581e-02
1.379798e+00 3.560748e-03 1.360870e-02
1.386869e+00 3.695326e-03 1.396046e-02
1.393939e+00 3.834970e-03 1.432125e-02
1.401010e+00 3.979913e-03 1.469143e-02
1.408081e+00 4.130333e-03 1.507117e-02
1.415152e+00 4.286439e-03 1.546073e-02
1.422222e+00 4.448421e-03 1.586030e-02
1.429293e+00 4.616549e-03 1.627025e-02
1.436364e+00 4.791031e-03 1.669080e-02
1.443434e+00 4.972082e-03 1.712216e-02
1.450505e+00 5.160002e-03 1.756474e-02
1.457576e+00 5.355024e-03 1.801875e-02
1.464646e+00 5.557387e-03 1.848443e-02
1.471717e+00 5.767428e-03 1.896221e-02
1.478788e+00 5.985408e-03 1.945234e-02
1.485859e+00 6.211626e-03 1.995515e-02
1.492929e+00 6.446360e-03 2.047087e-02
1.500000e+00 6.690000e-03 2.100000e-02
