# Models: X-axis(1) Expressions(2) Expressions(3)
# Labels: p_c(1) s_l(2) k_l(3)
0.000000e+00 1.000000e+00 1.000000e+00
1.000000e+03 9.471300e-01 4.488861e-01
2.000000e+03 8.367413e-01 1.872164e-01
3.000000e+03 7.206807e-01 7.987154e-02
4.000000e+03 6.203587e-01 3.663940e-02
5.000000e+03 5.389710e-01 1.825207e-02
6.000000e+03 4.738537e-01 9.813066e-03
7.000000e+03 4.214935e-01 5.635525e-03
8.000000e+03 3.788959e-01 3.421999e-03
9.000000e+03 3.437698e-01 2.177835e-03
1.000000e+04 3.144158e-01 1.442178e-03
1.100000e+04 2.895786e-01 9.878682e-04
1.200000e+04 2.683242e-01 6.965997e-04
1.300000e+04 2.499498e-01 5.037014e-04
1.400000e+04 2.339195e-01 3.722823e-04
1.500000e+04 2.198195e-01 2.804956e-04
1.600000e+04 2.073257e-01 2.149647e-04
1.700000e+04 1.961817e-01 1.672568e-04
1.800000e+04 1.861821e-01 1.319130e-04
1.900000e+04 1.771605e-01 1.053145e-04
2.000000e+04 1.689811e-01 8.501188e-05
2.100000e+04 1.615318e-01 6.931438e-05
2.200000e+04 1.547194e-01 5.703440e-05
2.300000e+04 1.484657e-01 4.732428e-05
2.400000e+04 1.427050e-01 3.957060e-05
2.500000e+04 1.373811e-01 3.332262e-05
2.600000e+04 1.324463e-01 2.824579e-05
2.700000e+04 1.278594e-01 2.408845e-05
2.800000e+04 1.235849e-01 2.065951e-05
2.900000e+04 1.195918e-01 1.781225e-05
3.000000e+04 1.158532e-01 1.543318e-05
3.100000e+04 1.123455e-01 1.343366e-05
3.200000e+04 1.090479e-01 1.174388e-05
3.300000e+04 1.059420e-01 1.030847e-05
3.400000e+04 1.030116e-01 9.083246e-06
3.500000e+04 1.002420e-01 8.032561e-06
3.600000e+04 9.762046e-02 7.127720e-06
3.700000e+04 9.513528e-02 6.345258e-06
3.800000e+04 9.277606e-02 5.666003e-06
3.900000e+04 9.053344e-02 5.074180e-06
4.000000e+04 8.839893e-02 4.556731e-06
4.100000e+04 8.636487e-02 4.102809e-06
4.200000e+04 8.442430e-02 3.703356e-06
4.300000e+04 8.257088e-02 3.350776e-06
4.400000e+04 8.079885e-02 3.038676e-06
4.500000e+04 7.910294e-02 2.761651e-06
4.600000e+04 7.747831e-02 2.515111e-06
4.700000e+04 7.592054e-02 2.295150e-06
4.800000e+04 7.442557e-02 2.098433e-06
4.900000e+04 7.298965e-02 1.922095e-06
5.000000e+04 7.160934e-02 1.763678e-06
5.100000e+04 7.028143e-02 1.621053e-06
5.200000e+04 6.900300e-02 1.492388e-06
5.300000e+04 6.777130e-02 1.376085e-06
5.400000e+04 6.658380e-02 1.270758e-06
5.500000e+04 6.543816e-02 1.175198e-06
5.600000e+04 6.433219e-02 1.088348e-06
5.700000e+04 6.326384e-02 1.009277e-06
5.800000e+04 6.223122e-02 9.371726e-07
5.900000e+04 6.123256e-02 8.713170e-07
6.000000e+04 6.026619e-02 8.110761e-07
6.100000e+04 5.933056e-02 7.558897e-07
6.200000e+04 5.842422e-02 7.052617e-07
6.300000e+04 5.754581e-02 6.587516e-07
6.400000e+04 5.669405e-02 6.159670e-07
6.500000e+04 5.586773e-02 5.765582e-07
6.600000e+04 5.506572e-02 5.402131e-07
6.700000e+04 5.428697e-02 5.066533e-07
6.800000e+04 5.353045e-02 4.756275e-07
6.900000e+04 5.279524e-02 4.469124e-07
7.000000e+04 5.208043e-02 4.203055e-07
7.100000e+04 5.138519e-02 3.956260e-07
7.200000e+04 5.070871e-02 3.727095e-07
7.300000e+04 5.005024e-02 3.514085e-07
7.400000e+04 4.940906e-02 3.315891e-07
7.500000e+04 4.878451e-02 3.131310e-07
7.600000e+04 4.817592e-02 2.959235e-07
7.700000e+04 4.758271e-02 2.798681e-07
7.800000e+04 4.700427e-02 2.648732e-07
7.900000e+04 4.644008e-02 2.508575e-07
8.000000e+04 4.588960e-02 2.377453e-07
8.100000e+04 4.535234e-02 2.254684e-07
8.200000e+04 4.482781e-02 2.139639e-07
8.300000e+04 4.431558e-02 2.031752e-07
8.400000e+04 4.381521e-02 1.930497e-07
8.500000e+04 4.332629e-02 1.835396e-07
8.600000e+04 4.284843e-02 1.746007e-07
8.700000e+04 4.238126e-02 1.661930e-07
8.800000e+04 4.192441e-02 1.582790e-07
8.900000e+04 4.147755e-02 1.508248e-07
9.000000e+04 4.104035e-02 1.437990e-07
9.100000e+04 4.061250e-02 1.371725e-07
9.200000e+04 4.019370e-02 1.309188e-07
9.300000e+04 3.978366e-02 1.250130e-07
9.400000e+04 3.938211e-02 1.194325e-07
9.500000e+04 3.898879e-02 1.141561e-07
9.600000e+04 3.860344e-02 1.091643e-07
9.700000e+04 3.822582e-02 1.044391e-07
9.800000e+04 3.785571e-02 9.996377e-08
9.900000e+04 3.749286e-02 9.572249e-08
1.000000e+05 3.713709e-02 9.170121e-08
