# Models: X-axis(1) Expressions(2)
# Labels: r(1) S_L(2)
1.000000e-09 2.324330e-01
1.006939e-09 2.336715e-01
1.013925e-09 2.349158e-01
1.020961e-09 2.361665e-01
1.028045e-09 2.374230e-01
1.035178e-09 2.386856e-01
1.042361e-09 2.399543e-01
1.049593e-09 2.412290e-01
1.056876e-09 2.425100e-01
1.064209e-09 2.437971e-01
1.071593e-09 2.450903e-01
1.079029e-09 2.463898e-01
1.086516e-09 2.476954e-01
1.094055e-09 2.490072e-01
1.101646e-09 2.503252e-01
1.109290e-09 2.516495e-01
1.116987e-09 2.529801e-01
1.124737e-09 2.543169e-01
1.132541e-09 2.556600e-01
1.140400e-09 2.570095e-01
1.148312e-09 2.583652e-01
1.156280e-09 2.597274e-01
1.164303e-09 2.610958e-01
1.172382e-09 2.624708e-01
1.180517e-09 2.638521e-01
1.188708e-09 2.652397e-01
1.196956e-09 2.666338e-01
1.205261e-09 2.680343e-01
1.213624e-09 2.694413e-01
1.222045e-09 2.708547e-01
1.230524e-09 2.722746e-01
1.239062e-09 2.737010e-01
1.247660e-09 2.751340e-01
1.256317e-09 2.765735e-01
1.265034e-09 2.780194e-01
1.273811e-09 2.794718e-01
1.282650e-09 2.809310e-01
1.291550e-09 2.823967e-01
1.300511e-09 2.838688e-01
1.309535e-09 2.853477e-01
1.318621e-09 2.868331e-01
1.327771e-09 2.883252e-01
1.336984e-09 2.898239e-01
1.346261e-09 2.913292e-01
1.355602e-09 2.928411e-01
1.365008e-09 2.943597e-01
1.374479e-09 2.958850e-01
1.384016e-09 2.974169e-01
1.393619e-09 2.989555e-01
1.403289e-09 3.005009e-01
1.413026e-09 3.020529e-01
1.422830e-09 3.036115e-01
1.432703e-09 3.051770e-01
1.442644e-09 3.067492e-01
1.452654e-09 3.083281e-01
1.462733e-09 3.099136e-01
1.472883e-09 3.115060e-01
1.483103e-09 3.131051e-01
1.493393e-09 3.147108e-01
1.503755e-09 3.163234e-01
1.514189e-09 3.179427e-01
1.524696e-09 3.195689e-01
1.535275e-09 3.212016e-01
1.545928e-09 3.228413e-01
1.556654e-09 3.244875e-01
1.567455e-09 3.261406e-01
1.578331e-09 3.278005e-01
1.589283e-09 3.294672e-01
1.600310e-09 3.311405e-01
1.611414e-09 3.328207e-01
1.622595e-09 3.345076e-01
1.633854e-09 3.362013e-01
1.645191e-09 3.379018e-01
1.656606e-09 3.396089e-01
1.668101e-09 3.413229e-01
1.679675e-09 3.430435e-01
1.691330e-09 3.447709e-01
1.703065e-09 3.465050e-01
1.714882e-09 3.482458e-01
1.726781e-09 3.499934e-01
1.738762e-09 3.517476e-01
1.750827e-09 3.535087e-01
1.762975e-09 3.552763e-01
1.775208e-09 3.570508e-01
1.787526e-09 3.588319e-01
1.799929e-09 3.606196e-01
1.812418e-09 3.624140e-01
1.824993e-09 3.642149e-01
1.837656e-09 3.660226e-01
1.850407e-09 3.678368e-01
1.863246e-09 3.696577e-01
1.876175e-09 3.714852e-01
1.889193e-09 3.733193e-01
1.902301e-09 3.751598e-01
1.915501e-09 3.770070e-01
1.928792e-09 3.788607e-01
1.942175e-09 3.807209e-01
1.955651e-09 3.825875e-01
1.969220e-09 3.844606e-01
1.982884e-09 3.863402e-01
1.996642e-09 3.882261e-01
2.010496e-09 3.901185e-01
2.024447e-09 3.920174e-01
2.038493e-09 3.939225e-01
2.052638e-09 3.958340e-01
2.066880e-09 3.977517e-01
2.081222e-09 3.996759e-01
2.095662e-09 4.016061e-01
2.110203e-09 4.035427e-01
2.124845e-09 4.054854e-01
2.139589e-09 4.074344e-01
2.154435e-09 4.093895e-01
2.169384e-09 4.113507e-01
2.184436e-09 4.133178e-01
2.199593e-09 4.152911e-01
2.214855e-09 4.172704e-01
2.230223e-09 4.192556e-01
2.245698e-09 4.212469e-01
2.261280e-09 4.232440e-01
2.276970e-09 4.252469e-01
2.292769e-09 4.272557e-01
2.308678e-09 4.292703e-01
2.324697e-09 4.312906e-01
2.340827e-09 4.333166e-01
2.357069e-09 4.353483e-01
2.373424e-09 4.373856e-01
2.389893e-09 4.394286e-01
2.406475e-09 4.414769e-01
2.423173e-09 4.435309e-01
2.439986e-09 4.455902e-01
2.456916e-09 4.476549e-01
2.473964e-09 4.497250e-01
2.491130e-09 4.518004e-01
2.508415e-09 4.538810e-01
2.525820e-09 4.559668e-01
2.543346e-09 4.580577e-01
2.560993e-09 4.601537e-01
2.578763e-09 4.622548e-01
2.596656e-09 4.643608e-01
2.614673e-09 4.664717e-01
2.632815e-09 4.685874e-01
2.651084e-09 4.707081e-01
2.669478e-09 4.728333e-01
2.688001e-09 4.749633e-01
2.706652e-09 4.770979e-01
2.725433e-09 4.792371e-01
2.744343e-09 4.813807e-01
2.763385e-09 4.835288e-01
2.782559e-09 4.856812e-01
2.801867e-09 4.878380e-01
2.821308e-09 4.899989e-01
2.840884e-09 4.921640e-01
2.860596e-09 4.943332e-01
2.880444e-09 4.965063e-01
2.900430e-09 4.986834e-01
2.920556e-09 5.008645e-01
2.940820e-09 5.030492e-01
2.961225e-09 5.052377e-01
2.981772e-09 5.074298e-01
3.002462e-09 5.096256e-01
3.023295e-09 5.118248e-01
3.044272e-09 5.140274e-01
3.065395e-09 5.162333e-01
3.086665e-09 5.184425e-01
3.108082e-09 5.206548e-01
3.129648e-09 5.228703e-01
3.151363e-09 5.250887e-01
3.173230e-09 5.273101e-01
3.195248e-09 5.295343e-01
3.217418e-09 5.317611e-01
3.239743e-09 5.339908e-01
3.262222e-09 5.362229e-01
3.284857e-09 5.384574e-01
3.307650e-09 5.406945e-01
3.330600e-09 5.429338e-01
3.353710e-09 5.451753e-01
3.376980e-09 5.474189e-01
3.400412e-09 5.496645e-01
3.424006e-09 5.519121e-01
3.447764e-09 5.541615e-01
3.471687e-09 5.564126e-01
3.495776e-09 5.586654e-01
3.520031e-09 5.609196e-01
3.544456e-09 5.631754e-01
3.569049e-09 5.654324e-01
3.593814e-09 5.676908e-01
3.618750e-09 5.699502e-01
3.643859e-09 5.722107e-01
3.669142e-09 5.744721e-01
3.694601e-09 5.767344e-01
3.720237e-09 5.789974e-01
3.746050e-09 5.812610e-01
3.772042e-09 5.835251e-01
3.798215e-09 5.857897e-01
3.824570e-09 5.880546e-01
3.851107e-09 5.903196e-01
3.877828e-09 5.925848e-01
3.904735e-09 5.948499e-01
3.931829e-09 5.971150e-01
3.959110e-09 5.993798e-01
3.986581e-09 6.016443e-01
4.014242e-09 6.039083e-01
4.042096e-09 6.061718e-01
4.070142e-09 6.084345e-01
4.098384e-09 6.106966e-01
4.126821e-09 6.129578e-01
4.155455e-09 6.152179e-01
4.184289e-09 6.174770e-01
4.213322e-09 6.197348e-01
4.242556e-09 6.219912e-01
4.271994e-09 6.242463e-01
4.301636e-09 6.264998e-01
4.331483e-09 6.287515e-01
4.361538e-09 6.310016e-01
4.391801e-09 6.332497e-01
4.422274e-09 6.354958e-01
4.452959e-09 6.377398e-01
4.483856e-09 6.399815e-01
4.514968e-09 6.422209e-01
4.546295e-09 6.444577e-01
4.577841e-09 6.466921e-01
4.609604e-09 6.489237e-01
4.641589e-09 6.511526e-01
4.673795e-09 6.533785e-01
4.706225e-09 6.556014e-01
4.738880e-09 6.578211e-01
4.771761e-09 6.600376e-01
4.804870e-09 6.622506e-01
4.838210e-09 6.644603e-01
4.871780e-09 6.666663e-01
4.905584e-09 6.688686e-01
4.939622e-09 6.710671e-01
4.973896e-09 6.732616e-01
5.008408e-09 6.754521e-01
5.043159e-09 6.776384e-01
5.078152e-09 6.798205e-01
5.113388e-09 6.819982e-01
5.148867e-09 6.841714e-01
5.184594e-09 6.863400e-01
5.220568e-09 6.885039e-01
5.256791e-09 6.906630e-01
5.293266e-09 6.928172e-01
5.329994e-09 6.949663e-01
5.366977e-09 6.971104e-01
5.404216e-09 6.992491e-01
5.441714e-09 7.013826e-01
5.479472e-09 7.035105e-01
5.517492e-09 7.056330e-01
5.555776e-09 7.077498e-01
5.594326e-09 7.098608e-01
5.633143e-09 7.119660e-01
5.672229e-09 7.140652e-01
5.711586e-09 7.161584e-01
5.751217e-09 7.182454e-01
5.791123e-09 7.203262e-01
5.831305e-09 7.224005e-01
5.871766e-09 7.244685e-01
5.912508e-09 7.265299e-01
5.953533e-09 7.285847e-01
5.994843e-09 7.306328e-01
6.036439e-09 7.326740e-01
6.078323e-09 7.347083e-01
6.120498e-09 7.367357e-01
6.162966e-09 7.387559e-01
6.205729e-09 7.407690e-01
6.248788e-09 7.427748e-01
6.292146e-09 7.447732e-01
6.335805e-09 7.467643e-01
6.379767e-09 7.487478e-01
6.424034e-09 7.507237e-01
6.468608e-09 7.526919e-01
6.513491e-09 7.546524e-01
6.558686e-09 7.566051e-01
6.604194e-09 7.585498e-01
6.650018e-09 7.604865e-01
6.696160e-09 7.624152e-01
6.742622e-09 7.643357e-01
6.789407e-09 7.662481e-01
6.836516e-09 7.681522e-01
6.883952e-09 7.700479e-01
6.931717e-09 7.719352e-01
6.979814e-09 7.738140e-01
7.028244e-09 7.756843e-01
7.077011e-09 7.775460e-01
7.126115e-09 7.793990e-01
7.175561e-09 7.812433e-01
7.225349e-09 7.830787e-01
7.275484e-09 7.849054e-01
7.325965e-09 7.867231e-01
7.376798e-09 7.885319e-01
7.427982e-09 7.903317e-01
7.479523e-09 7.921224e-01
7.531420e-09 7.939040e-01
7.583678e-09 7.956764e-01
7.636298e-09 7.974396e-01
7.689284e-09 7.991936e-01
7.742637e-09 8.009382e-01
7.796360e-09 8.026735e-01
7.850456e-09 8.043995e-01
7.904928e-09 8.061160e-01
7.959777e-09 8.078230e-01
8.015007e-09 8.095205e-01
8.070620e-09 8.112085e-01
8.126619e-09 8.128869e-01
8.183007e-09 8.145557e-01
8.239786e-09 8.162149e-01
8.296959e-09 8.178644e-01
8.354528e-09 8.195042e-01
8.412497e-09 8.211342e-01
8.470868e-09 8.227545e-01
8.529644e-09 8.243651e-01
8.588829e-09 8.259659e-01
8.648423e-09 8.275568e-01
8.708431e-09 8.291379e-01
8.768856e-09 8.307091e-01
8.829700e-09 8.322705e-01
8.890966e-09 8.338219e-01
8.952657e-09 8.353635e-01
9.014776e-09 8.368951e-01
9.077327e-09 8.384169e-01
9.140311e-09 8.399287e-01
9.203732e-09 8.414305e-01
9.267593e-09 8.429224e-01
9.331898e-09 8.444043e-01
9.396648e-09 8.458762e-01
9.461848e-09 8.473382e-01
9.527500e-09 8.487902e-01
9.593608e-09 8.502322e-01
9.660175e-09 8.516643e-01
9.727203e-09 8.530864e-01
9.794697e-09 8.544985e-01
9.862658e-09 8.559007e-01
9.931092e-09 8.572929e-01
1.000000e-08 8.586751e-01
1.006939e-08 8.600475e-01
1.013925e-08 8.614097e-01
1.020961e-08 8.627623e-01
1.028045e-08 8.641049e-01
1.035178e-08 8.654374e-01
1.042361e-08 8.667602e-01
1.049593e-08 8.680730e-01
1.056876e-08 8.693761e-01
1.064209e-08 8.706692e-01
1.071593e-08 8.719525e-01
1.079029e-08 8.732262e-01
1.086516e-08 8.744900e-01
1.094055e-08 8.757440e-01
1.101646e-08 8.769882e-01
1.109290e-08 8.782228e-01
1.116987e-08 8.794476e-01
1.124737e-08 8.806628e-01
1.132541e-08 8.818683e-01
1.140400e-08 8.830643e-01
1.148312e-08 8.842505e-01
1.156280e-08 8.854274e-01
1.164303e-08 8.865946e-01
1.172382e-08 8.877524e-01
1.180517e-08 8.889007e-01
1.188708e-08 8.900396e-01
1.196956e-08 8.911690e-01
1.205261e-08 8.922890e-01
1.213624e-08 8.933998e-01
1.222045e-08 8.945012e-01
1.230524e-08 8.955934e-01
1.239062e-08 8.966763e-01
1.247660e-08 8.977501e-01
1.256317e-08 8.988147e-01
1.265034e-08 8.998701e-01
1.273811e-08 9.009164e-01
1.282650e-08 9.019539e-01
1.291550e-08 9.029822e-01
1.300511e-08 9.040016e-01
1.309535e-08 9.050121e-01
1.318621e-08 9.060136e-01
1.327771e-08 9.070065e-01
1.336984e-08 9.079905e-01
1.346261e-08 9.089657e-01
1.355602e-08 9.099322e-01
1.365008e-08 9.108901e-01
1.374479e-08 9.118393e-01
1.384016e-08 9.127800e-01
1.393619e-08 9.137122e-01
1.403289e-08 9.146359e-01
1.413026e-08 9.155512e-01
1.422830e-08 9.164581e-01
1.432703e-08 9.173567e-01
1.442644e-08 9.182469e-01
1.452654e-08 9.191290e-01
1.462733e-08 9.200028e-01
1.472883e-08 9.208685e-01
1.483103e-08 9.217261e-01
1.493393e-08 9.225756e-01
1.503755e-08 9.234172e-01
1.514189e-08 9.242508e-01
1.524696e-08 9.250766e-01
1.535275e-08 9.258944e-01
1.545928e-08 9.267046e-01
1.556654e-08 9.275068e-01
1.567455e-08 9.283015e-01
1.578331e-08 9.290885e-01
1.589283e-08 9.298679e-01
1.600310e-08 9.306398e-01
1.611414e-08 9.314041e-01
1.622595e-08 9.321611e-01
1.633854e-08 9.329106e-01
1.645191e-08 9.336529e-01
1.656606e-08 9.343878e-01
1.668101e-08 9.351155e-01
1.679675e-08 9.358360e-01
1.691330e-08 9.365494e-01
1.703065e-08 9.372556e-01
1.714882e-08 9.379549e-01
1.726781e-08 9.386472e-01
1.738762e-08 9.393326e-01
1.750827e-08 9.400111e-01
1.762975e-08 9.406828e-01
1.775208e-08 9.413477e-01
1.787526e-08 9.420059e-01
1.799929e-08 9.426575e-01
1.812418e-08 9.433024e-01
1.824993e-08 9.439407e-01
1.837656e-08 9.445726e-01
1.850407e-08 9.451980e-01
1.863246e-08 9.458170e-01
1.876175e-08 9.464297e-01
1.889193e-08 9.470360e-01
1.902301e-08 9.476361e-01
1.915501e-08 9.482300e-01
1.928792e-08 9.488177e-01
1.942175e-08 9.493993e-01
1.955651e-08 9.499749e-01
1.969220e-08 9.505445e-01
1.982884e-08 9.511081e-01
1.996642e-08 9.516659e-01
2.010496e-08 9.522178e-01
2.024447e-08 9.527639e-01
2.038493e-08 9.533042e-01
2.052638e-08 9.538389e-01
2.066880e-08 9.543679e-01
2.081222e-08 9.548913e-01
2.095662e-08 9.554091e-01
2.110203e-08 9.559214e-01
2.124845e-08 9.564283e-01
2.139589e-08 9.569298e-01
2.154435e-08 9.574260e-01
2.169384e-08 9.579168e-01
2.184436e-08 9.584023e-01
2.199593e-08 9.588827e-01
2.214855e-08 9.593578e-01
2.230223e-08 9.598279e-01
2.245698e-08 9.602929e-01
2.261280e-08 9.607528e-01
2.276970e-08 9.612078e-01
2.292769e-08 9.616578e-01
2.308678e-08 9.621030e-01
2.324697e-08 9.625433e-01
2.340827e-08 9.629788e-01
2.357069e-08 9.634095e-01
2.373424e-08 9.638356e-01
2.389893e-08 9.642570e-01
2.406475e-08 9.646737e-01
2.423173e-08 9.650859e-01
2.439986e-08 9.654936e-01
2.456916e-08 9.658967e-01
2.473964e-08 9.662955e-01
2.491130e-08 9.666898e-01
2.508415e-08 9.670798e-01
2.525820e-08 9.674654e-01
2.543346e-08 9.678468e-01
2.560993e-08 9.682239e-01
2.578763e-08 9.685969e-01
2.596656e-08 9.689656e-01
2.614673e-08 9.693303e-01
2.632815e-08 9.696909e-01
2.651084e-08 9.700475e-01
2.669478e-08 9.704001e-01
2.688001e-08 9.707488e-01
2.706652e-08 9.710935e-01
2.725433e-08 9.714344e-01
2.744343e-08 9.717714e-01
2.763385e-08 9.721047e-01
2.782559e-08 9.724342e-01
2.801867e-08 9.727600e-01
2.821308e-08 9.730821e-01
2.840884e-08 9.734005e-01
2.860596e-08 9.737154e-01
2.880444e-08 9.740267e-01
2.900430e-08 9.743344e-01
2.920556e-08 9.746387e-01
2.940820e-08 9.749395e-01
2.961225e-08 9.752369e-01
2.981772e-08 9.755309e-01
3.002462e-08 9.758216e-01
3.023295e-08 9.761089e-01
3.044272e-08 9.763930e-01
3.065395e-08 9.766738e-01
3.086665e-08 9.769514e-01
3.108082e-08 9.772258e-01
3.129648e-08 9.774971e-01
3.151363e-08 9.777652e-01
3.173230e-08 9.780303e-01
3.195248e-08 9.782923e-01
3.217418e-08 9.785514e-01
3.239743e-08 9.788074e-01
3.262222e-08 9.790605e-01
3.284857e-08 9.793106e-01
3.307650e-08 9.795579e-01
3.330600e-08 9.798024e-01
3.353710e-08 9.800440e-01
3.376980e-08 9.802828e-01
3.400412e-08 9.805188e-01
3.424006e-08 9.807521e-01
3.447764e-08 9.809827e-01
3.471687e-08 9.812106e-01
3.495776e-08 9.814359e-01
3.520031e-08 9.816585e-01
3.544456e-08 9.818786e-01
3.569049e-08 9.820961e-01
3.593814e-08 9.823111e-01
3.618750e-08 9.825235e-01
3.643859e-08 9.827335e-01
3.669142e-08 9.829410e-01
3.694601e-08 9.831461e-01
3.720237e-08 9.833488e-01
3.746050e-08 9.835492e-01
3.772042e-08 9.837471e-01
3.798215e-08 9.839428e-01
3.824570e-08 9.841362e-01
3.851107e-08 9.843273e-01
3.877828e-08 9.845161e-01
3.904735e-08 9.847028e-01
3.931829e-08 9.848872e-01
3.959110e-08 9.850695e-01
3.986581e-08 9.852497e-01
4.014242e-08 9.854277e-01
4.042096e-08 9.856036e-01
4.070142e-08 9.857774e-01
4.098384e-08 9.859492e-01
4.126821e-08 9.861190e-01
4.155455e-08 9.862867e-01
4.184289e-08 9.864525e-01
4.213322e-08 9.866163e-01
4.242556e-08 9.867782e-01
4.271994e-08 9.869382e-01
4.301636e-08 9.870962e-01
4.331483e-08 9.872524e-01
4.361538e-08 9.874068e-01
4.391801e-08 9.875593e-01
4.422274e-08 9.877100e-01
4.452959e-08 9.878589e-01
4.483856e-08 9.880060e-01
4.514968e-08 9.881514e-01
4.546295e-08 9.882951e-01
4.577841e-08 9.884371e-01
4.609604e-08 9.885773e-01
4.641589e-08 9.887159e-01
4.673795e-08 9.888529e-01
4.706225e-08 9.889882e-01
4.738880e-08 9.891219e-01
4.771761e-08 9.892540e-01
4.804870e-08 9.893845e-01
4.838210e-08 9.895135e-01
4.871780e-08 9.896410e-01
4.905584e-08 9.897669e-01
4.939622e-08 9.898913e-01
4.973896e-08 9.900142e-01
5.008408e-08 9.901356e-01
5.043159e-08 9.902556e-01
5.078152e-08 9.903742e-01
5.113388e-08 9.904913e-01
5.148867e-08 9.906071e-01
5.184594e-08 9.907214e-01
5.220568e-08 9.908344e-01
5.256791e-08 9.909460e-01
5.293266e-08 9.910563e-01
5.329994e-08 9.911652e-01
5.366977e-08 9.912729e-01
5.404216e-08 9.913792e-01
5.441714e-08 9.914843e-01
5.479472e-08 9.915881e-01
5.517492e-08 9.916907e-01
5.555776e-08 9.917920e-01
5.594326e-08 9.918921e-01
5.633143e-08 9.919911e-01
5.672229e-08 9.920888e-01
5.711586e-08 9.921853e-01
5.751217e-08 9.922807e-01
5.791123e-08 9.923749e-01
5.831305e-08 9.924680e-01
5.871766e-08 9.925600e-01
5.912508e-08 9.926508e-01
5.953533e-08 9.927406e-01
5.994843e-08 9.928293e-01
6.036439e-08 9.929169e-01
6.078323e-08 9.930034e-01
6.120498e-08 9.930889e-01
6.162966e-08 9.931734e-01
6.205729e-08 9.932569e-01
6.248788e-08 9.933393e-01
6.292146e-08 9.934207e-01
6.335805e-08 9.935012e-01
6.379767e-08 9.935807e-01
6.424034e-08 9.936592e-01
6.468608e-08 9.937368e-01
6.513491e-08 9.938134e-01
6.558686e-08 9.938891e-01
6.604194e-08 9.939639e-01
6.650018e-08 9.940378e-01
6.696160e-08 9.941108e-01
6.742622e-08 9.941829e-01
6.789407e-08 9.942541e-01
6.836516e-08 9.943245e-01
6.883952e-08 9.943940e-01
6.931717e-08 9.944626e-01
6.979814e-08 9.945305e-01
7.028244e-08 9.945975e-01
7.077011e-08 9.946637e-01
7.126115e-08 9.947291e-01
7.175561e-08 9.947937e-01
7.225349e-08 9.948575e-01
7.275484e-08 9.949205e-01
7.325965e-08 9.949828e-01
7.376798e-08 9.950443e-01
7.427982e-08 9.951050e-01
7.479523e-08 9.951651e-01
7.531420e-08 9.952244e-01
7.583678e-08 9.952829e-01
7.636298e-08 9.953408e-01
7.689284e-08 9.953980e-01
7.742637e-08 9.954544e-01
7.796360e-08 9.955102e-01
7.850456e-08 9.955653e-01
7.904928e-08 9.956197e-01
7.959777e-08 9.956735e-01
8.015007e-08 9.957266e-01
8.070620e-08 9.957790e-01
8.126619e-08 9.958308e-01
8.183007e-08 9.958820e-01
8.239786e-08 9.959326e-01
8.296959e-08 9.959825e-01
8.354528e-08 9.960319e-01
8.412497e-08 9.960806e-01
8.470868e-08 9.961287e-01
8.529644e-08 9.961763e-01
8.588829e-08 9.962232e-01
8.648423e-08 9.962696e-01
8.708431e-08 9.963155e-01
8.768856e-08 9.963607e-01
8.829700e-08 9.964055e-01
8.890966e-08 9.964496e-01
8.952657e-08 9.964933e-01
9.014776e-08 9.965364e-01
9.077327e-08 9.965789e-01
9.140311e-08 9.966210e-01
9.203732e-08 9.966625e-01
9.267593e-08 9.967035e-01
9.331898e-08 9.967441e-01
9.396648e-08 9.967841e-01
9.461848e-08 9.968236e-01
9.527500e-08 9.968627e-01
9.593608e-08 9.969013e-01
9.660175e-08 9.969394e-01
9.727203e-08 9.969770e-01
9.794697e-08 9.970142e-01
9.862658e-08 9.970509e-01
9.931092e-08 9.970872e-01
1.000000e-07 9.971230e-01
1.006939e-07 9.971584e-01
1.013925e-07 9.971934e-01
1.020961e-07 9.972279e-01
1.028045e-07 9.972620e-01
1.035178e-07 9.972957e-01
1.042361e-07 9.973290e-01
1.049593e-07 9.973619e-01
1.056876e-07 9.973943e-01
1.064209e-07 9.974264e-01
1.071593e-07 9.974581e-01
1.079029e-07 9.974894e-01
1.086516e-07 9.975203e-01
1.094055e-07 9.975508e-01
1.101646e-07 9.975810e-01
1.109290e-07 9.976107e-01
1.116987e-07 9.976402e-01
1.124737e-07 9.976692e-01
1.132541e-07 9.976979e-01
1.140400e-07 9.977263e-01
1.148312e-07 9.977543e-01
1.156280e-07 9.977819e-01
1.164303e-07 9.978092e-01
1.172382e-07 9.978362e-01
1.180517e-07 9.978629e-01
1.188708e-07 9.978892e-01
1.196956e-07 9.979152e-01
1.205261e-07 9.979409e-01
1.213624e-07 9.979662e-01
1.222045e-07 9.979913e-01
1.230524e-07 9.980160e-01
1.239062e-07 9.980405e-01
1.247660e-07 9.980646e-01
1.256317e-07 9.980885e-01
1.265034e-07 9.981120e-01
1.273811e-07 9.981353e-01
1.282650e-07 9.981583e-01
1.291550e-07 9.981810e-01
1.300511e-07 9.982034e-01
1.309535e-07 9.982255e-01
1.318621e-07 9.982474e-01
1.327771e-07 9.982690e-01
1.336984e-07 9.982903e-01
1.346261e-07 9.983114e-01
1.355602e-07 9.983322e-01
1.365008e-07 9.983528e-01
1.374479e-07 9.983731e-01
1.384016e-07 9.983931e-01
1.393619e-07 9.984129e-01
1.403289e-07 9.984325e-01
1.413026e-07 9.984518e-01
1.422830e-07 9.984709e-01
1.432703e-07 9.984898e-01
1.442644e-07 9.985084e-01
1.452654e-07 9.985268e-01
1.462733e-07 9.985449e-01
1.472883e-07 9.985629e-01
1.483103e-07 9.985806e-01
1.493393e-07 9.985981e-01
1.503755e-07 9.986154e-01
1.514189e-07 9.986325e-01
1.524696e-07 9.986493e-01
1.535275e-07 9.986660e-01
1.545928e-07 9.986824e-01
1.556654e-07 9.986987e-01
1.567455e-07 9.987147e-01
1.578331e-07 9.987306e-01
1.589283e-07 9.987463e-01
1.600310e-07 9.987617e-01
1.611414e-07 9.987770e-01
1.622595e-07 9.987921e-01
1.633854e-07 9.988070e-01
1.645191e-07 9.988217e-01
1.656606e-07 9.988362e-01
1.668101e-07 9.988506e-01
1.679675e-07 9.988648e-01
1.691330e-07 9.988788e-01
1.703065e-07 9.988926e-01
1.714882e-07 9.989063e-01
1.726781e-07 9.989198e-01
1.738762e-07 9.989331e-01
1.750827e-07 9.989463e-01
1.762975e-07 9.989593e-01
1.775208e-07 9.989721e-01
1.787526e-07 9.989848e-01
1.799929e-07 9.989973e-01
1.812418e-07 9.990097e-01
1.824993e-07 9.990219e-01
1.837656e-07 9.990340e-01
1.850407e-07 9.990459e-01
1.863246e-07 9.990577e-01
1.876175e-07 9.990693e-01
1.889193e-07 9.990808e-01
1.902301e-07 9.990921e-01
1.915501e-07 9.991033e-01
1.928792e-07 9.991144e-01
1.942175e-07 9.991253e-01
1.955651e-07 9.991361e-01
1.969220e-07 9.991468e-01
1.982884e-07 9.991573e-01
1.996642e-07 9.991677e-01
2.010496e-07 9.991780e-01
2.024447e-07 9.991881e-01
2.038493e-07 9.991982e-01
2.052638e-07 9.992081e-01
2.066880e-07 9.992178e-01
2.081222e-07 9.992275e-01
2.095662e-07 9.992370e-01
2.110203e-07 9.992464e-01
2.124845e-07 9.992557e-01
2.139589e-07 9.992649e-01
2.154435e-07 9.992740e-01
2.169384e-07 9.992830e-01
2.184436e-07 9.992918e-01
2.199593e-07 9.993006e-01
2.214855e-07 9.993092e-01
2.230223e-07 9.993177e-01
2.245698e-07 9.993261e-01
2.261280e-07 9.993345e-01
2.276970e-07 9.993427e-01
2.292769e-07 9.993508e-01
2.308678e-07 9.993588e-01
2.324697e-07 9.993667e-01
2.340827e-07 9.993745e-01
2.357069e-07 9.993823e-01
2.373424e-07 9.993899e-01
2.389893e-07 9.993974e-01
2.406475e-07 9.994049e-01
2.423173e-07 9.994122e-01
2.439986e-07 9.994195e-01
2.456916e-07 9.994266e-01
2.473964e-07 9.994337e-01
2.491130e-07 9.994407e-01
2.508415e-07 9.994476e-01
2.525820e-07 9.994544e-01
2.543346e-07 9.994612e-01
2.560993e-07 9.994678e-01
2.578763e-07 9.994744e-01
2.596656e-07 9.994809e-01
2.614673e-07 9.994873e-01
2.632815e-07 9.994936e-01
2.651084e-07 9.994999e-01
2.669478e-07 9.995061e-01
2.688001e-07 9.995122e-01
2.706652e-07 9.995182e-01
2.725433e-07 9.995241e-01
2.744343e-07 9.995300e-01
2.763385e-07 9.995358e-01
2.782559e-07 9.995416e-01
2.801867e-07 9.995472e-01
2.821308e-07 9.995528e-01
2.840884e-07 9.995583e-01
2.860596e-07 9.995638e-01
2.880444e-07 9.995692e-01
2.900430e-07 9.995745e-01
2.920556e-07 9.995798e-01
2.940820e-07 9.995849e-01
2.961225e-07 9.995901e-01
2.981772e-07 9.995951e-01
3.002462e-07 9.996001e-01
3.023295e-07 9.996051e-01
3.044272e-07 9.996100e-01
3.065395e-07 9.996148e-01
3.086665e-07 9.996195e-01
3.108082e-07 9.996242e-01
3.129648e-07 9.996289e-01
3.151363e-07 9.996335e-01
3.173230e-07 9.996380e-01
3.195248e-07 9.996425e-01
3.217418e-07 9.996469e-01
3.239743e-07 9.996512e-01
3.262222e-07 9.996555e-01
3.284857e-07 9.996598e-01
3.307650e-07 9.996640e-01
3.330600e-07 9.996681e-01
3.353710e-07 9.996722e-01
3.376980e-07 9.996763e-01
3.400412e-07 9.996803e-01
3.424006e-07 9.996842e-01
3.447764e-07 9.996881e-01
3.471687e-07 9.996920e-01
3.495776e-07 9.996958e-01
3.520031e-07 9.996996e-01
3.544456e-07 9.997033e-01
3.569049e-07 9.997069e-01
3.593814e-07 9.997106e-01
3.618750e-07 9.997141e-01
3.643859e-07 9.997177e-01
3.669142e-07 9.997212e-01
3.694601e-07 9.997246e-01
3.720237e-07 9.997280e-01
3.746050e-07 9.997314e-01
3.772042e-07 9.997347e-01
3.798215e-07 9.997380e-01
3.824570e-07 9.997412e-01
3.851107e-07 9.997444e-01
3.877828e-07 9.997475e-01
3.904735e-07 9.997507e-01
3.931829e-07 9.997537e-01
3.959110e-07 9.997568e-01
3.986581e-07 9.997598e-01
4.014242e-07 9.997628e-01
4.042096e-07 9.997657e-01
4.070142e-07 9.997686e-01
4.098384e-07 9.997714e-01
4.126821e-07 9.997743e-01
4.155455e-07 9.997771e-01
4.184289e-07 9.997798e-01
4.213322e-07 9.997825e-01
4.242556e-07 9.997852e-01
4.271994e-07 9.997879e-01
4.301636e-07 9.997905e-01
4.331483e-07 9.997931e-01
4.361538e-07 9.997956e-01
4.391801e-07 9.997982e-01
4.422274e-07 9.998007e-01
4.452959e-07 9.998031e-01
4.483856e-07 9.998056e-01
4.514968e-07 9.998080e-01
4.546295e-07 9.998103e-01
4.577841e-07 9.998127e-01
4.609604e-07 9.998150e-01
4.641589e-07 9.998173e-01
4.673795e-07 9.998195e-01
4.706225e-07 9.998218e-01
4.738880e-07 9.998240e-01
4.771761e-07 9.998261e-01
4.804870e-07 9.998283e-01
4.838210e-07 9.998304e-01
4.871780e-07 9.998325e-01
4.905584e-07 9.998346e-01
4.939622e-07 9.998366e-01
4.973896e-07 9.998386e-01
5.008408e-07 9.998406e-01
5.043159e-07 9.998426e-01
5.078152e-07 9.998445e-01
5.113388e-07 9.998465e-01
5.148867e-07 9.998484e-01
5.184594e-07 9.998502e-01
5.220568e-07 9.998521e-01
5.256791e-07 9.998539e-01
5.293266e-07 9.998557e-01
5.329994e-07 9.998575e-01
5.366977e-07 9.998593e-01
5.404216e-07 9.998610e-01
5.441714e-07 9.998627e-01
5.479472e-07 9.998644e-01
5.517492e-07 9.998661e-01
5.555776e-07 9.998677e-01
5.594326e-07 9.998694e-01
5.633143e-07 9.998710e-01
5.672229e-07 9.998726e-01
5.711586e-07 9.998742e-01
5.751217e-07 9.998757e-01
5.791123e-07 9.998773e-01
5.831305e-07 9.998788e-01
5.871766e-07 9.998803e-01
5.912508e-07 9.998817e-01
5.953533e-07 9.998832e-01
5.994843e-07 9.998847e-01
6.036439e-07 9.998861e-01
6.078323e-07 9.998875e-01
6.120498e-07 9.998889e-01
6.162966e-07 9.998902e-01
6.205729e-07 9.998916e-01
6.248788e-07 9.998929e-01
6.292146e-07 9.998943e-01
6.335805e-07 9.998956e-01
6.379767e-07 9.998969e-01
6.424034e-07 9.998981e-01
6.468608e-07 9.998994e-01
6.513491e-07 9.999006e-01
6.558686e-07 9.999019e-01
6.604194e-07 9.999031e-01
6.650018e-07 9.999043e-01
6.696160e-07 9.999055e-01
6.742622e-07 9.999066e-01
6.789407e-07 9.999078e-01
6.836516e-07 9.999089e-01
6.883952e-07 9.999100e-01
6.931717e-07 9.999112e-01
6.979814e-07 9.999123e-01
7.028244e-07 9.999133e-01
7.077011e-07 9.999144e-01
7.126115e-07 9.999155e-01
7.175561e-07 9.999165e-01
7.225349e-07 9.999175e-01
7.275484e-07 9.999186e-01
7.325965e-07 9.999196e-01
7.376798e-07 9.999206e-01
7.427982e-07 9.999215e-01
7.479523e-07 9.999225e-01
7.531420e-07 9.999235e-01
7.583678e-07 9.999244e-01
7.636298e-07 9.999254e-01
7.689284e-07 9.999263e-01
7.742637e-07 9.999272e-01
7.796360e-07 9.999281e-01
7.850456e-07 9.999290e-01
7.904928e-07 9.999299e-01
7.959777e-07 9.999307e-01
8.015007e-07 9.999316e-01
8.070620e-07 9.999324e-01
8.126619e-07 9.999333e-01
8.183007e-07 9.999341e-01
8.239786e-07 9.999349e-01
8.296959e-07 9.999357e-01
8.354528e-07 9.999365e-01
8.412497e-07 9.999373e-01
8.470868e-07 9.999381e-01
8.529644e-07 9.999388e-01
8.588829e-07 9.999396e-01
8.648423e-07 9.999403e-01
8.708431e-07 9.999411e-01
8.768856e-07 9.999418e-01
8.829700e-07 9.999425e-01
8.890966e-07 9.999432e-01
8.952657e-07 9.999439e-01
9.014776e-07 9.999446e-01
9.077327e-07 9.999453e-01
9.140311e-07 9.999460e-01
9.203732e-07 9.999466e-01
9.267593e-07 9.999473e-01
9.331898e-07 9.999480e-01
9.396648e-07 9.999486e-01
9.461848e-07 9.999492e-01
9.527500e-07 9.999499e-01
9.593608e-07 9.999505e-01
9.660175e-07 9.999511e-01
9.727203e-07 9.999517e-01
9.794697e-07 9.999523e-01
9.862658e-07 9.999529e-01
9.931092e-07 9.999535e-01
1.000000e-06 9.999540e-01
