# Models: CSH4Poles(2) CSH4Poles(3) CSH4Poles(4) CSH4Poles(5)
# Names: q_CH(1) x(2) z(3) V(4) q_SH(5)
1.000000e-20 5.019856e-22 6.325044e-22 2.900000e-02 1.000000e+00
1.047129e-20 5.378875e-22 6.777409e-22 2.900000e-02 1.000000e+00
1.096478e-20 5.763561e-22 7.262116e-22 2.900000e-02 1.000000e+00
1.148154e-20 6.175770e-22 7.781502e-22 2.900000e-02 1.000000e+00
1.202264e-20 6.617448e-22 8.338018e-22 2.900000e-02 1.000000e+00
1.258925e-20 7.090722e-22 8.934346e-22 2.900000e-02 1.000000e+00
1.318257e-20 7.597849e-22 9.573329e-22 2.900000e-02 1.000000e+00
1.380384e-20 8.141235e-22 1.025800e-21 2.900000e-02 1.000000e+00
1.445440e-20 8.723493e-22 1.099165e-21 2.900000e-02 1.000000e+00
1.513561e-20 9.347384e-22 1.177775e-21 2.900000e-02 1.000000e+00
1.584893e-20 1.001590e-21 1.262009e-21 2.900000e-02 1.000000e+00
1.659587e-20 1.073223e-21 1.352266e-21 2.900000e-02 1.000000e+00
1.737801e-20 1.149979e-21 1.448979e-21 2.900000e-02 1.000000e+00
1.819701e-20 1.232224e-21 1.552609e-21 2.900000e-02 1.000000e+00
1.905461e-20 1.320352e-21 1.663650e-21 2.900000e-02 1.000000e+00
1.995262e-20 1.414782e-21 1.782632e-21 2.900000e-02 1.000000e+00
2.089296e-20 1.515966e-21 1.910124e-21 2.900000e-02 1.000000e+00
2.187762e-20 1.624386e-21 2.046735e-21 2.900000e-02 1.000000e+00
2.290868e-20 1.740561e-21 2.193116e-21 2.900000e-02 1.000000e+00
2.398833e-20 1.865044e-21 2.349965e-21 2.900000e-02 1.000000e+00
2.511886e-20 1.998429e-21 2.518031e-21 2.900000e-02 1.000000e+00
2.630268e-20 2.141356e-21 2.698119e-21 2.900000e-02 1.000000e+00
2.754229e-20 2.294504e-21 2.891086e-21 2.900000e-02 1.000000e+00
2.884032e-20 2.458604e-21 3.097854e-21 2.900000e-02 1.000000e+00
3.019952e-20 2.634441e-21 3.319409e-21 2.900000e-02 1.000000e+00
3.162278e-20 2.822854e-21 3.556810e-21 2.900000e-02 1.000000e+00
3.311311e-20 3.024741e-21 3.811188e-21 2.900000e-02 1.000000e+00
3.467369e-20 3.241068e-21 4.083762e-21 2.900000e-02 1.000000e+00
3.630781e-20 3.472866e-21 4.375829e-21 2.900000e-02 1.000000e+00
3.801894e-20 3.721241e-21 4.688783e-21 2.900000e-02 1.000000e+00
3.981072e-20 3.987381e-21 5.024120e-21 2.900000e-02 1.000000e+00
4.168694e-20 4.272555e-21 5.383440e-21 2.900000e-02 1.000000e+00
4.365158e-20 4.578123e-21 5.768458e-21 2.900000e-02 1.000000e+00
4.570882e-20 4.905546e-21 6.181013e-21 2.900000e-02 1.000000e+00
4.786301e-20 5.256386e-21 6.623073e-21 2.900000e-02 1.000000e+00
5.011872e-20 5.632317e-21 7.096748e-21 2.900000e-02 1.000000e+00
5.248075e-20 6.035136e-21 7.604302e-21 2.900000e-02 1.000000e+00
5.495409e-20 6.466763e-21 8.148153e-21 2.900000e-02 1.000000e+00
5.754399e-20 6.929258e-21 8.730900e-21 2.900000e-02 1.000000e+00
6.025596e-20 7.424833e-21 9.355326e-21 2.900000e-02 1.000000e+00
6.309573e-20 7.955848e-21 1.002441e-20 2.900000e-02 1.000000e+00
6.606934e-20 8.524843e-21 1.074134e-20 2.900000e-02 1.000000e+00
6.918310e-20 9.134532e-21 1.150956e-20 2.900000e-02 1.000000e+00
7.244360e-20 9.787825e-21 1.233271e-20 2.900000e-02 1.000000e+00
7.585776e-20 1.048784e-20 1.321473e-20 2.900000e-02 1.000000e+00
7.943282e-20 1.123792e-20 1.415984e-20 2.900000e-02 1.000000e+00
8.317638e-20 1.204165e-20 1.517253e-20 2.900000e-02 1.000000e+00
8.709636e-20 1.290285e-20 1.625766e-20 2.900000e-02 1.000000e+00
9.120108e-20 1.382565e-20 1.742039e-20 2.900000e-02 1.000000e+00
9.549926e-20 1.481445e-20 1.866628e-20 2.900000e-02 1.000000e+00
1.000000e-19 1.587396e-20 2.000127e-20 2.900000e-02 1.000000e+00
1.047129e-19 1.700926e-20 2.143176e-20 2.900000e-02 1.000000e+00
1.096478e-19 1.822573e-20 2.296452e-20 2.900000e-02 1.000000e+00
1.148154e-19 1.952923e-20 2.460693e-20 2.900000e-02 1.000000e+00
1.202264e-19 2.092592e-20 2.636677e-20 2.900000e-02 1.000000e+00
1.258925e-19 2.242253e-20 2.825250e-20 2.900000e-02 1.000000e+00
1.318257e-19 2.402618e-20 3.027311e-20 2.900000e-02 1.000000e+00
1.380384e-19 2.574450e-20 3.243820e-20 2.900000e-02 1.000000e+00
1.445440e-19 2.758573e-20 3.475816e-20 2.900000e-02 1.000000e+00
1.513561e-19 2.955862e-20 3.724401e-20 2.900000e-02 1.000000e+00
1.584893e-19 3.167263e-20 3.990767e-20 2.900000e-02 1.000000e+00
1.659587e-19 3.393783e-20 4.276184e-20 2.900000e-02 1.000000e+00
1.737801e-19 3.636504e-20 4.582013e-20 2.900000e-02 1.000000e+00
1.819701e-19 3.896583e-20 4.909714e-20 2.900000e-02 1.000000e+00
1.905461e-19 4.175263e-20 5.260852e-20 2.900000e-02 1.000000e+00
1.995262e-19 4.473871e-20 5.637101e-20 2.900000e-02 1.000000e+00
2.089296e-19 4.793839e-20 6.040261e-20 2.900000e-02 1.000000e+00
2.187762e-19 5.136692e-20 6.472257e-20 2.900000e-02 1.000000e+00
2.290868e-19 5.504063e-20 6.935147e-20 2.900000e-02 1.000000e+00
2.398833e-19 5.897707e-20 7.431140e-20 2.900000e-02 1.000000e+00
2.511886e-19 6.319503e-20 7.962606e-20 2.900000e-02 1.000000e+00
2.630268e-19 6.771469e-20 8.532086e-20 2.900000e-02 1.000000e+00
2.754229e-19 7.255759e-20 9.142293e-20 2.900000e-02 1.000000e+00
2.884032e-19 7.774685e-20 9.796142e-20 2.900000e-02 1.000000e+00
3.019952e-19 8.330722e-20 1.049675e-19 2.900000e-02 1.000000e+00
3.162278e-19 8.926527e-20 1.124747e-19 2.900000e-02 1.000000e+00
3.311311e-19 9.564941e-20 1.205187e-19 2.900000e-02 1.000000e+00
3.467369e-19 1.024902e-19 1.291382e-19 2.900000e-02 1.000000e+00
3.630781e-19 1.098202e-19 1.383740e-19 2.900000e-02 1.000000e+00
3.801894e-19 1.176744e-19 1.482703e-19 2.900000e-02 1.000000e+00
3.981072e-19 1.260904e-19 1.588745e-19 2.900000e-02 1.000000e+00
4.168694e-19 1.351082e-19 1.702370e-19 2.900000e-02 1.000000e+00
4.365158e-19 1.447710e-19 1.824122e-19 2.900000e-02 1.000000e+00
4.570882e-19 1.551249e-19 1.954582e-19 2.900000e-02 1.000000e+00
4.786301e-19 1.662193e-19 2.094372e-19 2.900000e-02 1.000000e+00
5.011872e-19 1.781071e-19 2.244159e-19 2.900000e-02 1.000000e+00
5.248075e-19 1.908452e-19 2.404659e-19 2.900000e-02 1.000000e+00
5.495409e-19 2.044943e-19 2.576638e-19 2.900000e-02 1.000000e+00
5.754399e-19 2.191195e-19 2.760916e-19 2.900000e-02 1.000000e+00
6.025596e-19 2.347907e-19 2.958375e-19 2.900000e-02 1.000000e+00
6.309573e-19 2.515827e-19 3.169954e-19 2.900000e-02 1.000000e+00
6.606934e-19 2.695756e-19 3.396666e-19 2.900000e-02 1.000000e+00
6.918310e-19 2.888554e-19 3.639593e-19 2.900000e-02 1.000000e+00
7.244360e-19 3.095141e-19 3.899893e-19 2.900000e-02 1.000000e+00
7.585776e-19 3.316502e-19 4.178810e-19 2.900000e-02 1.000000e+00
7.943282e-19 3.553695e-19 4.477674e-19 2.900000e-02 1.000000e+00
8.317638e-19 3.807852e-19 4.797913e-19 2.900000e-02 1.000000e+00
8.709636e-19 4.080186e-19 5.141055e-19 2.900000e-02 1.000000e+00
9.120108e-19 4.371997e-19 5.508738e-19 2.900000e-02 1.000000e+00
9.549926e-19 4.684678e-19 5.902718e-19 2.900000e-02 1.000000e+00
1.000000e-18 5.019722e-19 6.324875e-19 2.900000e-02 1.000000e+00
1.047129e-18 5.378731e-19 6.777228e-19 2.900000e-02 1.000000e+00
1.096478e-18 5.763407e-19 7.261922e-19 2.900000e-02 1.000000e+00
1.148154e-18 6.175605e-19 7.781293e-19 2.900000e-02 1.000000e+00
1.202264e-18 6.617272e-19 8.337795e-19 2.900000e-02 1.000000e+00
1.258925e-18 7.090533e-19 8.934107e-19 2.900000e-02 1.000000e+00
1.318257e-18 7.597647e-19 9.573073e-19 2.900000e-02 1.000000e+00
1.380384e-18 8.141018e-19 1.025772e-18 2.900000e-02 1.000000e+00
1.445440e-18 8.723261e-19 1.099135e-18 2.900000e-02 1.000000e+00
1.513561e-18 9.347135e-19 1.177744e-18 2.900000e-02 1.000000e+00
1.584893e-18 1.001563e-18 1.261975e-18 2.900000e-02 1.000000e+00
1.659587e-18 1.073195e-18 1.352231e-18 2.900000e-02 1.000000e+00
1.737801e-18 1.149948e-18 1.448941e-18 2.900000e-02 1.000000e+00
1.819701e-18 1.232192e-18 1.552568e-18 2.900000e-02 1.000000e+00
1.905461e-18 1.320317e-18 1.663606e-18 2.900000e-02 1.000000e+00
1.995262e-18 1.414744e-18 1.782585e-18 2.900000e-02 1.000000e+00
2.089296e-18 1.515925e-18 1.910074e-18 2.900000e-02 1.000000e+00
2.187762e-18 1.624344e-18 2.046681e-18 2.900000e-02 1.000000e+00
2.290868e-18 1.740515e-18 2.193058e-18 2.900000e-02 1.000000e+00
2.398833e-18 1.864995e-18 2.349903e-18 2.900000e-02 1.000000e+00
2.511886e-18 1.998377e-18 2.517965e-18 2.900000e-02 1.000000e+00
2.630268e-18 2.141299e-18 2.698048e-18 2.900000e-02 1.000000e+00
2.754229e-18 2.294443e-18 2.891010e-18 2.900000e-02 1.000000e+00
2.884032e-18 2.458540e-18 3.097773e-18 2.900000e-02 1.000000e+00
3.019952e-18 2.634372e-18 3.319322e-18 2.900000e-02 1.000000e+00
3.162278e-18 2.822780e-18 3.556717e-18 2.900000e-02 1.000000e+00
3.311311e-18 3.024662e-18 3.811089e-18 2.900000e-02 1.000000e+00
3.467369e-18 3.240984e-18 4.083656e-18 2.900000e-02 1.000000e+00
3.630781e-18 3.472776e-18 4.375715e-18 2.900000e-02 1.000000e+00
3.801894e-18 3.721145e-18 4.688661e-18 2.900000e-02 1.000000e+00
3.981072e-18 3.987278e-18 5.023990e-18 2.900000e-02 1.000000e+00
4.168694e-18 4.272444e-18 5.383301e-18 2.900000e-02 1.000000e+00
4.365158e-18 4.578004e-18 5.768308e-18 2.900000e-02 1.000000e+00
4.570882e-18 4.905419e-18 6.180853e-18 2.900000e-02 1.000000e+00
4.786301e-18 5.256250e-18 6.622902e-18 2.900000e-02 1.000000e+00
5.011872e-18 5.632172e-18 7.096565e-18 2.900000e-02 1.000000e+00
5.248075e-18 6.034981e-18 7.604106e-18 2.900000e-02 1.000000e+00
5.495409e-18 6.466596e-18 8.147944e-18 2.900000e-02 1.000000e+00
5.754399e-18 6.929080e-18 8.730676e-18 2.900000e-02 1.000000e+00
6.025596e-18 7.424643e-18 9.355087e-18 2.900000e-02 1.000000e+00
6.309573e-18 7.955645e-18 1.002415e-17 2.900000e-02 1.000000e+00
6.606934e-18 8.524625e-18 1.074107e-17 2.900000e-02 1.000000e+00
6.918310e-18 9.134300e-18 1.150926e-17 2.900000e-02 1.000000e+00
7.244360e-18 9.787577e-18 1.233240e-17 2.900000e-02 1.000000e+00
7.585776e-18 1.048757e-17 1.321440e-17 2.900000e-02 1.000000e+00
7.943282e-18 1.123764e-17 1.415948e-17 2.900000e-02 1.000000e+00
8.317638e-18 1.204134e-17 1.517215e-17 2.900000e-02 1.000000e+00
8.709636e-18 1.290253e-17 1.625725e-17 2.900000e-02 1.000000e+00
9.120108e-18 1.382530e-17 1.741995e-17 2.900000e-02 1.000000e+00
9.549926e-18 1.481408e-17 1.866581e-17 2.900000e-02 1.000000e+00
1.000000e-17 1.587357e-17 2.000077e-17 2.900000e-02 1.000000e+00
1.047129e-17 1.700884e-17 2.143122e-17 2.900000e-02 1.000000e+00
1.096478e-17 1.822528e-17 2.296394e-17 2.900000e-02 1.000000e+00
1.148154e-17 1.952875e-17 2.460632e-17 2.900000e-02 1.000000e+00
1.202264e-17 2.092541e-17 2.636612e-17 2.900000e-02 1.000000e+00
1.258925e-17 2.242197e-17 2.825180e-17 2.900000e-02 1.000000e+00
1.318257e-17 2.402559e-17 3.027237e-17 2.900000e-02 1.000000e+00
1.380384e-17 2.574387e-17 3.243740e-17 2.900000e-02 1.000000e+00
1.445440e-17 2.758506e-17 3.475731e-17 2.900000e-02 1.000000e+00
1.513561e-17 2.955790e-17 3.724311e-17 2.900000e-02 1.000000e+00
1.584893e-17 3.167186e-17 3.990670e-17 2.900000e-02 1.000000e+00
1.659587e-17 3.393701e-17 4.276080e-17 2.900000e-02 1.000000e+00
1.737801e-17 3.636416e-17 4.581902e-17 2.900000e-02 1.000000e+00
1.819701e-17 3.896489e-17 4.909596e-17 2.900000e-02 1.000000e+00
1.905461e-17 4.175163e-17 5.260726e-17 2.900000e-02 1.000000e+00
1.995262e-17 4.473765e-17 5.636966e-17 2.900000e-02 1.000000e+00
2.089296e-17 4.793725e-17 6.040117e-17 2.900000e-02 1.000000e+00
2.187762e-17 5.136570e-17 6.472104e-17 2.900000e-02 1.000000e+00
2.290868e-17 5.503932e-17 6.934983e-17 2.900000e-02 1.000000e+00
2.398833e-17 5.897568e-17 7.430965e-17 2.900000e-02 1.000000e+00
2.511886e-17 6.319355e-17 7.962419e-17 2.900000e-02 1.000000e+00
2.630268e-17 6.771311e-17 8.531886e-17 2.900000e-02 1.000000e+00
2.754229e-17 7.255591e-17 9.142081e-17 2.900000e-02 1.000000e+00
2.884032e-17 7.774505e-17 9.795915e-17 2.900000e-02 1.000000e+00
3.019952e-17 8.330530e-17 1.049651e-16 2.900000e-02 1.000000e+00
3.162278e-17 8.926322e-17 1.124721e-16 2.900000e-02 1.000000e+00
3.311311e-17 9.564723e-17 1.205160e-16 2.900000e-02 1.000000e+00
3.467369e-17 1.024879e-16 1.291352e-16 2.900000e-02 1.000000e+00
3.630781e-17 1.098177e-16 1.383709e-16 2.900000e-02 1.000000e+00
3.801894e-17 1.176718e-16 1.482670e-16 2.900000e-02 1.000000e+00
3.981072e-17 1.260876e-16 1.588710e-16 2.900000e-02 1.000000e+00
4.168694e-17 1.351052e-16 1.702333e-16 2.900000e-02 1.000000e+00
4.365158e-17 1.447678e-16 1.824082e-16 2.900000e-02 1.000000e+00
4.570882e-17 1.551215e-16 1.954539e-16 2.900000e-02 1.000000e+00
4.786301e-17 1.662157e-16 2.094326e-16 2.900000e-02 1.000000e+00
5.011872e-17 1.781032e-16 2.244110e-16 2.900000e-02 1.000000e+00
5.248075e-17 1.908411e-16 2.404607e-16 2.900000e-02 1.000000e+00
5.495409e-17 2.044899e-16 2.576583e-16 2.900000e-02 1.000000e+00
5.754399e-17 2.191148e-16 2.760857e-16 2.900000e-02 1.000000e+00
6.025596e-17 2.347857e-16 2.958312e-16 2.900000e-02 1.000000e+00
6.309573e-17 2.515774e-16 3.169888e-16 2.900000e-02 1.000000e+00
6.606934e-17 2.695700e-16 3.396595e-16 2.900000e-02 1.000000e+00
6.918310e-17 2.888495e-16 3.639518e-16 2.900000e-02 1.000000e+00
7.244360e-17 3.095077e-16 3.899813e-16 2.900000e-02 1.000000e+00
7.585776e-17 3.316435e-16 4.178725e-16 2.900000e-02 1.000000e+00
7.943282e-17 3.553623e-16 4.477583e-16 2.900000e-02 1.000000e+00
8.317638e-17 3.807776e-16 4.797817e-16 2.900000e-02 1.000000e+00
8.709636e-17 4.080105e-16 5.140953e-16 2.900000e-02 1.000000e+00
9.120108e-17 4.371911e-16 5.508629e-16 2.900000e-02 1.000000e+00
9.549926e-17 4.684587e-16 5.902603e-16 2.900000e-02 1.000000e+00
1.000000e-16 5.019625e-16 6.324752e-16 2.900000e-02 1.000000e+00
1.047129e-16 5.378628e-16 6.777098e-16 2.900000e-02 1.000000e+00
1.096478e-16 5.763298e-16 7.261785e-16 2.900000e-02 1.000000e+00
1.148154e-16 6.175489e-16 7.781148e-16 2.900000e-02 1.000000e+00
1.202264e-16 6.617149e-16 8.337641e-16 2.900000e-02 1.000000e+00
1.258925e-16 7.090403e-16 8.933944e-16 2.900000e-02 1.000000e+00
1.318257e-16 7.597509e-16 9.572900e-16 2.900000e-02 1.000000e+00
1.380384e-16 8.140873e-16 1.025754e-15 2.900000e-02 1.000000e+00
1.445440e-16 8.723107e-16 1.099116e-15 2.900000e-02 1.000000e+00
1.513561e-16 9.346973e-16 1.177723e-15 2.900000e-02 1.000000e+00
1.584893e-16 1.001546e-15 1.261953e-15 2.900000e-02 1.000000e+00
1.659587e-16 1.073176e-15 1.352208e-15 2.900000e-02 1.000000e+00
1.737801e-16 1.149929e-15 1.448917e-15 2.900000e-02 1.000000e+00
1.819701e-16 1.232171e-15 1.552542e-15 2.900000e-02 1.000000e+00
1.905461e-16 1.320296e-15 1.663579e-15 2.900000e-02 1.000000e+00
1.995262e-16 1.414722e-15 1.782556e-15 2.900000e-02 1.000000e+00
2.089296e-16 1.515902e-15 1.910044e-15 2.900000e-02 1.000000e+00
2.187762e-16 1.624319e-15 2.046650e-15 2.900000e-02 1.000000e+00
2.290868e-16 1.740489e-15 2.193025e-15 2.900000e-02 1.000000e+00
2.398833e-16 1.864967e-15 2.349868e-15 2.900000e-02 1.000000e+00
2.511886e-16 1.998348e-15 2.517928e-15 2.900000e-02 1.000000e+00
2.630268e-16 2.141269e-15 2.698010e-15 2.900000e-02 1.000000e+00
2.754229e-16 2.294412e-15 2.890970e-15 2.900000e-02 1.000000e+00
2.884032e-16 2.458507e-15 3.097731e-15 2.900000e-02 1.000000e+00
3.019952e-16 2.634337e-15 3.319278e-15 2.900000e-02 1.000000e+00
3.162278e-16 2.822744e-15 3.556671e-15 2.900000e-02 1.000000e+00
3.311311e-16 3.024624e-15 3.811041e-15 2.900000e-02 1.000000e+00
3.467369e-16 3.240944e-15 4.083606e-15 2.900000e-02 1.000000e+00
3.630781e-16 3.472735e-15 4.375663e-15 2.900000e-02 1.000000e+00
3.801894e-16 3.721102e-15 4.688607e-15 2.900000e-02 1.000000e+00
3.981072e-16 3.987234e-15 5.023935e-15 2.900000e-02 1.000000e+00
4.168694e-16 4.272398e-15 5.383243e-15 2.900000e-02 1.000000e+00
4.365158e-16 4.577957e-15 5.768249e-15 2.900000e-02 1.000000e+00
4.570882e-16 4.905371e-15 6.180792e-15 2.900000e-02 1.000000e+00
4.786301e-16 5.256201e-15 6.622839e-15 2.900000e-02 1.000000e+00
5.011872e-16 5.632121e-15 7.096501e-15 2.900000e-02 1.000000e+00
5.248075e-16 6.034929e-15 7.604041e-15 2.900000e-02 1.000000e+00
5.495409e-16 6.466544e-15 8.147878e-15 2.900000e-02 1.000000e+00
5.754399e-16 6.929027e-15 8.730609e-15 2.900000e-02 1.000000e+00
6.025596e-16 7.424589e-15 9.355020e-15 2.900000e-02 1.000000e+00
6.309573e-16 7.955591e-15 1.002409e-14 2.900000e-02 1.000000e+00
6.606934e-16 8.524572e-15 1.074100e-14 2.900000e-02 1.000000e+00
6.918310e-16 9.134248e-15 1.150920e-14 2.900000e-02 1.000000e+00
7.244360e-16 9.787526e-15 1.233233e-14 2.900000e-02 1.000000e+00
7.585776e-16 1.048753e-14 1.321434e-14 2.900000e-02 1.000000e+00
7.943282e-16 1.123759e-14 1.415942e-14 2.900000e-02 1.000000e+00
8.317638e-16 1.204130e-14 1.517210e-14 2.900000e-02 1.000000e+00
8.709636e-16 1.290249e-14 1.625720e-14 2.900000e-02 1.000000e+00
9.120108e-16 1.382527e-14 1.741991e-14 2.900000e-02 1.000000e+00
9.549926e-16 1.481405e-14 1.866578e-14 2.900000e-02 1.000000e+00
1.000000e-15 1.587355e-14 2.000075e-14 2.900000e-02 1.000000e+00
1.047129e-15 1.700883e-14 2.143121e-14 2.900000e-02 1.000000e+00
1.096478e-15 1.822528e-14 2.296394e-14 2.900000e-02 1.000000e+00
1.148154e-15 1.952876e-14 2.460634e-14 2.900000e-02 1.000000e+00
1.202264e-15 2.092543e-14 2.636615e-14 2.900000e-02 1.000000e+00
1.258925e-15 2.242202e-14 2.825185e-14 2.900000e-02 1.000000e+00
1.318257e-15 2.402565e-14 3.027245e-14 2.900000e-02 1.000000e+00
1.380384e-15 2.574395e-14 3.243751e-14 2.900000e-02 1.000000e+00
1.445440e-15 2.758517e-14 3.475745e-14 2.900000e-02 1.000000e+00
1.513561e-15 2.955804e-14 3.724328e-14 2.900000e-02 1.000000e+00
1.584893e-15 3.167203e-14 3.990692e-14 2.900000e-02 1.000000e+00
1.659587e-15 3.393722e-14 4.276107e-14 2.900000e-02 1.000000e+00
1.737801e-15 3.636441e-14 4.581935e-14 2.900000e-02 1.000000e+00
1.819701e-15 3.896519e-14 4.909634e-14 2.900000e-02 1.000000e+00
1.905461e-15 4.175199e-14 5.260772e-14 2.900000e-02 1.000000e+00
1.995262e-15 4.473807e-14 5.637020e-14 2.900000e-02 1.000000e+00
2.089296e-15 4.793775e-14 6.040180e-14 2.900000e-02 1.000000e+00
2.187762e-15 5.136628e-14 6.472177e-14 2.900000e-02 1.000000e+00
2.290868e-15 5.504000e-14 6.935067e-14 2.900000e-02 1.000000e+00
2.398833e-15 5.897645e-14 7.431063e-14 2.900000e-02 1.000000e+00
2.511886e-15 6.319444e-14 7.962531e-14 2.900000e-02 1.000000e+00
2.630268e-15 6.771413e-14 8.532015e-14 2.900000e-02 1.000000e+00
2.754229e-15 7.255707e-14 9.142227e-14 2.900000e-02 1.000000e+00
2.884032e-15 7.774638e-14 9.796082e-14 2.900000e-02 1.000000e+00
3.019952e-15 8.330681e-14 1.049670e-13 2.900000e-02 1.000000e+00
3.162278e-15 8.926493e-14 1.124743e-13 2.900000e-02 1.000000e+00
3.311311e-15 9.564916e-14 1.205184e-13 2.900000e-02 1.000000e+00
3.467369e-15 1.024901e-13 1.291380e-13 2.900000e-02 1.000000e+00
3.630781e-15 1.098202e-13 1.383740e-13 2.900000e-02 1.000000e+00
3.801894e-15 1.176745e-13 1.482705e-13 2.900000e-02 1.000000e+00
3.981072e-15 1.260907e-13 1.588749e-13 2.900000e-02 1.000000e+00
4.168694e-15 1.351087e-13 1.702377e-13 2.900000e-02 1.000000e+00
4.365158e-15 1.447718e-13 1.824132e-13 2.900000e-02 1.000000e+00
4.570882e-15 1.551259e-13 1.954595e-13 2.900000e-02 1.000000e+00
4.786301e-15 1.662206e-13 2.094388e-13 2.900000e-02 1.000000e+00
5.011872e-15 1.781088e-13 2.244180e-13 2.900000e-02 1.000000e+00
5.248075e-15 1.908473e-13 2.404686e-13 2.900000e-02 1.000000e+00
5.495409e-15 2.044968e-13 2.576670e-13 2.900000e-02 1.000000e+00
5.754399e-15 2.191226e-13 2.760955e-13 2.900000e-02 1.000000e+00
6.025596e-15 2.347944e-13 2.958421e-13 2.900000e-02 1.000000e+00
6.309573e-15 2.515871e-13 3.170010e-13 2.900000e-02 1.000000e+00
6.606934e-15 2.695808e-13 3.396731e-13 2.900000e-02 1.000000e+00
6.918310e-15 2.888615e-13 3.639669e-13 2.900000e-02 1.000000e+00
7.244360e-15 3.095211e-13 3.899982e-13 2.900000e-02 1.000000e+00
7.585776e-15 3.316584e-13 4.178912e-13 2.900000e-02 1.000000e+00
7.943282e-15 3.553789e-13 4.477792e-13 2.900000e-02 1.000000e+00
8.317638e-15 3.807960e-13 4.798049e-13 2.900000e-02 1.000000e+00
8.709636e-15 4.080309e-13 5.141210e-13 2.900000e-02 1.000000e+00
9.120108e-15 4.372137e-13 5.508915e-13 2.900000e-02 1.000000e+00
9.549926e-15 4.684838e-13 5.902920e-13 2.900000e-02 1.000000e+00
1.000000e-14 5.019904e-13 6.325104e-13 2.900000e-02 1.000000e+00
1.047129e-14 5.378937e-13 6.777488e-13 2.900000e-02 1.000000e+00
1.096478e-14 5.763641e-13 7.262217e-13 2.900000e-02 1.000000e+00
1.148154e-14 6.175870e-13 7.781627e-13 2.900000e-02 1.000000e+00
1.202264e-14 6.617570e-13 8.338172e-13 2.900000e-02 1.000000e+00
1.258925e-14 7.090869e-13 8.934531e-13 2.900000e-02 1.000000e+00
1.318257e-14 7.598026e-13 9.573550e-13 2.900000e-02 1.000000e+00
1.380384e-14 8.141444e-13 1.025826e-12 2.900000e-02 1.000000e+00
1.445440e-14 8.723739e-13 1.099195e-12 2.900000e-02 1.000000e+00
1.513561e-14 9.347672e-13 1.177811e-12 2.900000e-02 1.000000e+00
1.584893e-14 1.001624e-12 1.262051e-12 2.900000e-02 1.000000e+00
1.659587e-14 1.073262e-12 1.352315e-12 2.900000e-02 1.000000e+00
1.737801e-14 1.150024e-12 1.449036e-12 2.900000e-02 1.000000e+00
1.819701e-14 1.232276e-12 1.552674e-12 2.900000e-02 1.000000e+00
1.905461e-14 1.320411e-12 1.663724e-12 2.900000e-02 1.000000e+00
1.995262e-14 1.414849e-12 1.782717e-12 2.900000e-02 1.000000e+00
2.089296e-14 1.516042e-12 1.910221e-12 2.900000e-02 1.000000e+00
2.187762e-14 1.624474e-12 2.046845e-12 2.900000e-02 1.000000e+00
2.290868e-14 1.740660e-12 2.193240e-12 2.900000e-02 1.000000e+00
2.398833e-14 1.865156e-12 2.350106e-12 2.900000e-02 1.000000e+00
2.511886e-14 1.998556e-12 2.518191e-12 2.900000e-02 1.000000e+00
2.630268e-14 2.141499e-12 2.698299e-12 2.900000e-02 1.000000e+00
2.754229e-14 2.294665e-12 2.891290e-12 2.900000e-02 1.000000e+00
2.884032e-14 2.458786e-12 3.098083e-12 2.900000e-02 1.000000e+00
3.019952e-14 2.634646e-12 3.319667e-12 2.900000e-02 1.000000e+00
3.162278e-14 2.823083e-12 3.557099e-12 2.900000e-02 1.000000e+00
3.311311e-14 3.024998e-12 3.811513e-12 2.900000e-02 1.000000e+00
3.467369e-14 3.241357e-12 4.084126e-12 2.900000e-02 1.000000e+00
3.630781e-14 3.473189e-12 4.376236e-12 2.900000e-02 1.000000e+00
3.801894e-14 3.721603e-12 4.689239e-12 2.900000e-02 1.000000e+00
3.981072e-14 3.987786e-12 5.024630e-12 2.900000e-02 1.000000e+00
4.168694e-14 4.273006e-12 5.384009e-12 2.900000e-02 1.000000e+00
4.365158e-14 4.578627e-12 5.769093e-12 2.900000e-02 1.000000e+00
4.570882e-14 4.906108e-12 6.181721e-12 2.900000e-02 1.000000e+00
4.786301e-14 5.257013e-12 6.623862e-12 2.900000e-02 1.000000e+00
5.011872e-14 5.633015e-12 7.097627e-12 2.900000e-02 1.000000e+00
5.248075e-14 6.035913e-12 7.605281e-12 2.900000e-02 1.000000e+00
5.495409e-14 6.467627e-12 8.149242e-12 2.900000e-02 1.000000e+00
5.754399e-14 6.930219e-12 8.732111e-12 2.900000e-02 1.000000e+00
6.025596e-14 7.425901e-12 9.356672e-12 2.900000e-02 1.000000e+00
6.309573e-14 7.957035e-12 1.002590e-11 2.900000e-02 1.000000e+00
6.606934e-14 8.526160e-12 1.074300e-11 2.900000e-02 1.000000e+00
6.918310e-14 9.135995e-12 1.151140e-11 2.900000e-02 1.000000e+00
7.244360e-14 9.789448e-12 1.233475e-11 2.900000e-02 1.000000e+00
7.585776e-14 1.048964e-11 1.321700e-11 2.900000e-02 1.000000e+00
7.943282e-14 1.123991e-11 1.416235e-11 2.900000e-02 1.000000e+00
8.317638e-14 1.204386e-11 1.517532e-11 2.900000e-02 1.000000e+00
8.709636e-14 1.290530e-11 1.626074e-11 2.900000e-02 1.000000e+00
9.120108e-14 1.382836e-11 1.742380e-11 2.900000e-02 1.000000e+00
9.549926e-14 1.481745e-11 1.867006e-11 2.900000e-02 1.000000e+00
1.000000e-13 1.587728e-11 2.000546e-11 2.900000e-02 1.000000e+00
1.047129e-13 1.701294e-11 2.143639e-11 2.900000e-02 1.000000e+00
1.096478e-13 1.822980e-11 2.296964e-11 2.900000e-02 1.000000e+00
1.148154e-13 1.953373e-11 2.461260e-11 2.900000e-02 1.000000e+00
1.202264e-13 2.093089e-11 2.637303e-11 2.900000e-02 1.000000e+00
1.258925e-13 2.242802e-11 2.825942e-11 2.900000e-02 1.000000e+00
1.318257e-13 2.403225e-11 3.028076e-11 2.900000e-02 1.000000e+00
1.380384e-13 2.575120e-11 3.244664e-11 2.900000e-02 1.000000e+00
1.445440e-13 2.759313e-11 3.476749e-11 2.900000e-02 1.000000e+00
1.513561e-13 2.956680e-11 3.725431e-11 2.900000e-02 1.000000e+00
1.584893e-13 3.168165e-11 3.991904e-11 2.900000e-02 1.000000e+00
1.659587e-13 3.394779e-11 4.277439e-11 2.900000e-02 1.000000e+00
1.737801e-13 3.637603e-11 4.583398e-11 2.900000e-02 1.000000e+00
1.819701e-13 3.897795e-11 4.911242e-11 2.900000e-02 1.000000e+00
1.905461e-13 4.176600e-11 5.262538e-11 2.900000e-02 1.000000e+00
1.995262e-13 4.475347e-11 5.638959e-11 2.900000e-02 1.000000e+00
2.089296e-13 4.795466e-11 6.042311e-11 2.900000e-02 1.000000e+00
2.187762e-13 5.138485e-11 6.474517e-11 2.900000e-02 1.000000e+00
2.290868e-13 5.506040e-11 6.937638e-11 2.900000e-02 1.000000e+00
2.398833e-13 5.899886e-11 7.433886e-11 2.900000e-02 1.000000e+00
2.511886e-13 6.321905e-11 7.965632e-11 2.900000e-02 1.000000e+00
2.630268e-13 6.774116e-11 8.535420e-11 2.900000e-02 1.000000e+00
2.754229e-13 7.258675e-11 9.145968e-11 2.900000e-02 1.000000e+00
2.884032e-13 7.777897e-11 9.800190e-11 2.900000e-02 1.000000e+00
3.019952e-13 8.334260e-11 1.050121e-10 2.900000e-02 1.000000e+00
3.162278e-13 8.930424e-11 1.125238e-10 2.900000e-02 1.000000e+00
3.311311e-13 9.569233e-11 1.205728e-10 2.900000e-02 1.000000e+00
3.467369e-13 1.025374e-10 1.291977e-10 2.900000e-02 1.000000e+00
3.630781e-13 1.098722e-10 1.384395e-10 2.900000e-02 1.000000e+00
3.801894e-13 1.177317e-10 1.483425e-10 2.900000e-02 1.000000e+00
3.981072e-13 1.261534e-10 1.589539e-10 2.900000e-02 1.000000e+00
4.168694e-13 1.351776e-10 1.703245e-10 2.900000e-02 1.000000e+00
4.365158e-13 1.448474e-10 1.825084e-10 2.900000e-02 1.000000e+00
4.570882e-13 1.552089e-10 1.955640e-10 2.900000e-02 1.000000e+00
4.786301e-13 1.663117e-10 2.095536e-10 2.900000e-02 1.000000e+00
5.011872e-13 1.782088e-10 2.245440e-10 2.900000e-02 1.000000e+00
5.248075e-13 1.909571e-10 2.406069e-10 2.900000e-02 1.000000e+00
5.495409e-13 2.046173e-10 2.578189e-10 2.900000e-02 1.000000e+00
5.754399e-13 2.192548e-10 2.762622e-10 2.900000e-02 1.000000e+00
6.025596e-13 2.349396e-10 2.960251e-10 2.900000e-02 1.000000e+00
6.309573e-13 2.517464e-10 3.172017e-10 2.900000e-02 1.000000e+00
6.606934e-13 2.697557e-10 3.398935e-10 2.900000e-02 1.000000e+00
6.918310e-13 2.890534e-10 3.642088e-10 2.900000e-02 1.000000e+00
7.244360e-13 3.097318e-10 3.902636e-10 2.900000e-02 1.000000e+00
7.585776e-13 3.318896e-10 4.181825e-10 2.900000e-02 1.000000e+00
7.943282e-13 3.556326e-10 4.480989e-10 2.900000e-02 1.000000e+00
8.317638e-13 3.810745e-10 4.801558e-10 2.900000e-02 1.000000e+00
8.709636e-13 4.083365e-10 5.145061e-10 2.900000e-02 1.000000e+00
9.120108e-13 4.375491e-10 5.513141e-10 2.900000e-02 1.000000e+00
9.549926e-13 4.688519e-10 5.907557e-10 2.900000e-02 1.000000e+00
1.000000e-12 5.023942e-10 6.330193e-10 2.900000e-02 1.000000e+00
1.047129e-12 5.383369e-10 6.783072e-10 2.900000e-02 1.000000e+00
1.096478e-12 5.768504e-10 7.268344e-10 2.900000e-02 1.000000e+00
1.148154e-12 6.181206e-10 7.788351e-10 2.900000e-02 1.000000e+00
1.202264e-12 6.623425e-10 8.345549e-10 2.900000e-02 1.000000e+00
1.258925e-12 7.097294e-10 8.942626e-10 2.900000e-02 1.000000e+00
1.318257e-12 7.605075e-10 9.582433e-10 2.900000e-02 1.000000e+00
1.380384e-12 8.149179e-10 1.026801e-09 2.900000e-02 1.000000e+00
1.445440e-12 8.732226e-10 1.100265e-09 2.900000e-02 1.000000e+00
1.513561e-12 9.356983e-10 1.178985e-09 2.900000e-02 1.000000e+00
1.584893e-12 1.002645e-09 1.263338e-09 2.900000e-02 1.000000e+00
1.659587e-12 1.074383e-09 1.353728e-09 2.900000e-02 1.000000e+00
1.737801e-12 1.151253e-09 1.450585e-09 2.900000e-02 1.000000e+00
1.819701e-12 1.233625e-09 1.554374e-09 2.900000e-02 1.000000e+00
1.905461e-12 1.321891e-09 1.665589e-09 2.900000e-02 1.000000e+00
1.995262e-12 1.416473e-09 1.784763e-09 2.900000e-02 1.000000e+00
2.089296e-12 1.517824e-09 1.912466e-09 2.900000e-02 1.000000e+00
2.187762e-12 1.626428e-09 2.049308e-09 2.900000e-02 1.000000e+00
2.290868e-12 1.742804e-09 2.195942e-09 2.900000e-02 1.000000e+00
2.398833e-12 1.867508e-09 2.353070e-09 2.900000e-02 1.000000e+00
2.511886e-12 2.001137e-09 2.521442e-09 2.900000e-02 1.000000e+00
2.630268e-12 2.144330e-09 2.701866e-09 2.900000e-02 1.000000e+00
2.754229e-12 2.297771e-09 2.895203e-09 2.900000e-02 1.000000e+00
2.884032e-12 2.462193e-09 3.102376e-09 2.900000e-02 1.000000e+00
3.019952e-12 2.638383e-09 3.324375e-09 2.900000e-02 1.000000e+00
3.162278e-12 2.827183e-09 3.562265e-09 2.900000e-02 1.000000e+00
3.311311e-12 3.029495e-09 3.817179e-09 2.900000e-02 1.000000e+00
3.467369e-12 3.246290e-09 4.090341e-09 2.900000e-02 1.000000e+00
3.630781e-12 3.478600e-09 4.383054e-09 2.900000e-02 1.000000e+00
3.801894e-12 3.727538e-09 4.696717e-09 2.900000e-02 1.000000e+00
3.981072e-12 3.994296e-09 5.032833e-09 2.900000e-02 1.000000e+00
4.168694e-12 4.280148e-09 5.393008e-09 2.900000e-02 1.000000e+00
4.365158e-12 4.586460e-09 5.778963e-09 2.900000e-02 1.000000e+00
4.570882e-12 4.914701e-09 6.192548e-09 2.900000e-02 1.000000e+00
4.786301e-12 5.266437e-09 6.635737e-09 2.900000e-02 1.000000e+00
5.011872e-12 5.643352e-09 7.110652e-09 2.900000e-02 1.000000e+00
5.248075e-12 6.047251e-09 7.619567e-09 2.900000e-02 1.000000e+00
5.495409e-12 6.480064e-09 8.164913e-09 2.900000e-02 1.000000e+00
5.754399e-12 6.943860e-09 8.749299e-09 2.900000e-02 1.000000e+00
6.025596e-12 7.440863e-09 9.375524e-09 2.900000e-02 1.000000e+00
6.309573e-12 7.973445e-09 1.004658e-08 2.900000e-02 1.000000e+00
6.606934e-12 8.544159e-09 1.076568e-08 2.900000e-02 1.000000e+00
6.918310e-12 9.155736e-09 1.153627e-08 2.900000e-02 1.000000e+00
7.244360e-12 9.811100e-09 1.236204e-08 2.900000e-02 1.000000e+00
7.585776e-12 1.051339e-08 1.324692e-08 2.900000e-02 1.000000e+00
7.943282e-12 1.126596e-08 1.419517e-08 2.900000e-02 1.000000e+00
8.317638e-12 1.207242e-08 1.521131e-08 2.900000e-02 1.000000e+00
8.709636e-12 1.293663e-08 1.630022e-08 2.900000e-02 1.000000e+00
9.120108e-12 1.386272e-08 1.746710e-08 2.900000e-02 1.000000e+00
9.549926e-12 1.485514e-08 1.871755e-08 2.900000e-02 1.000000e+00
1.000000e-11 1.591862e-08 2.005754e-08 2.900000e-02 1.000000e+00
1.047129e-11 1.705827e-08 2.149351e-08 2.900000e-02 1.000000e+00
1.096478e-11 1.827952e-08 2.303228e-08 2.900000e-02 1.000000e+00
1.148154e-11 1.958826e-08 2.468130e-08 2.900000e-02 1.000000e+00
1.202264e-11 2.099069e-08 2.644838e-08 2.900000e-02 1.000000e+00
1.258925e-11 2.249360e-08 2.834205e-08 2.900000e-02 1.000000e+00
1.318257e-11 2.410418e-08 3.037139e-08 2.900000e-02 1.000000e+00
1.380384e-11 2.583008e-08 3.254604e-08 2.900000e-02 1.000000e+00
1.445440e-11 2.767965e-08 3.487650e-08 2.900000e-02 1.000000e+00
1.513561e-11 2.966168e-08 3.737386e-08 2.900000e-02 1.000000e+00
1.584893e-11 3.178570e-08 4.005015e-08 2.900000e-02 1.000000e+00
1.659587e-11 3.406191e-08 4.291817e-08 2.900000e-02 1.000000e+00
1.737801e-11 3.650117e-08 4.599166e-08 2.900000e-02 1.000000e+00
1.819701e-11 3.911520e-08 4.928535e-08 2.900000e-02 1.000000e+00
1.905461e-11 4.191652e-08 5.281502e-08 2.900000e-02 1.000000e+00
1.995262e-11 4.491853e-08 5.659758e-08 2.900000e-02 1.000000e+00
2.089296e-11 4.813568e-08 6.065120e-08 2.900000e-02 1.000000e+00
2.187762e-11 5.158337e-08 6.499530e-08 2.900000e-02 1.000000e+00
2.290868e-11 5.527810e-08 6.965069e-08 2.900000e-02 1.000000e+00
2.398833e-11 5.923761e-08 7.463968e-08 2.900000e-02 1.000000e+00
2.511886e-11 6.348087e-08 7.998621e-08 2.900000e-02 1.000000e+00
2.630268e-11 6.802828e-08 8.571598e-08 2.900000e-02 1.000000e+00
2.754229e-11 7.290162e-08 9.185641e-08 2.900000e-02 1.000000e+00
2.884032e-11 7.812427e-08 9.843698e-08 2.900000e-02 9.999999e-01
3.019952e-11 8.372127e-08 1.054892e-07 2.900000e-02 9.999999e-01
3.162278e-11 8.971950e-08 1.130470e-07 2.900000e-02 9.999999e-01
3.311311e-11 9.614770e-08 1.211466e-07 2.900000e-02 9.999999e-01
3.467369e-11 1.030368e-07 1.298269e-07 2.900000e-02 9.999999e-01
3.630781e-11 1.104198e-07 1.391296e-07 2.900000e-02 9.999999e-01
3.801894e-11 1.183322e-07 1.490992e-07 2.900000e-02 9.999999e-01
3.981072e-11 1.268120e-07 1.597837e-07 2.900000e-02 9.999999e-01
4.168694e-11 1.358998e-07 1.712344e-07 2.900000e-02 9.999999e-01
4.365158e-11 1.456393e-07 1.835063e-07 2.900000e-02 9.999999e-01
4.570882e-11 1.560774e-07 1.966583e-07 2.900000e-02 9.999999e-01
4.786301e-11 1.672641e-07 2.107536e-07 2.900000e-02 9.999999e-01
5.011872e-11 1.792531e-07 2.258599e-07 2.900001e-02 9.999999e-01
5.248075e-11 1.921023e-07 2.420499e-07 2.900001e-02 9.999999e-01
5.495409e-11 2.058731e-07 2.594012e-07 2.900001e-02 9.999999e-01
5.754399e-11 2.206319e-07 2.779974e-07 2.900001e-02 9.999999e-01
6.025596e-11 2.364497e-07 2.979278e-07 2.900001e-02 9.999998e-01
6.309573e-11 2.534024e-07 3.192883e-07 2.900001e-02 9.999998e-01
6.606934e-11 2.715716e-07 3.421815e-07 2.900001e-02 9.999998e-01
6.918310e-11 2.910447e-07 3.667178e-07 2.900001e-02 9.999998e-01
7.244360e-11 3.119154e-07 3.930149e-07 2.900001e-02 9.999998e-01
7.585776e-11 3.342840e-07 4.211995e-07 2.900001e-02 9.999998e-01
7.943282e-11 3.582583e-07 4.514072e-07 2.900001e-02 9.999998e-01
8.317638e-11 3.839537e-07 4.837836e-07 2.900001e-02 9.999997e-01
8.709636e-11 4.114938e-07 5.184842e-07 2.900001e-02 9.999997e-01
9.120108e-11 4.410112e-07 5.556764e-07 2.900001e-02 9.999997e-01
9.549926e-11 4.726483e-07 5.955392e-07 2.900001e-02 9.999997e-01
1.000000e-10 5.065572e-07 6.382647e-07 2.900001e-02 9.999997e-01
1.047129e-10 5.429019e-07 6.840591e-07 2.900002e-02 9.999996e-01
1.096478e-10 5.818561e-07 7.331416e-07 2.900002e-02 9.999996e-01
1.148154e-10 6.236096e-07 7.857512e-07 2.900002e-02 9.999996e-01
1.202264e-10 6.683615e-07 8.421389e-07 2.900002e-02 9.999996e-01
1.258925e-10 7.163295e-07 9.025788e-07 2.900002e-02 9.999995e-01
1.318257e-10 7.677448e-07 9.673623e-07 2.900002e-02 9.999995e-01
1.380384e-10 8.228539e-07 1.036800e-06 2.900002e-02 9.999995e-01
1.445440e-10 8.819247e-07 1.111230e-06 2.900003e-02 9.999994e-01
1.513561e-10 9.452406e-07 1.191008e-06 2.900003e-02 9.999994e-01
1.584893e-10 1.013109e-06 1.276522e-06 2.900003e-02 9.999993e-01
1.659587e-10 1.085856e-06 1.368184e-06 2.900003e-02 9.999993e-01
1.737801e-10 1.163835e-06 1.466437e-06 2.900003e-02 9.999992e-01
1.819701e-10 1.247420e-06 1.571756e-06 2.900004e-02 9.999992e-01
1.905461e-10 1.337018e-06 1.684650e-06 2.900004e-02 9.999991e-01
1.995262e-10 1.433060e-06 1.805663e-06 2.900004e-02 9.999990e-01
2.089296e-10 1.536012e-06 1.935383e-06 2.900005e-02 9.999990e-01
2.187762e-10 1.646372e-06 2.074438e-06 2.900005e-02 9.999989e-01
2.290868e-10 1.764673e-06 2.223497e-06 2.900005e-02 9.999988e-01
2.398833e-10 1.891488e-06 2.383285e-06 2.900006e-02 9.999987e-01
2.511886e-10 2.027431e-06 2.554574e-06 2.900006e-02 9.999987e-01
2.630268e-10 2.173162e-06 2.738195e-06 2.900006e-02 9.999986e-01
2.754229e-10 2.329386e-06 2.935038e-06 2.900007e-02 9.999985e-01
2.884032e-10 2.496859e-06 3.146055e-06 2.900007e-02 9.999983e-01
3.019952e-10 2.676394e-06 3.372271e-06 2.900008e-02 9.999982e-01
3.162278e-10 2.868863e-06 3.614782e-06 2.900008e-02 9.999981e-01
3.311311e-10 3.075198e-06 3.874765e-06 2.900009e-02 9.999980e-01
3.467369e-10 3.296403e-06 4.153484e-06 2.900010e-02 9.999978e-01
3.630781e-10 3.533550e-06 4.452290e-06 2.900010e-02 9.999977e-01
3.801894e-10 3.787790e-06 4.772635e-06 2.900011e-02 9.999975e-01
3.981072e-10 4.060362e-06 5.116077e-06 2.900012e-02 9.999973e-01
4.168694e-10 4.352589e-06 5.484284e-06 2.900013e-02 9.999971e-01
4.365158e-10 4.665892e-06 5.879047e-06 2.900014e-02 9.999969e-01
4.570882e-10 5.001797e-06 6.302289e-06 2.900015e-02 9.999967e-01
4.786301e-10 5.361937e-06 6.756068e-06 2.900016e-02 9.999964e-01
5.011872e-10 5.748067e-06 7.242593e-06 2.900017e-02 9.999962e-01
5.248075e-10 6.162070e-06 7.764239e-06 2.900018e-02 9.999959e-01
5.495409e-10 6.605960e-06 8.323543e-06 2.900019e-02 9.999956e-01
5.754399e-10 7.081903e-06 8.923233e-06 2.900021e-02 9.999953e-01
6.025596e-10 7.592224e-06 9.566240e-06 2.900022e-02 9.999950e-01
6.309573e-10 8.139409e-06 1.025570e-05 2.900024e-02 9.999946e-01
6.606934e-10 8.726134e-06 1.099497e-05 2.900026e-02 9.999942e-01
6.918310e-10 9.355267e-06 1.178768e-05 2.900028e-02 9.999938e-01
7.244360e-10 1.002988e-05 1.263770e-05 2.900029e-02 9.999934e-01
7.585776e-10 1.075327e-05 1.354918e-05 2.900032e-02 9.999929e-01
7.943282e-10 1.152898e-05 1.452658e-05 2.900034e-02 9.999924e-01
8.317638e-10 1.236082e-05 1.557469e-05 2.900036e-02 9.999918e-01
8.709636e-10 1.325285e-05 1.669865e-05 2.900039e-02 9.999912e-01
9.120108e-10 1.420944e-05 1.790396e-05 2.900042e-02 9.999906e-01
9.549926e-10 1.523529e-05 1.919655e-05 2.900045e-02 9.999899e-01
1.000000e-09 1.633544e-05 2.058273e-05 2.900048e-02 9.999892e-01
1.047129e-09 1.751529e-05 2.206936e-05 2.900051e-02 9.999884e-01
1.096478e-09 1.878061e-05 2.366366e-05 2.900055e-02 9.999876e-01
1.148154e-09 2.013768e-05 2.537357e-05 2.900059e-02 9.999867e-01
1.202264e-09 2.159310e-05 2.720741e-05 2.900063e-02 9.999857e-01
1.258925e-09 2.315410e-05 2.917428e-05 2.900068e-02 9.999847e-01
1.318257e-09 2.482836e-05 3.128386e-05 2.900073e-02 9.999836e-01
1.380384e-09 2.662409e-05 3.354649e-05 2.900078e-02 9.999824e-01
1.445440e-09 2.855021e-05 3.597341e-05 2.900084e-02 9.999811e-01
1.513561e-09 3.061617e-05 3.857653e-05 2.900090e-02 9.999798e-01
1.584893e-09 3.283222e-05 4.136876e-05 2.900097e-02 9.999783e-01
1.659587e-09 3.520931e-05 4.436391e-05 2.900104e-02 9.999767e-01
1.737801e-09 3.775918e-05 4.757676e-05 2.900111e-02 9.999751e-01
1.819701e-09 4.049447e-05 5.102323e-05 2.900119e-02 9.999733e-01
1.905461e-09 4.342873e-05 5.472042e-05 2.900128e-02 9.999713e-01
1.995262e-09 4.657649e-05 5.868661e-05 2.900137e-02 9.999693e-01
2.089296e-09 4.995342e-05 6.294156e-05 2.900147e-02 9.999670e-01
2.187762e-09 5.357628e-05 6.750639e-05 2.900158e-02 9.999647e-01
2.290868e-09 5.746305e-05 7.240374e-05 2.900169e-02 9.999621e-01
2.398833e-09 6.163308e-05 7.765799e-05 2.900181e-02 9.999594e-01
2.511886e-09 6.610713e-05 8.329532e-05 2.900194e-02 9.999564e-01
2.630268e-09 7.090756e-05 8.934388e-05 2.900208e-02 9.999533e-01
2.754229e-09 7.605826e-05 9.583379e-05 2.900224e-02 9.999499e-01
2.884032e-09 8.158495e-05 1.027975e-04 2.900240e-02 9.999463e-01
3.019952e-09 8.751525e-05 1.102697e-04 2.900257e-02 9.999424e-01
3.162278e-09 9.387884e-05 1.182878e-04 2.900276e-02 9.999382e-01
3.311311e-09 1.007076e-04 1.268920e-04 2.900296e-02 9.999337e-01
3.467369e-09 1.080357e-04 1.361255e-04 2.900318e-02 9.999289e-01
3.630781e-09 1.159000e-04 1.460345e-04 2.900341e-02 9.999237e-01
3.801894e-09 1.243398e-04 1.566688e-04 2.900366e-02 9.999182e-01
3.981072e-09 1.333978e-04 1.680819e-04 2.900392e-02 9.999123e-01
4.168694e-09 1.431194e-04 1.803311e-04 2.900421e-02 9.999059e-01
4.365158e-09 1.535536e-04 1.934783e-04 2.900451e-02 9.998991e-01
4.570882e-09 1.647530e-04 2.075896e-04 2.900484e-02 9.998918e-01
4.786301e-09 1.767742e-04 2.227364e-04 2.900520e-02 9.998839e-01
5.011872e-09 1.896779e-04 2.389951e-04 2.900558e-02 9.998755e-01
5.248075e-09 2.035295e-04 2.564482e-04 2.900598e-02 9.998664e-01
5.495409e-09 2.183989e-04 2.751838e-04 2.900642e-02 9.998567e-01
5.754399e-09 2.343617e-04 2.952969e-04 2.900689e-02 9.998463e-01
6.025596e-09 2.514989e-04 3.168899e-04 2.900739e-02 9.998351e-01
6.309573e-09 2.698975e-04 3.400723e-04 2.900794e-02 9.998231e-01
6.606934e-09 2.896512e-04 3.649620e-04 2.900852e-02 9.998102e-01
6.918310e-09 3.108607e-04 3.916860e-04 2.900914e-02 9.997964e-01
7.244360e-09 3.336340e-04 4.203805e-04 2.900981e-02 9.997816e-01
7.585776e-09 3.580873e-04 4.511918e-04 2.901053e-02 9.997657e-01
7.943282e-09 3.843457e-04 4.842776e-04 2.901130e-02 9.997486e-01
8.317638e-09 4.125438e-04 5.198072e-04 2.901213e-02 9.997303e-01
8.709636e-09 4.428257e-04 5.579626e-04 2.901302e-02 9.997106e-01
9.120108e-09 4.753470e-04 5.989396e-04 2.901398e-02 9.996894e-01
9.549926e-09 5.102747e-04 6.429487e-04 2.901500e-02 9.996668e-01
1.000000e-08 5.477884e-04 6.902161e-04 2.901611e-02 9.996424e-01
1.047129e-08 5.880816e-04 7.409857e-04 2.901729e-02 9.996163e-01
1.096478e-08 6.313607e-04 7.955176e-04 2.901856e-02 9.995882e-01
1.148154e-08 6.778511e-04 8.540958e-04 2.901993e-02 9.995581e-01
1.202264e-08 7.277907e-04 9.170199e-04 2.902140e-02 9.995258e-01
1.258925e-08 7.814398e-04 9.846181e-04 2.902297e-02 9.994911e-01
1.318257e-08 8.390764e-04 1.057240e-03 2.902467e-02 9.994538e-01
1.380384e-08 9.009973e-04 1.135261e-03 2.902649e-02 9.994138e-01
1.445440e-08 9.675263e-04 1.219088e-03 2.902845e-02 9.993708e-01
1.513561e-08 1.039007e-03 1.309154e-03 2.903055e-02 9.993246e-01
1.584893e-08 1.115813e-03 1.405930e-03 2.903281e-02 9.992751e-01
1.659587e-08 1.198344e-03 1.509920e-03 2.903523e-02 9.992218e-01
1.737801e-08 1.287031e-03 1.621665e-03 2.903784e-02 9.991647e-01
1.819701e-08 1.382335e-03 1.741749e-03 2.904064e-02 9.991033e-01
1.905461e-08 1.484755e-03 1.870799e-03 2.904365e-02 9.990374e-01
1.995262e-08 1.594826e-03 2.009489e-03 2.904689e-02 9.989666e-01
2.089296e-08 1.713126e-03 2.158547e-03 2.905037e-02 9.988905e-01
2.187762e-08 1.840273e-03 2.318754e-03 2.905410e-02 9.988088e-01
2.290868e-08 1.976934e-03 2.490947e-03 2.905812e-02 9.987211e-01
2.398833e-08 2.123826e-03 2.676031e-03 2.906244e-02 9.986268e-01
2.511886e-08 2.281719e-03 2.874977e-03 2.906708e-02 9.985256e-01
2.630268e-08 2.451445e-03 3.088833e-03 2.907207e-02 9.984168e-01
2.754229e-08 2.633894e-03 3.318719e-03 2.907744e-02 9.982999e-01
2.884032e-08 2.830024e-03 3.565845e-03 2.908320e-02 9.981744e-01
3.019952e-08 3.040868e-03 3.831509e-03 2.908940e-02 9.980395e-01
3.162278e-08 3.267533e-03 4.117109e-03 2.909607e-02 9.978946e-01
3.311311e-08 3.511212e-03 4.424144e-03 2.910323e-02 9.977390e-01
3.467369e-08 3.773187e-03 4.754234e-03 2.911093e-02 9.975717e-01
3.630781e-08 4.054831e-03 5.109108e-03 2.911921e-02 9.973920e-01
3.801894e-08 4.357626e-03 5.490630e-03 2.912811e-02 9.971989e-01
3.981072e-08 4.683161e-03 5.900806e-03 2.913769e-02 9.969914e-01
4.168694e-08 5.033141e-03 6.341783e-03 2.914797e-02 9.967685e-01
4.365158e-08 5.409400e-03 6.815872e-03 2.915904e-02 9.965289e-01
4.570882e-08 5.813908e-03 7.325554e-03 2.917093e-02 9.962715e-01
4.786301e-08 6.248774e-03 7.873487e-03 2.918371e-02 9.959950e-01
5.011872e-08 6.716264e-03 8.462526e-03 2.919746e-02 9.956978e-01
5.248075e-08 7.218810e-03 9.095737e-03 2.921223e-02 9.953785e-01
5.495409e-08 7.759015e-03 9.776398e-03 2.922812e-02 9.950355e-01
5.754399e-08 8.339671e-03 1.050803e-02 2.924519e-02 9.946668e-01
6.025596e-08 8.963772e-03 1.129440e-02 2.926354e-02 9.942708e-01
6.309573e-08 9.634514e-03 1.213954e-02 2.928326e-02 9.938453e-01
6.606934e-08 1.035533e-02 1.304777e-02 2.930445e-02 9.933881e-01
6.918310e-08 1.112988e-02 1.402370e-02 2.932722e-02 9.928970e-01
7.244360e-08 1.196207e-02 1.507227e-02 2.935169e-02 9.923694e-01
7.585776e-08 1.285609e-02 1.619874e-02 2.937797e-02 9.918028e-01
7.943282e-08 1.381640e-02 1.740873e-02 2.940620e-02 9.911941e-01
8.317638e-08 1.484775e-02 1.870824e-02 2.943653e-02 9.905404e-01
8.709636e-08 1.595520e-02 2.010363e-02 2.946908e-02 9.898384e-01
9.120108e-08 1.714413e-02 2.160169e-02 2.950404e-02 9.890846e-01
9.549926e-08 1.842027e-02 2.320964e-02 2.954156e-02 9.882753e-01
1.000000e-07 1.978969e-02 2.493511e-02 2.958182e-02 9.874065e-01
1.047129e-07 2.125884e-02 2.678624e-02 2.962501e-02 9.864741e-01
1.096478e-07 2.283447e-02 2.877154e-02 2.967134e-02 9.854735e-01
1.148154e-07 2.452385e-02 3.090017e-02 2.972100e-02 9.843999e-01
1.202264e-07 2.633447e-02 3.318157e-02 2.977424e-02 9.832482e-01
1.258925e-07 2.827439e-02 3.562588e-02 2.983127e-02 9.820132e-01
1.318257e-07 3.035199e-02 3.824365e-02 2.989235e-02 9.806889e-01
1.380384e-07 3.257596e-02 4.104587e-02 2.995774e-02 9.792696e-01
1.445440e-07 3.495556e-02 4.404418e-02 3.002770e-02 9.777486e-01
1.513561e-07 3.750027e-02 4.725052e-02 3.010251e-02 9.761194e-01
1.584893e-07 4.022006e-02 5.067747e-02 3.018247e-02 9.743748e-01
1.659587e-07 4.312518e-02 5.433794e-02 3.026789e-02 9.725073e-01
1.737801e-07 4.622621e-02 5.824525e-02 3.035906e-02 9.705093e-01
1.819701e-07 4.953400e-02 6.241309e-02 3.045631e-02 9.683725e-01
1.905461e-07 5.305968e-02 6.685546e-02 3.055996e-02 9.660885e-01
1.995262e-07 5.681447e-02 7.158652e-02 3.067035e-02 9.636483e-01
2.089296e-07 6.080985e-02 7.662072e-02 3.078782e-02 9.610428e-01
2.187762e-07 6.505723e-02 8.197244e-02 3.091269e-02 9.582625e-01
2.290868e-07 6.956797e-02 8.765599e-02 3.104531e-02 9.552976e-01
2.398833e-07 7.435332e-02 9.368556e-02 3.118600e-02 9.521381e-01
2.511886e-07 7.942428e-02 1.000750e-01 3.133508e-02 9.487737e-01
2.630268e-07 8.479153e-02 1.068378e-01 3.149288e-02 9.451941e-01
2.754229e-07 9.046514e-02 1.139865e-01 3.165969e-02 9.413886e-01
2.884032e-07 9.645456e-02 1.215332e-01 3.183578e-02 9.373467e-01
3.019952e-07 1.027685e-01 1.294888e-01 3.202141e-02 9.330579e-01
3.162278e-07 1.094146e-01 1.378630e-01 3.221680e-02 9.285115e-01
3.311311e-07 1.163996e-01 1.466640e-01 3.242216e-02 9.236975e-01
3.467369e-07 1.237287e-01 1.558988e-01 3.263764e-02 9.186055e-01
3.630781e-07 1.314059e-01 1.655721e-01 3.286335e-02 9.132260e-01
3.801894e-07 1.394334e-01 1.756868e-01 3.309936e-02 9.075498e-01
3.981072e-07 1.478119e-01 1.862438e-01 3.334569e-02 9.015682e-01
4.168694e-07 1.565400e-01 1.972412e-01 3.360230e-02 8.952733e-01
4.365158e-07 1.656145e-01 2.086751e-01 3.386908e-02 8.886581e-01
4.570882e-07 1.750299e-01 2.205386e-01 3.414590e-02 8.817162e-01
4.786301e-07 1.847789e-01 2.328223e-01 3.443252e-02 8.744425e-01
5.011872e-07 1.948516e-01 2.455140e-01 3.472866e-02 8.668331e-01
5.248075e-07 2.052363e-01 2.585988e-01 3.503397e-02 8.588852e-01
5.495409e-07 2.159189e-01 2.720589e-01 3.534804e-02 8.505974e-01
5.754399e-07 2.268832e-01 2.858740e-01 3.567039e-02 8.419698e-01
6.025596e-07 2.381113e-01 3.000214e-01 3.600050e-02 8.330038e-01
6.309573e-07 2.495830e-01 3.144759e-01 3.633777e-02 8.237026e-01
6.606934e-07 2.612768e-01 3.292101e-01 3.668157e-02 8.140708e-01
6.918310e-07 2.731696e-01 3.441950e-01 3.703122e-02 8.041147e-01
7.244360e-07 2.852367e-01 3.593997e-01 3.738599e-02 7.938423e-01
7.585776e-07 2.974529e-01 3.747921e-01 3.774515e-02 7.832629e-01
7.943282e-07 3.097918e-01 3.903392e-01 3.810791e-02 7.723876e-01
8.317638e-07 3.222267e-01 4.060073e-01 3.847350e-02 7.612288e-01
8.709636e-07 3.347306e-01 4.217623e-01 3.884112e-02 7.498006e-01
9.120108e-07 3.472766e-01 4.375703e-01 3.920997e-02 7.381179e-01
9.549926e-07 3.598380e-01 4.533977e-01 3.957928e-02 7.261972e-01
1.000000e-06 3.723886e-01 4.692116e-01 3.994827e-02 7.140560e-01
1.047129e-06 3.849032e-01 4.849800e-01 4.031620e-02 7.017125e-01
1.096478e-06 3.973569e-01 5.006716e-01 4.068234e-02 6.891862e-01
1.148154e-06 4.097268e-01 5.162579e-01 4.104602e-02 6.764964e-01
1.202264e-06 4.219905e-01 5.317101e-01 4.140657e-02 6.636640e-01
1.258925e-06 4.341276e-01 5.470030e-01 4.176340e-02 6.507091e-01
1.318257e-06 4.461191e-01 5.621123e-01 4.211595e-02 6.376524e-01
1.380384e-06 4.579468e-01 5.770153e-01 4.246369e-02 6.245154e-01
1.445440e-06 4.695953e-01 5.916925e-01 4.280616e-02 6.113182e-01
1.513561e-06 4.810498e-01 6.061252e-01 4.314292e-02 5.980819e-01
1.584893e-06 4.922979e-01 6.202978e-01 4.347361e-02 5.848262e-01
1.659587e-06 5.033282e-01 6.341960e-01 4.379791e-02 5.715709e-01
1.737801e-06 5.141311e-01 6.478077e-01 4.411551e-02 5.583354e-01
1.819701e-06 5.246985e-01 6.611228e-01 4.442620e-02 5.451380e-01
1.905461e-06 5.350238e-01 6.741327e-01 4.472976e-02 5.319965e-01
1.995262e-06 5.451015e-01 6.868307e-01 4.502605e-02 5.189281e-01
2.089296e-06 5.549278e-01 6.992118e-01 4.531494e-02 5.059487e-01
2.187762e-06 5.644997e-01 7.112725e-01 4.559636e-02 4.930736e-01
2.290868e-06 5.738155e-01 7.230104e-01 4.587024e-02 4.803172e-01
2.398833e-06 5.828743e-01 7.344246e-01 4.613657e-02 4.676930e-01
2.511886e-06 5.916764e-01 7.455153e-01 4.639536e-02 4.552133e-01
2.630268e-06 6.002229e-01 7.562839e-01 4.664662e-02 4.428896e-01
2.754229e-06 6.085154e-01 7.667324e-01 4.689042e-02 4.307325e-01
2.884032e-06 6.165563e-01 7.768641e-01 4.712683e-02 4.187516e-01
3.019952e-06 6.243487e-01 7.866825e-01 4.735592e-02 4.069556e-01
3.162278e-06 6.318961e-01 7.961922e-01 4.757782e-02 3.953522e-01
3.311311e-06 6.392023e-01 8.053982e-01 4.779262e-02 3.839484e-01
3.467369e-06 6.462719e-01 8.143059e-01 4.800047e-02 3.727500e-01
3.630781e-06 6.531095e-01 8.229212e-01 4.820150e-02 3.617625e-01
3.801894e-06 6.597198e-01 8.312503e-01 4.839584e-02 3.509901e-01
3.981072e-06 6.661083e-01 8.392998e-01 4.858366e-02 3.404366e-01
4.168694e-06 6.722800e-01 8.470762e-01 4.876511e-02 3.301049e-01
4.365158e-06 6.782405e-01 8.545864e-01 4.894035e-02 3.199974e-01
4.570882e-06 6.839953e-01 8.618375e-01 4.910954e-02 3.101157e-01
4.786301e-06 6.895500e-01 8.688365e-01 4.927285e-02 3.004609e-01
5.011872e-06 6.949103e-01 8.755904e-01 4.943044e-02 2.910335e-01
5.248075e-06 7.000817e-01 8.821065e-01 4.958248e-02 2.818336e-01
5.495409e-06 7.050699e-01 8.883917e-01 4.972914e-02 2.728607e-01
5.754399e-06 7.098805e-01 8.944531e-01 4.987057e-02 2.641139e-01
6.025596e-06 7.145191e-01 9.002977e-01 5.000695e-02 2.555918e-01
6.309573e-06 7.189910e-01 9.059323e-01 5.013842e-02 2.472928e-01
6.606934e-06 7.233017e-01 9.113638e-01 5.026515e-02 2.392150e-01
6.918310e-06 7.274564e-01 9.165988e-01 5.038731e-02 2.313559e-01
7.244360e-06 7.314605e-01 9.216439e-01 5.050502e-02 2.237129e-01
7.585776e-06 7.353188e-01 9.265054e-01 5.061846e-02 2.162833e-01
7.943282e-06 7.390365e-01 9.311897e-01 5.072776e-02 2.090640e-01
8.317638e-06 7.426183e-01 9.357028e-01 5.083307e-02 2.020517e-01
8.709636e-06 7.460691e-01 9.400508e-01 5.093452e-02 1.952430e-01
9.120108e-06 7.493934e-01 9.442394e-01 5.103225e-02 1.886343e-01
9.549926e-06 7.525957e-01 9.482744e-01 5.112640e-02 1.822219e-01
1.000000e-05 7.556804e-01 9.521612e-01 5.121709e-02 1.760020e-01
1.047129e-05 7.586518e-01 9.559051e-01 5.130445e-02 1.699706e-01
1.096478e-05 7.615139e-01 9.595113e-01 5.138860e-02 1.641241e-01
1.148154e-05 7.642707e-01 9.629850e-01 5.146965e-02 1.584580e-01
1.202264e-05 7.669261e-01 9.663308e-01 5.154772e-02 1.529686e-01
1.258925e-05 7.694839e-01 9.695536e-01 5.162292e-02 1.476515e-01
1.318257e-05 7.719477e-01 9.726580e-01 5.169535e-02 1.425027e-01
1.380384e-05 7.743209e-01 9.756483e-01 5.176513e-02 1.375183e-01
1.445440e-05 7.766071e-01 9.785289e-01 5.183234e-02 1.326939e-01
1.513561e-05 7.788094e-01 9.813037e-01 5.189709e-02 1.280256e-01
1.584893e-05 7.809310e-01 9.839770e-01 5.195946e-02 1.235092e-01
1.659587e-05 7.829751e-01 9.865525e-01 5.201956e-02 1.191407e-01
1.737801e-05 7.849445e-01 9.890340e-01 5.207746e-02 1.149160e-01
1.819701e-05 7.868421e-01 9.914250e-01 5.213325e-02 1.108314e-01
1.905461e-05 7.886707e-01 9.937290e-01 5.218701e-02 1.068827e-01
1.995262e-05 7.904329e-01 9.959494e-01 5.223882e-02 1.030662e-01
2.089296e-05 7.921314e-01 9.980895e-01 5.228876e-02 9.937808e-02
2.187762e-05 7.937685e-01 1.000152e+00 5.233689e-02 9.581454e-02
2.290868e-05 7.953468e-01 1.002141e+00 5.238329e-02 9.237197e-02
2.398833e-05 7.968685e-01 1.004058e+00 5.242803e-02 8.904673e-02
2.511886e-05 7.983358e-01 1.005907e+00 5.247117e-02 8.583530e-02
2.630268e-05 7.997509e-01 1.007690e+00 5.251277e-02 8.273417e-02
2.754229e-05 8.011159e-01 1.009410e+00 5.255290e-02 7.973998e-02
2.884032e-05 8.024327e-01 1.011069e+00 5.259162e-02 7.684941e-02
3.019952e-05 8.037034e-01 1.012670e+00 5.262897e-02 7.405922e-02
3.162278e-05 8.049298e-01 1.014216e+00 5.266503e-02 7.136623e-02
3.311311e-05 8.061136e-01 1.015707e+00 5.269983e-02 6.876735e-02
3.467369e-05 8.072566e-01 1.017147e+00 5.273344e-02 6.625954e-02
3.630781e-05 8.083606e-01 1.018538e+00 5.276590e-02 6.383990e-02
3.801894e-05 8.094270e-01 1.019882e+00 5.279725e-02 6.150555e-02
3.981072e-05 8.104576e-01 1.021181e+00 5.282755e-02 5.925369e-02
4.168694e-05 8.114537e-01 1.022436e+00 5.285683e-02 5.708161e-02
4.365158e-05 8.124169e-01 1.023649e+00 5.288515e-02 5.498668e-02
4.570882e-05 8.133485e-01 1.024823e+00 5.291254e-02 5.296632e-02
4.786301e-05 8.142500e-01 1.025959e+00 5.293905e-02 5.101804e-02
5.011872e-05 8.151227e-01 1.027059e+00 5.296470e-02 4.913942e-02
5.248075e-05 8.159677e-01 1.028123e+00 5.298955e-02 4.732809e-02
5.495409e-05 8.167864e-01 1.029155e+00 5.301362e-02 4.558179e-02
5.754399e-05 8.175799e-01 1.030155e+00 5.303695e-02 4.389831e-02
6.025596e-05 8.183495e-01 1.031124e+00 5.305957e-02 4.227546e-02
6.309573e-05 8.190962e-01 1.032065e+00 5.308152e-02 4.071120e-02
6.606934e-05 8.198210e-01 1.032979e+00 5.310283e-02 3.920349e-02
6.918310e-05 8.205252e-01 1.033866e+00 5.312354e-02 3.775037e-02
7.244360e-05 8.212095e-01 1.034728e+00 5.314366e-02 3.634995e-02
7.585776e-05 8.218752e-01 1.035567e+00 5.316323e-02 3.500039e-02
7.943282e-05 8.225231e-01 1.036383e+00 5.318228e-02 3.369993e-02
8.317638e-05 8.231541e-01 1.037178e+00 5.320083e-02 3.244682e-02
8.709636e-05 8.237692e-01 1.037953e+00 5.321891e-02 3.123941e-02
9.120108e-05 8.243692e-01 1.038709e+00 5.323655e-02 3.007610e-02
9.549926e-05 8.249550e-01 1.039447e+00 5.325377e-02 2.895531e-02
1.000000e-04 8.255275e-01 1.040169e+00 5.327060e-02 2.787554e-02
1.047129e-04 8.260874e-01 1.040874e+00 5.328707e-02 2.683534e-02
1.096478e-04 8.266355e-01 1.041565e+00 5.330318e-02 2.583331e-02
1.148154e-04 8.271726e-01 1.042242e+00 5.331897e-02 2.486805e-02
1.202264e-04 8.276995e-01 1.042906e+00 5.333446e-02 2.393830e-02
1.258925e-04 8.282170e-01 1.043558e+00 5.334968e-02 2.304274e-02
1.318257e-04 8.287256e-01 1.044198e+00 5.336463e-02 2.218015e-02
1.380384e-04 8.292263e-01 1.044829e+00 5.337935e-02 2.134937e-02
1.445440e-04 8.297195e-01 1.045451e+00 5.339385e-02 2.054922e-02
1.513561e-04 8.302061e-01 1.046064e+00 5.340816e-02 1.977863e-02
1.584893e-04 8.306868e-01 1.046669e+00 5.342229e-02 1.903651e-02
1.659587e-04 8.311620e-01 1.047268e+00 5.343626e-02 1.832183e-02
1.737801e-04 8.316327e-01 1.047861e+00 5.345010e-02 1.763359e-02
1.819701e-04 8.320992e-01 1.048449e+00 5.346382e-02 1.697085e-02
1.905461e-04 8.325624e-01 1.049033e+00 5.347743e-02 1.633266e-02
1.995262e-04 8.330229e-01 1.049613e+00 5.349097e-02 1.571814e-02
2.089296e-04 8.334812e-01 1.050190e+00 5.350444e-02 1.512641e-02
2.187762e-04 8.339380e-01 1.050766e+00 5.351787e-02 1.455666e-02
2.290868e-04 8.343939e-01 1.051340e+00 5.353128e-02 1.400807e-02
2.398833e-04 8.348495e-01 1.051915e+00 5.354467e-02 1.347988e-02
2.511886e-04 8.353054e-01 1.052489e+00 5.355808e-02 1.297133e-02
2.630268e-04 8.357623e-01 1.053065e+00 5.357151e-02 1.248170e-02
2.754229e-04 8.362207e-01 1.053642e+00 5.358499e-02 1.201030e-02
2.884032e-04 8.366812e-01 1.054223e+00 5.359853e-02 1.155646e-02
3.019952e-04 8.371445e-01 1.054806e+00 5.361215e-02 1.111954e-02
3.162278e-04 8.376112e-01 1.055394e+00 5.362587e-02 1.069890e-02
3.311311e-04 8.380818e-01 1.055987e+00 5.363970e-02 1.029396e-02
3.467369e-04 8.385571e-01 1.056586e+00 5.365368e-02 9.904118e-03
3.630781e-04 8.390375e-01 1.057192e+00 5.366780e-02 9.528837e-03
3.801894e-04 8.395238e-01 1.057804e+00 5.368210e-02 9.167572e-03
3.981072e-04 8.400166e-01 1.058425e+00 5.369659e-02 8.819803e-03
4.168694e-04 8.405165e-01 1.059055e+00 5.371128e-02 8.485034e-03
4.365158e-04 8.410241e-01 1.059695e+00 5.372621e-02 8.162783e-03
4.570882e-04 8.415401e-01 1.060345e+00 5.374138e-02 7.852584e-03
4.786301e-04 8.420652e-01 1.061006e+00 5.375682e-02 7.553992e-03
5.011872e-04 8.426001e-01 1.061680e+00 5.377254e-02 7.266578e-03
5.248075e-04 8.431453e-01 1.062367e+00 5.378857e-02 6.989924e-03
5.495409e-04 8.437017e-01 1.063068e+00 5.380493e-02 6.723633e-03
5.754399e-04 8.442700e-01 1.063784e+00 5.382164e-02 6.467320e-03
6.025596e-04 8.448507e-01 1.064516e+00 5.383871e-02 6.220612e-03
6.309573e-04 8.454448e-01 1.065265e+00 5.385618e-02 5.983155e-03
6.606934e-04 8.460529e-01 1.066031e+00 5.387406e-02 5.754602e-03
6.918310e-04 8.466759e-01 1.066816e+00 5.389237e-02 5.534622e-03
7.244360e-04 8.473144e-01 1.067620e+00 5.391114e-02 5.322897e-03
7.585776e-04 8.479694e-01 1.068446e+00 5.393040e-02 5.119120e-03
7.943282e-04 8.486416e-01 1.069293e+00 5.395016e-02 4.922993e-03
8.317638e-04 8.493320e-01 1.070163e+00 5.397046e-02 4.734232e-03
8.709636e-04 8.500413e-01 1.071056e+00 5.399131e-02 4.552561e-03
9.120108e-04 8.507704e-01 1.071975e+00 5.401275e-02 4.377718e-03
9.549926e-04 8.515204e-01 1.072920e+00 5.403480e-02 4.209445e-03
1.000000e-03 8.522920e-01 1.073892e+00 5.405749e-02 4.047499e-03
1.047129e-03 8.530864e-01 1.074893e+00 5.408084e-02 3.891642e-03
1.096478e-03 8.539045e-01 1.075924e+00 5.410489e-02 3.741651e-03
1.148154e-03 8.547473e-01 1.076986e+00 5.412967e-02 3.597299e-03
1.202264e-03 8.556159e-01 1.078080e+00 5.415521e-02 3.458384e-03
1.258925e-03 8.565114e-01 1.079209e+00 5.418154e-02 3.324696e-03
1.318257e-03 8.574350e-01 1.080372e+00 5.420869e-02 3.196041e-03
1.380384e-03 8.583877e-01 1.081573e+00 5.423670e-02 3.072234e-03
1.445440e-03 8.593708e-01 1.082812e+00 5.426560e-02 2.953090e-03
1.513561e-03 8.603856e-01 1.084090e+00 5.429544e-02 2.838437e-03
1.584893e-03 8.614333e-01 1.085410e+00 5.432624e-02 2.728105e-03
1.659587e-03 8.625152e-01 1.086774e+00 5.435805e-02 2.621933e-03
1.737801e-03 8.636328e-01 1.088182e+00 5.439091e-02 2.519766e-03
1.819701e-03 8.647874e-01 1.089636e+00 5.442485e-02 2.421453e-03
1.905461e-03 8.659804e-01 1.091140e+00 5.445993e-02 2.326850e-03
1.995262e-03 8.672135e-01 1.092693e+00 5.449618e-02 2.235819e-03
2.089296e-03 8.684881e-01 1.094299e+00 5.453365e-02 2.148225e-03
2.187762e-03 8.698059e-01 1.095960e+00 5.457240e-02 2.063939e-03
2.290868e-03 8.711686e-01 1.097677e+00 5.461246e-02 1.982837e-03
2.398833e-03 8.725778e-01 1.099452e+00 5.465389e-02 1.904802e-03
2.511886e-03 8.740354e-01 1.101289e+00 5.469674e-02 1.829716e-03
2.630268e-03 8.755433e-01 1.103189e+00 5.474108e-02 1.757470e-03
2.754229e-03 8.771032e-01 1.105155e+00 5.478694e-02 1.687958e-03
2.884032e-03 8.787174e-01 1.107188e+00 5.483439e-02 1.621076e-03
3.019952e-03 8.803876e-01 1.109293e+00 5.488350e-02 1.556727e-03
3.162278e-03 8.821162e-01 1.111471e+00 5.493432e-02 1.494816e-03
3.311311e-03 8.839053e-01 1.113725e+00 5.498692e-02 1.435250e-03
3.467369e-03 8.857571e-01 1.116058e+00 5.504136e-02 1.377942e-03
3.630781e-03 8.876741e-01 1.118474e+00 5.509772e-02 1.322808e-03
3.801894e-03 8.896586e-01 1.120974e+00 5.515607e-02 1.269766e-03
3.981072e-03 8.917132e-01 1.123563e+00 5.521647e-02 1.218737e-03
4.168694e-03 8.938405e-01 1.126244e+00 5.527902e-02 1.169646e-03
4.365158e-03 8.960432e-01 1.129019e+00 5.534378e-02 1.122421e-03
4.570882e-03 8.983241e-01 1.131893e+00 5.541084e-02 1.076992e-03
4.786301e-03 9.006861e-01 1.134869e+00 5.548028e-02 1.033290e-03
5.011872e-03 9.031321e-01 1.137951e+00 5.555219e-02 9.912526e-04
5.248075e-03 9.056652e-01 1.141143e+00 5.562666e-02 9.508160e-04
5.495409e-03 9.082887e-01 1.144448e+00 5.570379e-02 9.119207e-04
5.754399e-03 9.110057e-01 1.147872e+00 5.578367e-02 8.745091e-04
6.025596e-03 9.138197e-01 1.151417e+00 5.586641e-02 8.385254e-04
6.309573e-03 9.167343e-01 1.155090e+00 5.595210e-02 8.039164e-04
6.606934e-03 9.197529e-01 1.158893e+00 5.604084e-02 7.706305e-04
6.918310e-03 9.228795e-01 1.162833e+00 5.613276e-02 7.386182e-04
7.244360e-03 9.261176e-01 1.166913e+00 5.622797e-02 7.078321e-04
7.585776e-03 9.294714e-01 1.171139e+00 5.632657e-02 6.782262e-04
7.943282e-03 9.329449e-01 1.175515e+00 5.642869e-02 6.497565e-04
8.317638e-03 9.365422e-01 1.180048e+00 5.653445e-02 6.223804e-04
8.709636e-03 9.402677e-01 1.184742e+00 5.664398e-02 5.960574e-04
9.120108e-03 9.441257e-01 1.189603e+00 5.675741e-02 5.707480e-04
9.549926e-03 9.481208e-01 1.194637e+00 5.687486e-02 5.464144e-04
1.000000e-02 9.522575e-01 1.199849e+00 5.699648e-02 5.230203e-04
1.047129e-02 9.565405e-01 1.205246e+00 5.712240e-02 5.005306e-04
1.096478e-02 9.609747e-01 1.210833e+00 5.725277e-02 4.789123e-04
1.148154e-02 9.655650e-01 1.216617e+00 5.738772e-02 4.581320e-04
1.202264e-02 9.703161e-01 1.222603e+00 5.752741e-02 4.381597e-04
1.258925e-02 9.752334e-01 1.228799e+00 5.767198e-02 4.189645e-04
1.318257e-02 9.803218e-01 1.235210e+00 5.782158e-02 4.005177e-04
1.380384e-02 9.855863e-01 1.241844e+00 5.797635e-02 3.827922e-04
1.445440e-02 9.910324e-01 1.248706e+00 5.813647e-02 3.657607e-04
1.513561e-02 9.966649e-01 1.255803e+00 5.830207e-02 3.493981e-04
1.584893e-02 1.002489e+00 1.263141e+00 5.847330e-02 3.336793e-04
1.659587e-02 1.008510e+00 1.270728e+00 5.865032e-02 3.185808e-04
1.737801e-02 1.014733e+00 1.278569e+00 5.883328e-02 3.040797e-04
1.819701e-02 1.021163e+00 1.286671e+00 5.902231e-02 2.901542e-04
1.905461e-02 1.027804e+00 1.295039e+00 5.921757e-02 2.767831e-04
1.995262e-02 1.034662e+00 1.303679e+00 5.941919e-02 2.639462e-04
2.089296e-02 1.041740e+00 1.312598e+00 5.962729e-02 2.516238e-04
2.187762e-02 1.049044e+00 1.321800e+00 5.984201e-02 2.397972e-04
2.290868e-02 1.056576e+00 1.331291e+00 6.006345e-02 2.284485e-04
2.398833e-02 1.064340e+00 1.341074e+00 6.029172e-02 2.175603e-04
2.511886e-02 1.072340e+00 1.351153e+00 6.052691e-02 2.071158e-04
2.630268e-02 1.080577e+00 1.361533e+00 6.076910e-02 1.970990e-04
2.754229e-02 1.089055e+00 1.372215e+00 6.101834e-02 1.874945e-04
2.884032e-02 1.097774e+00 1.383201e+00 6.127468e-02 1.782873e-04
3.019952e-02 1.106735e+00 1.394492e+00 6.153814e-02 1.694634e-04
3.162278e-02 1.115938e+00 1.406087e+00 6.180871e-02 1.610088e-04
3.311311e-02 1.125382e+00 1.417987e+00 6.208636e-02 1.529103e-04
3.467369e-02 1.135065e+00 1.430188e+00 6.237105e-02 1.451552e-04
3.630781e-02 1.144984e+00 1.442686e+00 6.266267e-02 1.377313e-04
3.801894e-02 1.155136e+00 1.455477e+00 6.296113e-02 1.306266e-04
3.981072e-02 1.165514e+00 1.468553e+00 6.326625e-02 1.238299e-04
4.168694e-02 1.176112e+00 1.481908e+00 6.357784e-02 1.173302e-04
4.365158e-02 1.186923e+00 1.495529e+00 6.389568e-02 1.111168e-04
4.570882e-02 1.197937e+00 1.509407e+00 6.421950e-02 1.051796e-04
4.786301e-02 1.209144e+00 1.523527e+00 6.454897e-02 9.950868e-05
5.011872e-02 1.220530e+00 1.537874e+00 6.488373e-02 9.409457e-05
5.248075e-02 1.232083e+00 1.552431e+00 6.522338e-02 8.892802e-05
5.495409e-02 1.243787e+00 1.567178e+00 6.556748e-02 8.400017e-05
5.754399e-02 1.255625e+00 1.582094e+00 6.591552e-02 7.930240e-05
6.025596e-02 1.267579e+00 1.597156e+00 6.626698e-02 7.482632e-05
6.309573e-02 1.279630e+00 1.612340e+00 6.662127e-02 7.056389e-05
6.606934e-02 1.291756e+00 1.627619e+00 6.697777e-02 6.650722e-05
6.918310e-02 1.303935e+00 1.642965e+00 6.733585e-02 6.264867e-05
7.244360e-02 1.316144e+00 1.658349e+00 6.769480e-02 5.898086e-05
7.585776e-02 1.328360e+00 1.673740e+00 6.805393e-02 5.549656e-05
7.943282e-02 1.340556e+00 1.689107e+00 6.841250e-02 5.218875e-05
8.317638e-02 1.352708e+00 1.704419e+00 6.876977e-02 4.905058e-05
8.709636e-02 1.364790e+00 1.719643e+00 6.912499e-02 4.607539e-05
9.120108e-02 1.376777e+00 1.734746e+00 6.947741e-02 4.325668e-05
9.549926e-02 1.388643e+00 1.749697e+00 6.982627e-02 4.058810e-05
1.000000e-01 1.400363e+00 1.764464e+00 7.017084e-02 3.806347e-05
1.047129e-01 1.411913e+00 1.779018e+00 7.051042e-02 3.567673e-05
1.096478e-01 1.423270e+00 1.793327e+00 7.084430e-02 3.342207e-05
1.148154e-01 1.434412e+00 1.807366e+00 7.117187e-02 3.129362e-05
1.202264e-01 1.445317e+00 1.821107e+00 7.149249e-02 2.928590e-05
1.258925e-01 1.455968e+00 1.834527e+00 7.180562e-02 2.739335e-05
1.318257e-01 1.466346e+00 1.847603e+00 7.211074e-02 2.561069e-05
1.380384e-01 1.476436e+00 1.860317e+00 7.240740e-02 2.393278e-05
1.445440e-01 1.486225e+00 1.872651e+00 7.269520e-02 2.235455e-05
1.513561e-01 1.495702e+00 1.884592e+00 7.297381e-02 2.087114e-05
1.584893e-01 1.504856e+00 1.896126e+00 7.324295e-02 1.947781e-05
1.659587e-01 1.513682e+00 1.907246e+00 7.350241e-02 1.816996e-05
1.737801e-01 1.522172e+00 1.917945e+00 7.375204e-02 1.694318e-05
1.819701e-01 1.530325e+00 1.928217e+00 7.399174e-02 1.579317e-05
1.905461e-01 1.538139e+00 1.938063e+00 7.422147e-02 1.471581e-05
1.995262e-01 1.545614e+00 1.947482e+00 7.444124e-02 1.370712e-05
2.089296e-01 1.552753e+00 1.956476e+00 7.465111e-02 1.276327e-05
2.187762e-01 1.559558e+00 1.965051e+00 7.485120e-02 1.188059e-05
2.290868e-01 1.566036e+00 1.973213e+00 7.504165e-02 1.105558e-05
2.398833e-01 1.572192e+00 1.980970e+00 7.522263e-02 1.028487e-05
2.511886e-01 1.578034e+00 1.988331e+00 7.539438e-02 9.565250e-06
2.630268e-01 1.583569e+00 1.995305e+00 7.555713e-02 8.893642e-06
2.754229e-01 1.588808e+00 2.001906e+00 7.571114e-02 8.267141e-06
2.884032e-01 1.593759e+00 2.008144e+00 7.585670e-02 7.682970e-06
3.019952e-01 1.598433e+00 2.014033e+00 7.599411e-02 7.138498e-06
3.162278e-01 1.602840e+00 2.019586e+00 7.612368e-02 6.631223e-06
3.311311e-01 1.606991e+00 2.024817e+00 7.624573e-02 6.158785e-06
3.467369e-01 1.610897e+00 2.029739e+00 7.636057e-02 5.718941e-06
3.630781e-01 1.614570e+00 2.034366e+00 7.646854e-02 5.309585e-06
3.801894e-01 1.618019e+00 2.038712e+00 7.656995e-02 4.928723e-06
3.981072e-01 1.621256e+00 2.042791e+00 7.666513e-02 4.574475e-06
4.168694e-01 1.624292e+00 2.046616e+00 7.675438e-02 4.245076e-06
4.365158e-01 1.627137e+00 2.050201e+00 7.683802e-02 3.938864e-06
4.570882e-01 1.629801e+00 2.053558e+00 7.691635e-02 3.654275e-06
4.786301e-01 1.632295e+00 2.056700e+00 7.698966e-02 3.389846e-06
5.011872e-01 1.634627e+00 2.059639e+00 7.705823e-02 3.144203e-06
5.248075e-01 1.636808e+00 2.062386e+00 7.712234e-02 2.916056e-06
5.495409e-01 1.638845e+00 2.064953e+00 7.718224e-02 2.704202e-06
5.754399e-01 1.640748e+00 2.067351e+00 7.723819e-02 2.507512e-06
6.025596e-01 1.642525e+00 2.069590e+00 7.729043e-02 2.324931e-06
6.309573e-01 1.644183e+00 2.071679e+00 7.733918e-02 2.155474e-06
6.606934e-01 1.645730e+00 2.073628e+00 7.738466e-02 1.998221e-06
6.918310e-01 1.647173e+00 2.075446e+00 7.742708e-02 1.852312e-06
7.244360e-01 1.648518e+00 2.077141e+00 7.746663e-02 1.716948e-06
7.585776e-01 1.649772e+00 2.078721e+00 7.750349e-02 1.591381e-06
7.943282e-01 1.650940e+00 2.080193e+00 7.753784e-02 1.474915e-06
8.317638e-01 1.652029e+00 2.081565e+00 7.756984e-02 1.366901e-06
8.709636e-01 1.653043e+00 2.082842e+00 7.759966e-02 1.266736e-06
9.120108e-01 1.653987e+00 2.084032e+00 7.762742e-02 1.173859e-06
9.549926e-01 1.654867e+00 2.085140e+00 7.765327e-02 1.087745e-06
1.000000e+00 1.655685e+00 2.086172e+00 7.767734e-02 1.007910e-06
