1.000000e-01 1.000000e-00 9.954876e-01
1.174898e-01 1.000000e-00 9.951093e-01
1.380384e-01 1.000000e-00 9.946994e-01
1.621810e-01 1.000000e-00 9.942552e-01
1.905461e-01 1.000000e-00 9.937738e-01
2.238721e-01 1.000000e-00 9.932521e-01
2.630268e-01 1.000000e-00 9.926868e-01
3.090295e-01 1.000000e-00 9.920743e-01
3.630781e-01 1.000000e-00 9.914105e-01
4.265795e-01 1.000000e-00 9.906913e-01
5.011872e-01 1.000000e-00 9.899120e-01
5.888437e-01 1.000000e-00 9.890677e-01
6.918310e-01 9.999999e-01 9.881529e-01
8.128305e-01 9.999999e-01 9.871618e-01
9.549926e-01 9.999999e-01 9.860881e-01
1.122018e+00 9.999999e-01 9.849250e-01
1.318257e+00 9.999999e-01 9.836650e-01
1.548817e+00 9.999998e-01 9.823001e-01
1.819701e+00 9.999998e-01 9.808218e-01
2.137962e+00 9.999997e-01 9.792207e-01
2.511886e+00 9.999996e-01 9.774866e-01
2.951209e+00 9.999995e-01 9.756087e-01
3.467369e+00 9.999994e-01 9.735753e-01
4.073803e+00 9.999992e-01 9.713736e-01
4.786301e+00 9.999990e-01 9.689899e-01
5.623413e+00 9.999987e-01 9.664094e-01
6.606934e+00 9.999984e-01 9.636162e-01
7.762471e+00 9.999979e-01 9.605932e-01
9.120108e+00 9.999974e-01 9.573217e-01
1.071519e+01 9.999966e-01 9.537819e-01
1.258925e+01 9.999957e-01 9.499524e-01
1.479108e+01 9.999945e-01 9.458101e-01
1.737801e+01 9.999931e-01 9.413302e-01
2.041738e+01 9.999912e-01 9.364863e-01
2.398833e+01 9.999887e-01 9.312498e-01
2.818383e+01 9.999857e-01 9.255902e-01
3.311311e+01 9.999817e-01 9.194749e-01
3.890451e+01 9.999767e-01 9.128690e-01
4.570882e+01 9.999704e-01 9.057353e-01
5.370318e+01 9.999623e-01 8.980340e-01
6.309573e+01 9.999519e-01 8.897231e-01
7.413102e+01 9.999388e-01 8.807579e-01
8.709636e+01 9.999221e-01 8.710909e-01
1.023293e+02 9.999007e-01 8.606723e-01
1.202264e+02 9.998736e-01 8.494494e-01
1.412538e+02 9.998391e-01 8.373671e-01
1.659587e+02 9.997951e-01 8.243680e-01
1.949845e+02 9.997390e-01 8.103924e-01
2.290868e+02 9.996677e-01 7.953788e-01
2.691535e+02 9.995770e-01 7.792644e-01
3.162278e+02 9.994614e-01 7.619854e-01
3.715352e+02 9.993144e-01 7.434784e-01
4.365158e+02 9.991273e-01 7.236807e-01
5.128614e+02 9.988892e-01 7.025326e-01
6.025596e+02 9.985865e-01 6.799785e-01
7.079458e+02 9.982017e-01 6.559692e-01
8.317638e+02 9.977127e-01 6.304653e-01
9.772372e+02 9.970917e-01 6.034402e-01
1.148154e+03 9.963037e-01 5.748848e-01
1.348963e+03 9.953047e-01 5.448126e-01
1.584893e+03 9.940399e-01 5.132661e-01
1.862087e+03 9.924408e-01 4.803243e-01
2.187762e+03 9.904231e-01 4.461107e-01
2.570396e+03 9.878835e-01 4.108022e-01
3.019952e+03 9.846965e-01 3.746382e-01
3.548134e+03 9.807125e-01 3.379280e-01
4.168694e+03 9.757554e-01 3.010559e-01
4.897788e+03 9.696231e-01 2.644811e-01
5.754399e+03 9.620900e-01 2.287297e-01
6.760830e+03 9.529144e-01 1.943762e-01
7.943282e+03 9.418504e-01 1.620126e-01
9.332543e+03 9.286662e-01 1.322048e-01
1.096478e+04 9.131680e-01 1.054401e-01
1.288250e+04 8.952273e-01 8.207419e-02
1.513561e+04 8.748080e-01 6.228761e-02
1.778279e+04 8.519868e-01 4.606420e-02
2.089296e+04 8.269626e-01 3.319861e-02
2.454709e+04 8.000494e-01 2.333270e-02
2.884032e+04 7.716537e-01 1.601190e-02
3.388442e+04 7.422404e-01 1.074747e-02
3.981072e+04 7.122928e-01 7.070638e-03
4.677351e+04 6.822756e-01 4.569688e-03
5.495409e+04 6.526059e-01 2.908026e-03
6.456542e+04 6.236344e-01 1.826294e-03
7.585776e+04 5.956379e-01 1.134260e-03
8.912509e+04 5.688202e-01 6.979751e-04
1.047129e+05 5.433185e-01 4.262530e-04
1.230269e+05 5.192134e-01 2.587060e-04
1.445440e+05 4.965397e-01 1.562324e-04
1.698244e+05 4.752967e-01 9.396971e-05
1.995262e+05 4.554573e-01 5.633859e-05
2.344229e+05 4.369759e-01 3.369066e-05
2.754229e+05 4.197945e-01 2.010608e-05
3.235937e+05 4.038473e-01 1.197963e-05
3.801894e+05 3.890647e-01 7.128601e-06
4.466836e+05 3.753753e-01 4.237666e-06
5.248075e+05 3.627086e-01 2.517116e-06
6.165950e+05 3.509954e-01 1.494195e-06
7.244360e+05 3.401694e-01 8.865361e-07
8.511380e+05 3.301672e-01 5.257955e-07
1.000000e+06 3.209291e-01 3.117485e-07
