# Models: X-axis(1) Expressions(2) Expressions(3)
# Labels: x(1) alpha(2) beta(3)
5.000000e-01 1.009400e+01 8.411000e+01
5.101010e-01 1.009400e+01 8.411000e+01
5.202020e-01 1.009400e+01 8.411000e+01
5.303030e-01 1.009400e+01 8.411000e+01
5.404040e-01 1.009400e+01 8.411000e+01
5.505051e-01 1.009400e+01 8.411000e+01
5.606061e-01 1.009400e+01 8.411000e+01
5.707071e-01 1.009400e+01 8.411000e+01
5.808081e-01 1.009400e+01 8.411000e+01
5.909091e-01 1.009400e+01 8.411000e+01
6.010101e-01 1.009400e+01 8.411000e+01
6.111111e-01 1.009400e+01 8.411000e+01
6.212121e-01 1.009400e+01 8.411000e+01
6.313131e-01 1.009400e+01 8.411000e+01
6.414141e-01 1.009400e+01 8.411000e+01
6.515152e-01 1.009400e+01 8.411000e+01
6.616162e-01 1.009400e+01 8.411000e+01
6.717172e-01 1.009400e+01 8.411000e+01
6.818182e-01 1.009400e+01 8.411000e+01
6.919192e-01 1.009400e+01 8.411000e+01
7.020202e-01 1.009400e+01 8.411000e+01
7.121212e-01 1.009400e+01 8.411000e+01
7.222222e-01 1.009400e+01 8.411000e+01
7.323232e-01 1.009400e+01 8.411000e+01
7.424242e-01 1.009400e+01 8.411000e+01
7.525253e-01 1.009400e+01 8.411000e+01
7.626263e-01 1.009400e+01 8.411000e+01
7.727273e-01 1.009400e+01 8.411000e+01
7.828283e-01 1.009400e+01 8.411000e+01
7.929293e-01 1.009400e+01 8.411000e+01
8.030303e-01 1.009400e+01 8.411000e+01
8.131313e-01 1.009400e+01 8.411000e+01
8.232323e-01 1.009400e+01 8.411000e+01
8.333333e-01 1.009400e+01 8.411000e+01
8.434343e-01 1.009400e+01 8.411000e+01
8.535354e-01 1.009400e+01 8.411000e+01
8.636364e-01 1.009400e+01 8.411000e+01
8.737374e-01 1.009400e+01 8.411000e+01
8.838384e-01 1.009400e+01 8.411000e+01
8.939394e-01 1.009400e+01 8.411000e+01
9.040404e-01 1.009400e+01 8.411000e+01
9.141414e-01 1.009400e+01 8.411000e+01
9.242424e-01 1.009400e+01 8.411000e+01
9.343434e-01 1.009400e+01 8.411000e+01
9.444444e-01 1.009400e+01 8.411000e+01
9.545455e-01 1.009400e+01 8.411000e+01
9.646465e-01 1.009400e+01 8.411000e+01
9.747475e-01 1.009400e+01 8.411000e+01
9.848485e-01 1.009400e+01 8.411000e+01
9.949495e-01 1.009400e+01 8.411000e+01
1.005051e+00 1.009400e+01 8.411000e+01
1.015152e+00 1.009400e+01 8.411000e+01
1.025253e+00 1.009400e+01 8.411000e+01
1.035354e+00 1.009400e+01 8.411000e+01
1.045455e+00 1.009400e+01 8.411000e+01
1.055556e+00 1.009400e+01 8.411000e+01
1.065657e+00 1.009400e+01 8.411000e+01
1.075758e+00 1.009400e+01 8.411000e+01
1.085859e+00 1.009400e+01 8.411000e+01
1.095960e+00 1.009400e+01 8.411000e+01
1.106061e+00 1.009400e+01 8.411000e+01
1.116162e+00 1.009400e+01 8.411000e+01
1.126263e+00 1.009400e+01 8.411000e+01
1.136364e+00 1.009400e+01 8.411000e+01
1.146465e+00 1.009400e+01 8.411000e+01
1.156566e+00 1.009400e+01 8.411000e+01
1.166667e+00 1.009400e+01 8.411000e+01
1.176768e+00 1.009400e+01 8.411000e+01
1.186869e+00 1.009400e+01 8.411000e+01
1.196970e+00 1.009400e+01 8.411000e+01
1.207071e+00 1.009400e+01 8.411000e+01
1.217172e+00 1.009400e+01 8.411000e+01
1.227273e+00 1.009400e+01 8.411000e+01
1.237374e+00 1.009400e+01 8.411000e+01
1.247475e+00 1.009400e+01 8.411000e+01
1.257576e+00 1.009400e+01 8.411000e+01
1.267677e+00 1.009400e+01 8.411000e+01
1.277778e+00 1.009400e+01 8.411000e+01
1.287879e+00 1.009400e+01 8.411000e+01
1.297980e+00 1.009400e+01 8.411000e+01
1.308081e+00 1.009400e+01 8.411000e+01
1.318182e+00 1.009400e+01 8.411000e+01
1.328283e+00 1.009400e+01 8.411000e+01
1.338384e+00 1.009400e+01 8.411000e+01
1.348485e+00 1.009400e+01 8.411000e+01
1.358586e+00 1.009400e+01 8.411000e+01
1.368687e+00 1.009400e+01 8.411000e+01
1.378788e+00 1.009400e+01 8.411000e+01
1.388889e+00 1.009400e+01 8.411000e+01
1.398990e+00 1.009400e+01 8.411000e+01
1.409091e+00 1.009400e+01 8.411000e+01
1.419192e+00 1.009400e+01 8.411000e+01
1.429293e+00 1.009400e+01 8.411000e+01
1.439394e+00 1.009400e+01 8.411000e+01
1.449495e+00 1.009400e+01 8.411000e+01
1.459596e+00 1.009400e+01 8.411000e+01
1.469697e+00 1.009400e+01 8.411000e+01
1.479798e+00 1.009400e+01 8.411000e+01
1.489899e+00 1.009400e+01 8.411000e+01
1.500000e+00 1.009400e+01 8.411000e+01
