0.000000e+00 1.000000e+00 1.000000e+00 2.736911e-48
1.500000e+02 9.999962e-01 9.999928e-01 1.769046e-16
3.000000e+02 9.999796e-01 9.999605e-01 2.756722e-14
4.500000e+02 9.999454e-01 9.998931e-01 5.284559e-13
6.000000e+02 9.998903e-01 9.997832e-01 4.295697e-12
7.500000e+02 9.998114e-01 9.996249e-01 2.182213e-11
9.000000e+02 9.997064e-01 9.994128e-01 8.234219e-11
1.050000e+03 9.995732e-01 9.991424e-01 2.530629e-10
1.200000e+03 9.994097e-01 9.988094e-01 6.692733e-10
1.350000e+03 9.992143e-01 9.984097e-01 1.578176e-09
1.500000e+03 9.989853e-01 9.979398e-01 3.399418e-09
1.650000e+03 9.987211e-01 9.973961e-01 6.805417e-09
1.800000e+03 9.984203e-01 9.967753e-01 1.282468e-08
1.950000e+03 9.980814e-01 9.960743e-01 2.297137e-08
2.100000e+03 9.977032e-01 9.952902e-01 3.940458e-08
2.250000e+03 9.972843e-01 9.944201e-01 6.512060e-08
2.400000e+03 9.968236e-01 9.934611e-01 1.041818e-07
2.550000e+03 9.963199e-01 9.924107e-01 1.619856e-07
2.700000e+03 9.957721e-01 9.912662e-01 2.455773e-07
2.850000e+03 9.951790e-01 9.900252e-01 3.640100e-07
3.000000e+03 9.945396e-01 9.886853e-01 5.287558e-07
3.150000e+03 9.938529e-01 9.872440e-01 7.541713e-07
3.300000e+03 9.931179e-01 9.856992e-01 1.058022e-06
3.450000e+03 9.923336e-01 9.840486e-01 1.462069e-06
3.600000e+03 9.914990e-01 9.822900e-01 1.992721e-06
3.750000e+03 9.906133e-01 9.804213e-01 2.681753e-06
3.900000e+03 9.896755e-01 9.784404e-01 3.567107e-06
4.050000e+03 9.886847e-01 9.763453e-01 4.693760e-06
4.200000e+03 9.876401e-01 9.741340e-01 6.114674e-06
4.350000e+03 9.865409e-01 9.718046e-01 7.891839e-06
4.500000e+03 9.853862e-01 9.693551e-01 1.009739e-05
4.650000e+03 9.841752e-01 9.667836e-01 1.281483e-05
4.800000e+03 9.829071e-01 9.640884e-01 1.614033e-05
4.950000e+03 9.815812e-01 9.612676e-01 2.018416e-05
5.100000e+03 9.801966e-01 9.583195e-01 2.507216e-05
5.250000e+03 9.787526e-01 9.552422e-01 3.094738e-05
5.400000e+03 9.772485e-01 9.520341e-01 3.797182e-05
5.550000e+03 9.756835e-01 9.486934e-01 4.632822e-05
5.700000e+03 9.740569e-01 9.452185e-01 5.622205e-05
5.850000e+03 9.723681e-01 9.416078e-01 6.788353e-05
6.000000e+03 9.706162e-01 9.378596e-01 8.156986e-05
6.150000e+03 9.688007e-01 9.339723e-01 9.756749e-05
6.300000e+03 9.669209e-01 9.299443e-01 1.161946e-04
6.450000e+03 9.649760e-01 9.257742e-01 1.378035e-04
6.600000e+03 9.629654e-01 9.214602e-01 1.627836e-04
6.750000e+03 9.608886e-01 9.170010e-01 1.915639e-04
6.900000e+03 9.587448e-01 9.123950e-01 2.246163e-04
7.050000e+03 9.565334e-01 9.076408e-01 2.624583e-04
7.200000e+03 9.542537e-01 9.027368e-01 3.056564e-04
7.350000e+03 9.519052e-01 8.976817e-01 3.548297e-04
7.500000e+03 9.494873e-01 8.924739e-01 4.106528e-04
7.650000e+03 9.469994e-01 8.871121e-01 4.738600e-04
7.800000e+03 9.444407e-01 8.815949e-01 5.452489e-04
7.950000e+03 9.418109e-01 8.759209e-01 6.256840e-04
8.100000e+03 9.391092e-01 8.700887e-01 7.161014e-04
8.250000e+03 9.363352e-01 8.640969e-01 8.175122e-04
8.400000e+03 9.334881e-01 8.579443e-01 9.310074e-04
8.550000e+03 9.305676e-01 8.516295e-01 1.057762e-03
8.700000e+03 9.275729e-01 8.451511e-01 1.199040e-03
8.850000e+03 9.245036e-01 8.385078e-01 1.356200e-03
9.000000e+03 9.213591e-01 8.316985e-01 1.530696e-03
9.150000e+03 9.181389e-01 8.247217e-01 1.724087e-03
9.300000e+03 9.148424e-01 8.175762e-01 1.938043e-03
9.450000e+03 9.114691e-01 8.102608e-01 2.174343e-03
9.600000e+03 9.080184e-01 8.027741e-01 2.434887e-03
9.750000e+03 9.044900e-01 7.951151e-01 2.721702e-03
9.900000e+03 9.008831e-01 7.872824e-01 3.036942e-03
1.005000e+04 8.971973e-01 7.792748e-01 3.382897e-03
1.020000e+04 8.934322e-01 7.710911e-01 3.761999e-03
1.035000e+04 8.895871e-01 7.627301e-01 4.176829e-03
1.050000e+04 8.856617e-01 7.541907e-01 4.630120e-03
1.065000e+04 8.816553e-01 7.454716e-01 5.124763e-03
1.080000e+04 8.775676e-01 7.365717e-01 5.663817e-03
1.095000e+04 8.733979e-01 7.274899e-01 6.250512e-03
1.110000e+04 8.691459e-01 7.182249e-01 6.888255e-03
1.125000e+04 8.648111e-01 7.087756e-01 7.580638e-03
1.140000e+04 8.603929e-01 6.991409e-01 8.331443e-03
1.155000e+04 8.558910e-01 6.893197e-01 9.144649e-03
1.170000e+04 8.513047e-01 6.793109e-01 1.002444e-02
1.185000e+04 8.466338e-01 6.691132e-01 1.097520e-02
1.200000e+04 8.418776e-01 6.587258e-01 1.200155e-02
1.215000e+04 8.370358e-01 6.481473e-01 1.310830e-02
1.230000e+04 8.321079e-01 6.373768e-01 1.430053e-02
1.245000e+04 8.270934e-01 6.264132e-01 1.558351e-02
1.260000e+04 8.219918e-01 6.152554e-01 1.696278e-02
1.275000e+04 8.168029e-01 6.039023e-01 1.844413e-02
1.290000e+04 8.115260e-01 5.923529e-01 2.003357e-02
1.305000e+04 8.061607e-01 5.806061e-01 2.173739e-02
1.320000e+04 8.007067e-01 5.686608e-01 2.356215e-02
1.335000e+04 7.951634e-01 5.565161e-01 2.551467e-02
1.350000e+04 7.895305e-01 5.441709e-01 2.760203e-02
1.365000e+04 7.838075e-01 5.316242e-01 2.983160e-02
1.380000e+04 7.779940e-01 5.188749e-01 3.221105e-02
1.395000e+04 7.720896e-01 5.059221e-01 3.474831e-02
1.410000e+04 7.660938e-01 4.927647e-01 3.745160e-02
1.425000e+04 7.600062e-01 4.794017e-01 4.032946e-02
1.440000e+04 7.538264e-01 4.658321e-01 4.339071e-02
1.455000e+04 7.475540e-01 4.520550e-01 4.664447e-02
1.470000e+04 7.411886e-01 4.380693e-01 5.010016e-02
1.485000e+04 7.347298e-01 4.238741e-01 5.376751e-02
1.500000e+04 7.281771e-01 4.094684e-01 5.765655e-02
