0.000000e+00 1.000000e+00 1.000000e+00 0.000000e+00
1.000000e+06 9.964029e-01 9.486833e-01 7.747877e-08
2.000000e+06 9.891645e-01 8.320503e-01 2.112626e-06
3.000000e+06 9.795533e-01 7.071068e-01 1.414951e-05
4.000000e+06 9.681939e-01 6.000000e-01 5.305584e-05
5.000000e+06 9.555323e-01 5.144958e-01 1.443657e-04
6.000000e+06 9.419172e-01 4.472136e-01 3.202160e-04
7.000000e+06 9.276302e-01 3.939193e-01 6.163504e-04
8.000000e+06 9.129002e-01 3.511234e-01 1.068992e-03
9.000000e+06 8.979138e-01 3.162278e-01 1.712120e-03
1.000000e+07 8.828216e-01 2.873479e-01 2.575426e-03
1.100000e+07 8.677442e-01 2.631174e-01 3.683015e-03
1.200000e+07 8.527775e-01 2.425356e-01 5.052794e-03
1.300000e+07 8.379963e-01 2.248595e-01 6.696406e-03
1.400000e+07 8.234579e-01 2.095291e-01 8.619580e-03
1.500000e+07 8.092058e-01 1.961161e-01 1.082273e-02
1.600000e+07 7.952716e-01 1.842885e-01 1.330170e-02
1.700000e+07 7.816773e-01 1.737853e-01 1.604856e-02
1.800000e+07 7.684376e-01 1.643990e-01 1.905239e-02
1.900000e+07 7.555609e-01 1.559626e-01 2.230002e-02
2.000000e+07 7.430508e-01 1.483405e-01 2.577664e-02
2.100000e+07 7.309071e-01 1.414214e-01 2.946643e-02
2.200000e+07 7.191267e-01 1.351132e-01 3.335294e-02
2.300000e+07 7.077040e-01 1.293392e-01 3.741956e-02
2.400000e+07 6.966320e-01 1.240347e-01 4.164978e-02
2.500000e+07 6.859022e-01 1.191452e-01 4.602744e-02
2.600000e+07 6.755052e-01 1.146241e-01 5.053690e-02
2.700000e+07 6.654311e-01 1.104315e-01 5.516319e-02
2.800000e+07 6.556697e-01 1.065331e-01 5.989209e-02
2.900000e+07 6.462102e-01 1.028992e-01 6.471017e-02
3.000000e+07 6.370422e-01 9.950372e-02 6.960485e-02
3.100000e+07 6.281551e-01 9.632419e-02 7.456437e-02
3.200000e+07 6.195385e-01 9.334071e-02 7.957784e-02
3.300000e+07 6.111821e-01 9.053575e-02 8.463514e-02
3.400000e+07 6.030761e-01 8.789381e-02 8.972698e-02
3.500000e+07 5.952107e-01 8.540114e-02 9.484481e-02
3.600000e+07 5.875766e-01 8.304548e-02 9.998077e-02
3.700000e+07 5.801647e-01 8.081587e-02 1.051277e-01
3.800000e+07 5.729664e-01 7.870249e-02 1.102791e-01
3.900000e+07 5.659732e-01 7.669650e-02 1.154291e-01
4.000000e+07 5.591771e-01 7.478995e-02 1.205722e-01
4.100000e+07 5.525704e-01 7.297564e-02 1.257036e-01
4.200000e+07 5.461458e-01 7.124705e-02 1.308190e-01
4.300000e+07 5.398960e-01 6.959826e-02 1.359143e-01
4.400000e+07 5.338145e-01 6.802389e-02 1.409861e-01
4.500000e+07 5.278947e-01 6.651901e-02 1.460312e-01
4.600000e+07 5.221305e-01 6.507914e-02 1.510467e-01
4.700000e+07 5.165159e-01 6.370015e-02 1.560302e-01
4.800000e+07 5.110453e-01 6.237829e-02 1.609794e-01
4.900000e+07 5.057133e-01 6.111006e-02 1.658924e-01
5.000000e+07 5.005149e-01 5.989229e-02 1.707675e-01
5.100000e+07 4.954450e-01 5.872202e-02 1.756032e-01
5.200000e+07 4.904990e-01 5.759654e-02 1.803982e-01
5.300000e+07 4.856725e-01 5.651331e-02 1.851514e-01
5.400000e+07 4.809611e-01 5.547002e-02 1.898618e-01
5.500000e+07 4.763608e-01 5.446449e-02 1.945287e-01
5.600000e+07 4.718676e-01 5.349472e-02 1.991515e-01
5.700000e+07 4.674778e-01 5.255883e-02 2.037295e-01
5.800000e+07 4.631879e-01 5.165509e-02 2.082623e-01
5.900000e+07 4.589944e-01 5.078185e-02 2.127498e-01
6.000000e+07 4.548941e-01 4.993762e-02 2.171916e-01
6.100000e+07 4.508839e-01 4.912096e-02 2.215875e-01
6.200000e+07 4.469606e-01 4.833055e-02 2.259377e-01
6.300000e+07 4.431216e-01 4.756515e-02 2.302420e-01
6.400000e+07 4.393640e-01 4.682359e-02 2.345005e-01
6.500000e+07 4.356853e-01 4.610477e-02 2.387133e-01
6.600000e+07 4.320828e-01 4.540766e-02 2.428807e-01
6.700000e+07 4.285542e-01 4.473130e-02 2.470028e-01
6.800000e+07 4.250972e-01 4.407478e-02 2.510799e-01
6.900000e+07 4.217095e-01 4.343722e-02 2.551123e-01
7.000000e+07 4.183891e-01 4.281784e-02 2.591003e-01
7.100000e+07 4.151338e-01 4.221585e-02 2.630443e-01
7.200000e+07 4.119417e-01 4.163054e-02 2.669446e-01
7.300000e+07 4.088110e-01 4.106123e-02 2.708016e-01
7.400000e+07 4.057397e-01 4.050727e-02 2.746158e-01
7.500000e+07 4.027262e-01 3.996804e-02 2.783876e-01
7.600000e+07 3.997688e-01 3.944297e-02 2.821173e-01
7.700000e+07 3.968659e-01 3.893150e-02 2.858056e-01
7.800000e+07 3.940159e-01 3.843312e-02 2.894528e-01
7.900000e+07 3.912173e-01 3.794733e-02 2.930594e-01
8.000000e+07 3.884687e-01 3.747366e-02 2.966258e-01
8.100000e+07 3.857687e-01 3.701166e-02 3.001527e-01
8.200000e+07 3.831159e-01 3.656091e-02 3.036405e-01
8.300000e+07 3.805092e-01 3.612099e-02 3.070895e-01
8.400000e+07 3.779472e-01 3.569153e-02 3.105005e-01
8.500000e+07 3.754287e-01 3.527216e-02 3.138738e-01
8.600000e+07 3.729527e-01 3.486252e-02 3.172099e-01
8.700000e+07 3.705179e-01 3.446228e-02 3.205094e-01
8.800000e+07 3.681234e-01 3.407112e-02 3.237727e-01
8.900000e+07 3.657680e-01 3.368873e-02 3.270004e-01
9.000000e+07 3.634508e-01 3.331483e-02 3.301928e-01
9.100000e+07 3.611708e-01 3.294913e-02 3.333506e-01
9.200000e+07 3.589271e-01 3.259137e-02 3.364741e-01
9.300000e+07 3.567187e-01 3.224129e-02 3.395639e-01
9.400000e+07 3.545449e-01 3.189865e-02 3.426204e-01
9.500000e+07 3.524047e-01 3.156321e-02 3.456441e-01
9.600000e+07 3.502974e-01 3.123475e-02 3.486355e-01
9.700000e+07 3.482221e-01 3.091305e-02 3.515950e-01
9.800000e+07 3.461781e-01 3.059791e-02 3.545231e-01
9.900000e+07 3.441646e-01 3.028913e-02 3.574202e-01
1.000000e+08 3.421810e-01 2.998651e-02 3.602868e-01
1.010000e+08 3.402265e-01 2.968988e-02 3.631233e-01
1.020000e+08 3.383005e-01 2.939905e-02 3.659302e-01
1.030000e+08 3.364023e-01 2.911387e-02 3.687078e-01
1.040000e+08 3.345312e-01 2.883416e-02 3.714567e-01
1.050000e+08 3.326867e-01 2.855977e-02 3.741771e-01
1.060000e+08 3.308682e-01 2.829056e-02 3.768696e-01
1.070000e+08 3.290751e-01 2.802637e-02 3.795345e-01
1.080000e+08 3.273069e-01 2.776707e-02 3.821722e-01
1.090000e+08 3.255629e-01 2.751252e-02 3.847832e-01
1.100000e+08 3.238427e-01 2.726259e-02 3.873677e-01
1.110000e+08 3.221458e-01 2.701716e-02 3.899263e-01
1.120000e+08 3.204716e-01 2.677611e-02 3.924592e-01
1.130000e+08 3.188197e-01 2.653932e-02 3.949668e-01
1.140000e+08 3.171897e-01 2.630668e-02 3.974495e-01
1.150000e+08 3.155809e-01 2.607808e-02 3.999077e-01
1.160000e+08 3.139931e-01 2.585342e-02 4.023416e-01
1.170000e+08 3.124258e-01 2.563260e-02 4.047517e-01
1.180000e+08 3.108786e-01 2.541552e-02 4.071383e-01
1.190000e+08 3.093510e-01 2.520208e-02 4.095017e-01
1.200000e+08 3.078427e-01 2.499219e-02 4.118423e-01
1.210000e+08 3.063532e-01 2.478577e-02 4.141603e-01
1.220000e+08 3.048823e-01 2.458273e-02 4.164561e-01
1.230000e+08 3.034295e-01 2.438299e-02 4.187301e-01
1.240000e+08 3.019945e-01 2.418647e-02 4.209824e-01
1.250000e+08 3.005770e-01 2.399309e-02 4.232135e-01
1.260000e+08 2.991766e-01 2.380278e-02 4.254236e-01
1.270000e+08 2.977929e-01 2.361546e-02 4.276129e-01
1.280000e+08 2.964257e-01 2.343107e-02 4.297819e-01
1.290000e+08 2.950747e-01 2.324953e-02 4.319308e-01
1.300000e+08 2.937395e-01 2.307078e-02 4.340598e-01
1.310000e+08 2.924199e-01 2.289476e-02 4.361692e-01
1.320000e+08 2.911155e-01 2.272141e-02 4.382593e-01
1.330000e+08 2.898261e-01 2.255065e-02 4.403304e-01
1.340000e+08 2.885515e-01 2.238245e-02 4.423828e-01
1.350000e+08 2.872912e-01 2.221674e-02 4.444166e-01
1.360000e+08 2.860452e-01 2.205346e-02 4.464321e-01
1.370000e+08 2.848131e-01 2.189256e-02 4.484296e-01
1.380000e+08 2.835947e-01 2.173400e-02 4.504094e-01
1.390000e+08 2.823897e-01 2.157771e-02 4.523715e-01
1.400000e+08 2.811980e-01 2.142365e-02 4.543164e-01
1.410000e+08 2.800192e-01 2.127178e-02 4.562443e-01
1.420000e+08 2.788532e-01 2.112205e-02 4.581552e-01
1.430000e+08 2.776997e-01 2.097441e-02 4.600496e-01
1.440000e+08 2.765585e-01 2.082881e-02 4.619275e-01
1.450000e+08 2.754294e-01 2.068523e-02 4.637893e-01
1.460000e+08 2.743123e-01 2.054361e-02 4.656351e-01
1.470000e+08 2.732068e-01 2.040391e-02 4.674651e-01
1.480000e+08 2.721129e-01 2.026611e-02 4.692795e-01
1.490000e+08 2.710303e-01 2.013015e-02 4.710786e-01
1.500000e+08 2.699588e-01 1.999600e-02 4.728626e-01
1.510000e+08 2.688983e-01 1.986363e-02 4.746315e-01
1.520000e+08 2.678485e-01 1.973300e-02 4.763857e-01
1.530000e+08 2.668093e-01 1.960407e-02 4.781253e-01
1.540000e+08 2.657806e-01 1.947682e-02 4.798506e-01
1.550000e+08 2.647621e-01 1.935121e-02 4.815616e-01
1.560000e+08 2.637538e-01 1.922721e-02 4.832585e-01
1.570000e+08 2.627553e-01 1.910479e-02 4.849416e-01
1.580000e+08 2.617667e-01 1.898392e-02 4.866111e-01
1.590000e+08 2.607877e-01 1.886457e-02 4.882670e-01
1.600000e+08 2.598181e-01 1.874670e-02 4.899095e-01
1.610000e+08 2.588579e-01 1.863031e-02 4.915389e-01
1.620000e+08 2.579069e-01 1.851534e-02 4.931553e-01
1.630000e+08 2.569649e-01 1.840179e-02 4.947588e-01
1.640000e+08 2.560319e-01 1.828962e-02 4.963496e-01
1.650000e+08 2.551076e-01 1.817881e-02 4.979279e-01
1.660000e+08 2.541920e-01 1.806934e-02 4.994938e-01
1.670000e+08 2.532849e-01 1.796117e-02 5.010475e-01
1.680000e+08 2.523861e-01 1.785430e-02 5.025890e-01
1.690000e+08 2.514957e-01 1.774868e-02 5.041187e-01
1.700000e+08 2.506134e-01 1.764431e-02 5.056365e-01
1.710000e+08 2.497391e-01 1.754116e-02 5.071426e-01
1.720000e+08 2.488727e-01 1.743921e-02 5.086373e-01
1.730000e+08 2.480141e-01 1.733843e-02 5.101205e-01
1.740000e+08 2.471632e-01 1.723882e-02 5.115925e-01
1.750000e+08 2.463199e-01 1.714034e-02 5.130534e-01
1.760000e+08 2.454841e-01 1.704298e-02 5.145033e-01
1.770000e+08 2.446556e-01 1.694672e-02 5.159423e-01
1.780000e+08 2.438343e-01 1.685154e-02 5.173707e-01
1.790000e+08 2.430203e-01 1.675742e-02 5.187884e-01
1.800000e+08 2.422132e-01 1.666435e-02 5.201956e-01
1.810000e+08 2.414132e-01 1.657231e-02 5.215924e-01
1.820000e+08 2.406200e-01 1.648128e-02 5.229790e-01
1.830000e+08 2.398335e-01 1.639124e-02 5.243555e-01
1.840000e+08 2.390538e-01 1.630218e-02 5.257220e-01
1.850000e+08 2.382806e-01 1.621408e-02 5.270786e-01
1.860000e+08 2.375139e-01 1.612693e-02 5.284254e-01
1.870000e+08 2.367536e-01 1.604072e-02 5.297625e-01
1.880000e+08 2.359997e-01 1.595542e-02 5.310900e-01
1.890000e+08 2.352520e-01 1.587102e-02 5.324081e-01
1.900000e+08 2.345104e-01 1.578751e-02 5.337168e-01
1.910000e+08 2.337749e-01 1.570487e-02 5.350163e-01
1.920000e+08 2.330454e-01 1.562309e-02 5.363066e-01
1.930000e+08 2.323219e-01 1.554216e-02 5.375879e-01
1.940000e+08 2.316041e-01 1.546207e-02 5.388602e-01
1.950000e+08 2.308922e-01 1.538280e-02 5.401237e-01
1.960000e+08 2.301859e-01 1.530433e-02 5.413784e-01
1.970000e+08 2.294852e-01 1.522666e-02 5.426245e-01
1.980000e+08 2.287901e-01 1.514978e-02 5.438620e-01
1.990000e+08 2.281005e-01 1.507366e-02 5.450910e-01
2.000000e+08 2.274163e-01 1.499831e-02 5.463117e-01
2.010000e+08 2.267374e-01 1.492371e-02 5.475240e-01
2.020000e+08 2.260638e-01 1.484985e-02 5.487282e-01
2.030000e+08 2.253953e-01 1.477671e-02 5.499242e-01
2.040000e+08 2.247321e-01 1.470429e-02 5.511122e-01
2.050000e+08 2.240739e-01 1.463258e-02 5.522923e-01
2.060000e+08 2.234207e-01 1.456156e-02 5.534645e-01
2.070000e+08 2.227725e-01 1.449123e-02 5.546289e-01
2.080000e+08 2.221292e-01 1.442158e-02 5.557856e-01
2.090000e+08 2.214907e-01 1.435259e-02 5.569347e-01
2.100000e+08 2.208570e-01 1.428426e-02 5.580762e-01
2.110000e+08 2.202280e-01 1.421657e-02 5.592103e-01
2.120000e+08 2.196037e-01 1.414953e-02 5.603370e-01
2.130000e+08 2.189840e-01 1.408311e-02 5.614564e-01
2.140000e+08 2.183688e-01 1.401731e-02 5.625686e-01
2.150000e+08 2.177581e-01 1.395213e-02 5.636736e-01
2.160000e+08 2.171519e-01 1.388755e-02 5.647715e-01
2.170000e+08 2.165501e-01 1.382356e-02 5.658624e-01
2.180000e+08 2.159526e-01 1.376017e-02 5.669463e-01
2.190000e+08 2.153594e-01 1.369735e-02 5.680234e-01
2.200000e+08 2.147705e-01 1.363510e-02 5.690937e-01
2.210000e+08 2.141858e-01 1.357341e-02 5.701572e-01
2.220000e+08 2.136052e-01 1.351228e-02 5.712140e-01
2.230000e+08 2.130287e-01 1.345170e-02 5.722643e-01
2.240000e+08 2.124563e-01 1.339166e-02 5.733080e-01
2.250000e+08 2.118878e-01 1.333215e-02 5.743452e-01
2.260000e+08 2.113234e-01 1.327317e-02 5.753760e-01
2.270000e+08 2.107628e-01 1.321471e-02 5.764005e-01
2.280000e+08 2.102061e-01 1.315676e-02 5.774186e-01
2.290000e+08 2.096533e-01 1.309931e-02 5.784306e-01
2.300000e+08 2.091043e-01 1.304237e-02 5.794363e-01
2.310000e+08 2.085590e-01 1.298592e-02 5.804360e-01
2.320000e+08 2.080174e-01 1.292995e-02 5.814296e-01
2.330000e+08 2.074794e-01 1.287447e-02 5.824172e-01
2.340000e+08 2.069452e-01 1.281946e-02 5.833989e-01
2.350000e+08 2.064144e-01 1.276492e-02 5.843747e-01
2.360000e+08 2.058873e-01 1.271084e-02 5.853447e-01
2.370000e+08 2.053636e-01 1.265721e-02 5.863089e-01
2.380000e+08 2.048435e-01 1.260404e-02 5.872674e-01
2.390000e+08 2.043267e-01 1.255131e-02 5.882202e-01
2.400000e+08 2.038134e-01 1.249902e-02 5.891675e-01
2.410000e+08 2.033034e-01 1.244717e-02 5.901091e-01
2.420000e+08 2.027968e-01 1.239574e-02 5.910453e-01
2.430000e+08 2.022934e-01 1.234474e-02 5.919760e-01
2.440000e+08 2.017933e-01 1.229415e-02 5.929014e-01
2.450000e+08 2.012965e-01 1.224398e-02 5.938213e-01
2.460000e+08 2.008028e-01 1.219422e-02 5.947360e-01
2.470000e+08 2.003123e-01 1.214485e-02 5.956454e-01
2.480000e+08 1.998249e-01 1.209589e-02 5.965496e-01
2.490000e+08 1.993406e-01 1.204732e-02 5.974486e-01
2.500000e+08 1.988593e-01 1.199914e-02 5.983425e-01
2.510000e+08 1.983811e-01 1.195134e-02 5.992314e-01
2.520000e+08 1.979059e-01 1.190392e-02 6.001152e-01
2.530000e+08 1.974337e-01 1.185687e-02 6.009941e-01
2.540000e+08 1.969644e-01 1.181020e-02 6.018680e-01
2.550000e+08 1.964981e-01 1.176389e-02 6.027371e-01
2.560000e+08 1.960346e-01 1.171795e-02 6.036012e-01
2.570000e+08 1.955739e-01 1.167236e-02 6.044606e-01
2.580000e+08 1.951161e-01 1.162712e-02 6.053153e-01
2.590000e+08 1.946611e-01 1.158223e-02 6.061652e-01
2.600000e+08 1.942089e-01 1.153769e-02 6.070104e-01
2.610000e+08 1.937594e-01 1.149349e-02 6.078510e-01
2.620000e+08 1.933126e-01 1.144963e-02 6.086870e-01
2.630000e+08 1.928685e-01 1.140610e-02 6.095185e-01
2.640000e+08 1.924271e-01 1.136290e-02 6.103454e-01
2.650000e+08 1.919883e-01 1.132003e-02 6.111678e-01
2.660000e+08 1.915521e-01 1.127748e-02 6.119859e-01
2.670000e+08 1.911185e-01 1.123525e-02 6.127995e-01
2.680000e+08 1.906875e-01 1.119333e-02 6.136087e-01
2.690000e+08 1.902590e-01 1.115172e-02 6.144137e-01
2.700000e+08 1.898330e-01 1.111043e-02 6.152143e-01
2.710000e+08 1.894096e-01 1.106943e-02 6.160107e-01
2.720000e+08 1.889886e-01 1.102874e-02 6.168028e-01
2.730000e+08 1.885700e-01 1.098835e-02 6.175908e-01
2.740000e+08 1.881538e-01 1.094825e-02 6.183747e-01
2.750000e+08 1.877401e-01 1.090844e-02 6.191544e-01
2.760000e+08 1.873287e-01 1.086892e-02 6.199300e-01
2.770000e+08 1.869197e-01 1.082969e-02 6.207016e-01
2.780000e+08 1.865130e-01 1.079074e-02 6.214692e-01
2.790000e+08 1.861087e-01 1.075207e-02 6.222329e-01
2.800000e+08 1.857066e-01 1.071367e-02 6.229925e-01
2.810000e+08 1.853068e-01 1.067555e-02 6.237483e-01
2.820000e+08 1.849092e-01 1.063770e-02 6.245002e-01
2.830000e+08 1.845139e-01 1.060011e-02 6.252482e-01
2.840000e+08 1.841208e-01 1.056279e-02 6.259924e-01
2.850000e+08 1.837299e-01 1.052573e-02 6.267329e-01
2.860000e+08 1.833411e-01 1.048893e-02 6.274696e-01
2.870000e+08 1.829545e-01 1.045239e-02 6.282025e-01
2.880000e+08 1.825700e-01 1.041610e-02 6.289318e-01
2.890000e+08 1.821877e-01 1.038006e-02 6.296574e-01
2.900000e+08 1.818074e-01 1.034427e-02 6.303793e-01
2.910000e+08 1.814292e-01 1.030873e-02 6.310977e-01
2.920000e+08 1.810530e-01 1.027343e-02 6.318125e-01
2.930000e+08 1.806789e-01 1.023837e-02 6.325237e-01
2.940000e+08 1.803069e-01 1.020355e-02 6.332314e-01
2.950000e+08 1.799368e-01 1.016897e-02 6.339356e-01
2.960000e+08 1.795687e-01 1.013461e-02 6.346363e-01
2.970000e+08 1.792026e-01 1.010049e-02 6.353336e-01
2.980000e+08 1.788384e-01 1.006660e-02 6.360275e-01
2.990000e+08 1.784762e-01 1.003294e-02 6.367180e-01
3.000000e+08 1.781159e-01 9.999500e-03 6.374052e-01
3.010000e+08 1.777574e-01 9.966282e-03 6.380890e-01
3.020000e+08 1.774009e-01 9.933285e-03 6.387695e-01
3.030000e+08 1.770463e-01 9.900505e-03 6.394467e-01
3.040000e+08 1.766935e-01 9.867941e-03 6.401207e-01
3.050000e+08 1.763425e-01 9.835590e-03 6.407914e-01
3.060000e+08 1.759934e-01 9.803450e-03 6.414590e-01
3.070000e+08 1.756460e-01 9.771520e-03 6.421233e-01
3.080000e+08 1.753005e-01 9.739798e-03 6.427845e-01
3.090000e+08 1.749567e-01 9.708280e-03 6.434426e-01
3.100000e+08 1.746147e-01 9.676966e-03 6.440975e-01
3.110000e+08 1.742745e-01 9.645853e-03 6.447494e-01
3.120000e+08 1.739360e-01 9.614940e-03 6.453982e-01
3.130000e+08 1.735992e-01 9.584224e-03 6.460439e-01
3.140000e+08 1.732641e-01 9.553704e-03 6.466866e-01
3.150000e+08 1.729307e-01 9.523378e-03 6.473264e-01
3.160000e+08 1.725990e-01 9.493243e-03 6.479631e-01
3.170000e+08 1.722689e-01 9.463299e-03 6.485969e-01
3.180000e+08 1.719405e-01 9.433542e-03 6.492278e-01
3.190000e+08 1.716137e-01 9.403973e-03 6.498558e-01
3.200000e+08 1.712886e-01 9.374588e-03 6.504809e-01
3.210000e+08 1.709651e-01 9.345386e-03 6.511031e-01
3.220000e+08 1.706432e-01 9.316366e-03 6.517225e-01
3.230000e+08 1.703228e-01 9.287525e-03 6.523390e-01
3.240000e+08 1.700040e-01 9.258862e-03 6.529528e-01
3.250000e+08 1.696868e-01 9.230376e-03 6.535637e-01
3.260000e+08 1.693712e-01 9.202064e-03 6.541720e-01
3.270000e+08 1.690571e-01 9.173926e-03 6.547774e-01
3.280000e+08 1.687445e-01 9.145959e-03 6.553801e-01
3.290000e+08 1.684334e-01 9.118162e-03 6.559802e-01
3.300000e+08 1.681238e-01 9.090533e-03 6.565775e-01
3.310000e+08 1.678157e-01 9.063072e-03 6.571722e-01
3.320000e+08 1.675091e-01 9.035776e-03 6.577642e-01
3.330000e+08 1.672040e-01 9.008643e-03 6.583537e-01
3.340000e+08 1.669003e-01 8.981674e-03 6.589405e-01
3.350000e+08 1.665980e-01 8.954865e-03 6.595247e-01
3.360000e+08 1.662972e-01 8.928216e-03 6.601063e-01
3.370000e+08 1.659978e-01 8.901724e-03 6.606854e-01
3.380000e+08 1.656998e-01 8.875390e-03 6.612619e-01
3.390000e+08 1.654032e-01 8.849211e-03 6.618360e-01
3.400000e+08 1.651081e-01 8.823186e-03 6.624075e-01
3.410000e+08 1.648142e-01 8.797314e-03 6.629766e-01
3.420000e+08 1.645218e-01 8.771592e-03 6.635431e-01
3.430000e+08 1.642307e-01 8.746021e-03 6.641073e-01
3.440000e+08 1.639410e-01 8.720599e-03 6.646690e-01
3.450000e+08 1.636526e-01 8.695323e-03 6.652283e-01
3.460000e+08 1.633655e-01 8.670194e-03 6.657851e-01
3.470000e+08 1.630798e-01 8.645210e-03 6.663396e-01
3.480000e+08 1.627953e-01 8.620369e-03 6.668918e-01
3.490000e+08 1.625122e-01 8.595671e-03 6.674416e-01
3.500000e+08 1.622303e-01 8.571114e-03 6.679890e-01
3.510000e+08 1.619497e-01 8.546696e-03 6.685342e-01
3.520000e+08 1.616704e-01 8.522418e-03 6.690770e-01
3.530000e+08 1.613924e-01 8.498277e-03 6.696175e-01
3.540000e+08 1.611156e-01 8.474272e-03 6.701558e-01
3.550000e+08 1.608401e-01 8.450402e-03 6.706918e-01
3.560000e+08 1.605657e-01 8.426667e-03 6.712256e-01
3.570000e+08 1.602927e-01 8.403065e-03 6.717572e-01
3.580000e+08 1.600208e-01 8.379594e-03 6.722865e-01
3.590000e+08 1.597501e-01 8.356254e-03 6.728137e-01
3.600000e+08 1.594807e-01 8.333044e-03 6.733386e-01
3.610000e+08 1.592124e-01 8.309962e-03 6.738614e-01
3.620000e+08 1.589453e-01 8.287008e-03 6.743821e-01
3.630000e+08 1.586794e-01 8.264181e-03 6.749006e-01
3.640000e+08 1.584146e-01 8.241478e-03 6.754170e-01
3.650000e+08 1.581510e-01 8.218900e-03 6.759312e-01
3.660000e+08 1.578886e-01 8.196446e-03 6.764434e-01
3.670000e+08 1.576273e-01 8.174114e-03 6.769535e-01
3.680000e+08 1.573671e-01 8.151903e-03 6.774615e-01
3.690000e+08 1.571081e-01 8.129813e-03 6.779675e-01
3.700000e+08 1.568501e-01 8.107842e-03 6.784714e-01
3.710000e+08 1.565933e-01 8.085989e-03 6.789733e-01
3.720000e+08 1.563376e-01 8.064254e-03 6.794731e-01
3.730000e+08 1.560830e-01 8.042635e-03 6.799710e-01
3.740000e+08 1.558294e-01 8.021132e-03 6.804669e-01
3.750000e+08 1.555770e-01 7.999744e-03 6.809608e-01
3.760000e+08 1.553256e-01 7.978469e-03 6.814527e-01
3.770000e+08 1.550753e-01 7.957308e-03 6.819427e-01
3.780000e+08 1.548260e-01 7.936258e-03 6.824307e-01
3.790000e+08 1.545778e-01 7.915319e-03 6.829168e-01
3.800000e+08 1.543306e-01 7.894491e-03 6.834010e-01
3.810000e+08 1.540845e-01 7.873772e-03 6.838833e-01
3.820000e+08 1.538394e-01 7.853161e-03 6.843637e-01
3.830000e+08 1.535953e-01 7.832658e-03 6.848422e-01
3.840000e+08 1.533522e-01 7.812262e-03 6.853189e-01
3.850000e+08 1.531101e-01 7.791971e-03 6.857937e-01
3.860000e+08 1.528691e-01 7.771786e-03 6.862666e-01
3.870000e+08 1.526290e-01 7.751705e-03 6.867377e-01
3.880000e+08 1.523899e-01 7.731728e-03 6.872070e-01
3.890000e+08 1.521518e-01 7.711853e-03 6.876745e-01
3.900000e+08 1.519147e-01 7.692080e-03 6.881402e-01
3.910000e+08 1.516786e-01 7.672408e-03 6.886041e-01
3.920000e+08 1.514434e-01 7.652837e-03 6.890662e-01
3.930000e+08 1.512091e-01 7.633365e-03 6.895265e-01
3.940000e+08 1.509758e-01 7.613992e-03 6.899851e-01
3.950000e+08 1.507435e-01 7.594718e-03 6.904419e-01
3.960000e+08 1.505121e-01 7.575540e-03 6.908971e-01
3.970000e+08 1.502816e-01 7.556459e-03 6.913504e-01
3.980000e+08 1.500521e-01 7.537474e-03 6.918021e-01
3.990000e+08 1.498234e-01 7.518584e-03 6.922521e-01
4.000000e+08 1.495957e-01 7.499789e-03 6.927004e-01
4.010000e+08 1.493689e-01 7.481087e-03 6.931469e-01
4.020000e+08 1.491430e-01 7.462479e-03 6.935919e-01
4.030000e+08 1.489180e-01 7.443962e-03 6.940351e-01
4.040000e+08 1.486939e-01 7.425538e-03 6.944767e-01
4.050000e+08 1.484706e-01 7.407204e-03 6.949167e-01
4.060000e+08 1.482482e-01 7.388961e-03 6.953550e-01
4.070000e+08 1.480268e-01 7.370807e-03 6.957917e-01
4.080000e+08 1.478061e-01 7.352742e-03 6.962268e-01
4.090000e+08 1.475864e-01 7.334766e-03 6.966603e-01
4.100000e+08 1.473675e-01 7.316877e-03 6.970922e-01
4.110000e+08 1.471494e-01 7.299076e-03 6.975225e-01
4.120000e+08 1.469322e-01 7.281360e-03 6.979512e-01
4.130000e+08 1.467159e-01 7.263731e-03 6.983784e-01
4.140000e+08 1.465003e-01 7.246187e-03 6.988040e-01
4.150000e+08 1.462856e-01 7.228727e-03 6.992280e-01
4.160000e+08 1.460718e-01 7.211351e-03 6.996506e-01
4.170000e+08 1.458587e-01 7.194058e-03 7.000715e-01
4.180000e+08 1.456465e-01 7.176849e-03 7.004910e-01
4.190000e+08 1.454350e-01 7.159721e-03 7.009090e-01
4.200000e+08 1.452244e-01 7.142675e-03 7.013254e-01
4.210000e+08 1.450146e-01 7.125710e-03 7.017404e-01
4.220000e+08 1.448055e-01 7.108825e-03 7.021538e-01
4.230000e+08 1.445973e-01 7.092020e-03 7.025658e-01
4.240000e+08 1.443899e-01 7.075295e-03 7.029763e-01
4.250000e+08 1.441832e-01 7.058648e-03 7.033854e-01
4.260000e+08 1.439773e-01 7.042079e-03 7.037930e-01
4.270000e+08 1.437721e-01 7.025588e-03 7.041991e-01
4.280000e+08 1.435678e-01 7.009174e-03 7.046039e-01
4.290000e+08 1.433642e-01 6.992836e-03 7.050072e-01
4.300000e+08 1.431613e-01 6.976574e-03 7.054090e-01
4.310000e+08 1.429593e-01 6.960388e-03 7.058095e-01
4.320000e+08 1.427579e-01 6.944277e-03 7.062085e-01
4.330000e+08 1.425573e-01 6.928240e-03 7.066062e-01
4.340000e+08 1.423575e-01 6.912277e-03 7.070025e-01
4.350000e+08 1.421583e-01 6.896388e-03 7.073974e-01
4.360000e+08 1.419599e-01 6.880571e-03 7.077909e-01
4.370000e+08 1.417623e-01 6.864827e-03 7.081830e-01
4.380000e+08 1.415653e-01 6.849154e-03 7.085738e-01
4.390000e+08 1.413691e-01 6.833553e-03 7.089633e-01
4.400000e+08 1.411736e-01 6.818023e-03 7.093514e-01
4.410000e+08 1.409788e-01 6.802564e-03 7.097381e-01
4.420000e+08 1.407847e-01 6.787174e-03 7.101236e-01
4.430000e+08 1.405913e-01 6.771854e-03 7.105077e-01
4.440000e+08 1.403986e-01 6.756603e-03 7.108905e-01
4.450000e+08 1.402066e-01 6.741420e-03 7.112720e-01
4.460000e+08 1.400152e-01 6.726305e-03 7.116522e-01
4.470000e+08 1.398246e-01 6.711258e-03 7.120311e-01
4.480000e+08 1.396347e-01 6.696278e-03 7.124087e-01
4.490000e+08 1.394454e-01 6.681365e-03 7.127850e-01
4.500000e+08 1.392568e-01 6.666519e-03 7.131601e-01
4.510000e+08 1.390688e-01 6.651738e-03 7.135339e-01
4.520000e+08 1.388816e-01 6.637022e-03 7.139065e-01
4.530000e+08 1.386950e-01 6.622371e-03 7.142778e-01
4.540000e+08 1.385090e-01 6.607785e-03 7.146478e-01
4.550000e+08 1.383237e-01 6.593263e-03 7.150166e-01
4.560000e+08 1.381391e-01 6.578805e-03 7.153842e-01
4.570000e+08 1.379551e-01 6.564410e-03 7.157506e-01
4.580000e+08 1.377717e-01 6.550078e-03 7.161157e-01
4.590000e+08 1.375890e-01 6.535808e-03 7.164797e-01
4.600000e+08 1.374069e-01 6.521600e-03 7.168424e-01
4.610000e+08 1.372254e-01 6.507454e-03 7.172039e-01
4.620000e+08 1.370446e-01 6.493370e-03 7.175643e-01
4.630000e+08 1.368644e-01 6.479346e-03 7.179234e-01
4.640000e+08 1.366848e-01 6.465382e-03 7.182814e-01
4.650000e+08 1.365059e-01 6.451479e-03 7.186382e-01
4.660000e+08 1.363275e-01 6.437635e-03 7.189938e-01
4.670000e+08 1.361498e-01 6.423850e-03 7.193483e-01
4.680000e+08 1.359727e-01 6.410125e-03 7.197016e-01
4.690000e+08 1.357962e-01 6.396458e-03 7.200538e-01
4.700000e+08 1.356203e-01 6.382849e-03 7.204048e-01
4.710000e+08 1.354449e-01 6.369298e-03 7.207547e-01
4.720000e+08 1.352702e-01 6.355804e-03 7.211035e-01
4.730000e+08 1.350961e-01 6.342367e-03 7.214511e-01
4.740000e+08 1.349225e-01 6.328987e-03 7.217976e-01
4.750000e+08 1.347496e-01 6.315664e-03 7.221430e-01
4.760000e+08 1.345772e-01 6.302396e-03 7.224873e-01
4.770000e+08 1.344054e-01 6.289184e-03 7.228305e-01
4.780000e+08 1.342342e-01 6.276027e-03 7.231726e-01
4.790000e+08 1.340635e-01 6.262925e-03 7.235136e-01
4.800000e+08 1.338934e-01 6.249878e-03 7.238535e-01
4.810000e+08 1.337239e-01 6.236885e-03 7.241924e-01
4.820000e+08 1.335550e-01 6.223946e-03 7.245302e-01
4.830000e+08 1.333866e-01 6.211060e-03 7.248669e-01
4.840000e+08 1.332187e-01 6.198228e-03 7.252025e-01
4.850000e+08 1.330515e-01 6.185449e-03 7.255371e-01
4.860000e+08 1.328847e-01 6.172722e-03 7.258706e-01
4.870000e+08 1.327185e-01 6.160047e-03 7.262031e-01
4.880000e+08 1.325529e-01 6.147425e-03 7.265345e-01
4.890000e+08 1.323878e-01 6.134854e-03 7.268649e-01
4.900000e+08 1.322233e-01 6.122334e-03 7.271943e-01
4.910000e+08 1.320592e-01 6.109866e-03 7.275226e-01
4.920000e+08 1.318958e-01 6.097448e-03 7.278500e-01
4.930000e+08 1.317328e-01 6.085080e-03 7.281763e-01
4.940000e+08 1.315704e-01 6.072763e-03 7.285016e-01
4.950000e+08 1.314085e-01 6.060495e-03 7.288259e-01
4.960000e+08 1.312471e-01 6.048276e-03 7.291491e-01
4.970000e+08 1.310862e-01 6.036107e-03 7.294714e-01
4.980000e+08 1.309259e-01 6.023987e-03 7.297927e-01
4.990000e+08 1.307661e-01 6.011915e-03 7.301131e-01
5.000000e+08 1.306068e-01 5.999892e-03 7.304324e-01
5.010000e+08 1.304480e-01 5.987917e-03 7.307508e-01
5.020000e+08 1.302897e-01 5.975989e-03 7.310681e-01
5.030000e+08 1.301319e-01 5.964109e-03 7.313846e-01
5.040000e+08 1.299746e-01 5.952276e-03 7.317000e-01
5.050000e+08 1.298178e-01 5.940489e-03 7.320145e-01
5.060000e+08 1.296615e-01 5.928750e-03 7.323281e-01
5.070000e+08 1.295057e-01 5.917056e-03 7.326407e-01
5.080000e+08 1.293504e-01 5.905409e-03 7.329523e-01
5.090000e+08 1.291956e-01 5.893807e-03 7.332630e-01
5.100000e+08 1.290412e-01 5.882251e-03 7.335728e-01
5.110000e+08 1.288874e-01 5.870740e-03 7.338817e-01
5.120000e+08 1.287340e-01 5.859274e-03 7.341896e-01
5.130000e+08 1.285811e-01 5.847853e-03 7.344966e-01
5.140000e+08 1.284287e-01 5.836476e-03 7.348027e-01
5.150000e+08 1.282768e-01 5.825144e-03 7.351079e-01
5.160000e+08 1.281253e-01 5.813855e-03 7.354122e-01
5.170000e+08 1.279743e-01 5.802610e-03 7.357155e-01
5.180000e+08 1.278238e-01 5.791409e-03 7.360180e-01
5.190000e+08 1.276737e-01 5.780250e-03 7.363196e-01
5.200000e+08 1.275241e-01 5.769135e-03 7.366203e-01
5.210000e+08 1.273750e-01 5.758062e-03 7.369201e-01
5.220000e+08 1.272263e-01 5.747032e-03 7.372190e-01
5.230000e+08 1.270781e-01 5.736043e-03 7.375170e-01
5.240000e+08 1.269303e-01 5.725097e-03 7.378142e-01
5.250000e+08 1.267830e-01 5.714192e-03 7.381105e-01
5.260000e+08 1.266361e-01 5.703329e-03 7.384059e-01
5.270000e+08 1.264897e-01 5.692507e-03 7.387005e-01
5.280000e+08 1.263437e-01 5.681726e-03 7.389942e-01
5.290000e+08 1.261981e-01 5.670986e-03 7.392870e-01
5.300000e+08 1.260530e-01 5.660287e-03 7.395790e-01
5.310000e+08 1.259084e-01 5.649627e-03 7.398702e-01
5.320000e+08 1.257641e-01 5.639008e-03 7.401605e-01
5.330000e+08 1.256203e-01 5.628429e-03 7.404500e-01
5.340000e+08 1.254770e-01 5.617889e-03 7.407386e-01
5.350000e+08 1.253340e-01 5.607388e-03 7.410264e-01
5.360000e+08 1.251915e-01 5.596927e-03 7.413134e-01
5.370000e+08 1.250495e-01 5.586505e-03 7.415996e-01
5.380000e+08 1.249078e-01 5.576121e-03 7.418849e-01
5.390000e+08 1.247666e-01 5.565776e-03 7.421695e-01
5.400000e+08 1.246257e-01 5.555470e-03 7.424532e-01
5.410000e+08 1.244853e-01 5.545201e-03 7.427361e-01
5.420000e+08 1.243454e-01 5.534971e-03 7.430182e-01
5.430000e+08 1.242058e-01 5.524778e-03 7.432995e-01
5.440000e+08 1.240666e-01 5.514622e-03 7.435801e-01
5.450000e+08 1.239279e-01 5.504504e-03 7.438598e-01
5.460000e+08 1.237895e-01 5.494423e-03 7.441387e-01
5.470000e+08 1.236516e-01 5.484378e-03 7.444169e-01
5.480000e+08 1.235141e-01 5.474371e-03 7.446942e-01
5.490000e+08 1.233769e-01 5.464399e-03 7.449708e-01
5.500000e+08 1.232402e-01 5.454464e-03 7.452466e-01
5.510000e+08 1.231039e-01 5.444565e-03 7.455217e-01
5.520000e+08 1.229679e-01 5.434702e-03 7.457959e-01
5.530000e+08 1.228324e-01 5.424875e-03 7.460694e-01
5.540000e+08 1.226972e-01 5.415083e-03 7.463422e-01
5.550000e+08 1.225625e-01 5.405326e-03 7.466142e-01
5.560000e+08 1.224281e-01 5.395605e-03 7.468854e-01
5.570000e+08 1.222941e-01 5.385918e-03 7.471559e-01
5.580000e+08 1.221605e-01 5.376266e-03 7.474256e-01
5.590000e+08 1.220273e-01 5.366649e-03 7.476946e-01
5.600000e+08 1.218945e-01 5.357066e-03 7.479629e-01
5.610000e+08 1.217620e-01 5.347517e-03 7.482304e-01
5.620000e+08 1.216299e-01 5.338002e-03 7.484972e-01
5.630000e+08 1.214982e-01 5.328521e-03 7.487632e-01
5.640000e+08 1.213669e-01 5.319074e-03 7.490285e-01
5.650000e+08 1.212359e-01 5.309660e-03 7.492931e-01
5.660000e+08 1.211054e-01 5.300279e-03 7.495570e-01
5.670000e+08 1.209751e-01 5.290931e-03 7.498202e-01
5.680000e+08 1.208453e-01 5.281616e-03 7.500826e-01
5.690000e+08 1.207158e-01 5.272334e-03 7.503443e-01
5.700000e+08 1.205867e-01 5.263085e-03 7.506053e-01
5.710000e+08 1.204579e-01 5.253868e-03 7.508656e-01
5.720000e+08 1.203296e-01 5.244683e-03 7.511253e-01
5.730000e+08 1.202015e-01 5.235530e-03 7.513842e-01
5.740000e+08 1.200738e-01 5.226409e-03 7.516424e-01
5.750000e+08 1.199465e-01 5.217320e-03 7.518999e-01
5.760000e+08 1.198196e-01 5.208263e-03 7.521567e-01
5.770000e+08 1.196929e-01 5.199236e-03 7.524129e-01
5.780000e+08 1.195667e-01 5.190242e-03 7.526683e-01
5.790000e+08 1.194408e-01 5.181278e-03 7.529231e-01
5.800000e+08 1.193152e-01 5.172345e-03 7.531772e-01
5.810000e+08 1.191900e-01 5.163442e-03 7.534306e-01
5.820000e+08 1.190651e-01 5.154571e-03 7.536833e-01
5.830000e+08 1.189406e-01 5.145729e-03 7.539354e-01
5.840000e+08 1.188164e-01 5.136919e-03 7.541868e-01
5.850000e+08 1.186926e-01 5.128138e-03 7.544375e-01
5.860000e+08 1.185691e-01 5.119387e-03 7.546876e-01
5.870000e+08 1.184459e-01 5.110666e-03 7.549370e-01
5.880000e+08 1.183231e-01 5.101974e-03 7.551858e-01
5.890000e+08 1.182006e-01 5.093313e-03 7.554339e-01
5.900000e+08 1.180784e-01 5.084680e-03 7.556814e-01
5.910000e+08 1.179566e-01 5.076077e-03 7.559282e-01
5.920000e+08 1.178351e-01 5.067503e-03 7.561744e-01
5.930000e+08 1.177139e-01 5.058957e-03 7.564199e-01
5.940000e+08 1.175930e-01 5.050441e-03 7.566648e-01
5.950000e+08 1.174725e-01 5.041953e-03 7.569090e-01
5.960000e+08 1.173523e-01 5.033493e-03 7.571526e-01
5.970000e+08 1.172325e-01 5.025062e-03 7.573956e-01
5.980000e+08 1.171129e-01 5.016659e-03 7.576379e-01
5.990000e+08 1.169937e-01 5.008284e-03 7.578797e-01
6.000000e+08 1.168748e-01 4.999938e-03 7.581208e-01
6.010000e+08 1.167562e-01 4.991618e-03 7.583612e-01
6.020000e+08 1.166379e-01 4.983327e-03 7.586011e-01
6.030000e+08 1.165199e-01 4.975063e-03 7.588403e-01
6.040000e+08 1.164023e-01 4.966826e-03 7.590790e-01
6.050000e+08 1.162849e-01 4.958617e-03 7.593170e-01
6.060000e+08 1.161679e-01 4.950434e-03 7.595544e-01
6.070000e+08 1.160512e-01 4.942279e-03 7.597912e-01
6.080000e+08 1.159348e-01 4.934150e-03 7.600274e-01
6.090000e+08 1.158187e-01 4.926049e-03 7.602630e-01
6.100000e+08 1.157029e-01 4.917973e-03 7.604980e-01
6.110000e+08 1.155874e-01 4.909924e-03 7.607324e-01
6.120000e+08 1.154722e-01 4.901902e-03 7.609662e-01
6.130000e+08 1.153573e-01 4.893906e-03 7.611994e-01
6.140000e+08 1.152427e-01 4.885935e-03 7.614321e-01
6.150000e+08 1.151284e-01 4.877991e-03 7.616641e-01
6.160000e+08 1.150144e-01 4.870072e-03 7.618956e-01
6.170000e+08 1.149007e-01 4.862179e-03 7.621264e-01
6.180000e+08 1.147873e-01 4.854312e-03 7.623567e-01
6.190000e+08 1.146742e-01 4.846470e-03 7.625864e-01
6.200000e+08 1.145614e-01 4.838653e-03 7.628156e-01
6.210000e+08 1.144489e-01 4.830862e-03 7.630442e-01
6.220000e+08 1.143366e-01 4.823095e-03 7.632722e-01
6.230000e+08 1.142247e-01 4.815353e-03 7.634996e-01
6.240000e+08 1.141130e-01 4.807637e-03 7.637265e-01
6.250000e+08 1.140017e-01 4.799945e-03 7.639528e-01
6.260000e+08 1.138906e-01 4.792277e-03 7.641785e-01
6.270000e+08 1.137798e-01 4.784634e-03 7.644037e-01
6.280000e+08 1.136693e-01 4.777016e-03 7.646283e-01
6.290000e+08 1.135590e-01 4.769421e-03 7.648524e-01
6.300000e+08 1.134491e-01 4.761851e-03 7.650759e-01
6.310000e+08 1.133394e-01 4.754304e-03 7.652989e-01
6.320000e+08 1.132300e-01 4.746782e-03 7.655213e-01
6.330000e+08 1.131209e-01 4.739283e-03 7.657432e-01
6.340000e+08 1.130121e-01 4.731808e-03 7.659645e-01
6.350000e+08 1.129035e-01 4.724357e-03 7.661853e-01
6.360000e+08 1.127952e-01 4.716929e-03 7.664056e-01
6.370000e+08 1.126872e-01 4.709524e-03 7.666253e-01
6.380000e+08 1.125794e-01 4.702142e-03 7.668444e-01
6.390000e+08 1.124720e-01 4.694784e-03 7.670631e-01
6.400000e+08 1.123648e-01 4.687449e-03 7.672812e-01
6.410000e+08 1.122578e-01 4.680136e-03 7.674988e-01
6.420000e+08 1.121511e-01 4.672846e-03 7.677159e-01
6.430000e+08 1.120447e-01 4.665579e-03 7.679324e-01
6.440000e+08 1.119386e-01 4.658335e-03 7.681484e-01
6.450000e+08 1.118327e-01 4.651112e-03 7.683639e-01
6.460000e+08 1.117271e-01 4.643913e-03 7.685789e-01
6.470000e+08 1.116218e-01 4.636735e-03 7.687933e-01
6.480000e+08 1.115167e-01 4.629580e-03 7.690073e-01
6.490000e+08 1.114118e-01 4.622447e-03 7.692207e-01
6.500000e+08 1.113073e-01 4.615335e-03 7.694336e-01
6.510000e+08 1.112030e-01 4.608246e-03 7.696460e-01
6.520000e+08 1.110989e-01 4.601178e-03 7.698579e-01
6.530000e+08 1.109951e-01 4.594132e-03 7.700693e-01
6.540000e+08 1.108916e-01 4.587108e-03 7.702802e-01
6.550000e+08 1.107883e-01 4.580105e-03 7.704906e-01
6.560000e+08 1.106852e-01 4.573123e-03 7.707005e-01
6.570000e+08 1.105824e-01 4.566162e-03 7.709099e-01
6.580000e+08 1.104799e-01 4.559223e-03 7.711188e-01
6.590000e+08 1.103776e-01 4.552305e-03 7.713272e-01
6.600000e+08 1.102756e-01 4.545408e-03 7.715351e-01
6.610000e+08 1.101738e-01 4.538531e-03 7.717425e-01
6.620000e+08 1.100722e-01 4.531676e-03 7.719495e-01
6.630000e+08 1.099710e-01 4.524841e-03 7.721559e-01
6.640000e+08 1.098699e-01 4.518026e-03 7.723619e-01
6.650000e+08 1.097691e-01 4.511232e-03 7.725674e-01
6.660000e+08 1.096685e-01 4.504459e-03 7.727724e-01
6.670000e+08 1.095682e-01 4.497706e-03 7.729769e-01
6.680000e+08 1.094681e-01 4.490973e-03 7.731810e-01
6.690000e+08 1.093683e-01 4.484260e-03 7.733845e-01
6.700000e+08 1.092687e-01 4.477567e-03 7.735876e-01
6.710000e+08 1.091693e-01 4.470894e-03 7.737903e-01
6.720000e+08 1.090702e-01 4.464241e-03 7.739924e-01
6.730000e+08 1.089713e-01 4.457608e-03 7.741941e-01
6.740000e+08 1.088726e-01 4.450994e-03 7.743953e-01
6.750000e+08 1.087742e-01 4.444401e-03 7.745961e-01
6.760000e+08 1.086760e-01 4.437826e-03 7.747964e-01
6.770000e+08 1.085781e-01 4.431271e-03 7.749962e-01
6.780000e+08 1.084804e-01 4.424735e-03 7.751956e-01
6.790000e+08 1.083829e-01 4.418219e-03 7.753945e-01
6.800000e+08 1.082856e-01 4.411722e-03 7.755930e-01
6.810000e+08 1.081886e-01 4.405244e-03 7.757910e-01
6.820000e+08 1.080918e-01 4.398784e-03 7.759886e-01
6.830000e+08 1.079952e-01 4.392344e-03 7.761857e-01
6.840000e+08 1.078989e-01 4.385923e-03 7.763823e-01
6.850000e+08 1.078027e-01 4.379520e-03 7.765785e-01
6.860000e+08 1.077068e-01 4.373136e-03 7.767743e-01
6.870000e+08 1.076112e-01 4.366771e-03 7.769696e-01
6.880000e+08 1.075157e-01 4.360424e-03 7.771645e-01
6.890000e+08 1.074205e-01 4.354095e-03 7.773589e-01
6.900000e+08 1.073255e-01 4.347785e-03 7.775529e-01
6.910000e+08 1.072307e-01 4.341493e-03 7.777465e-01
6.920000e+08 1.071361e-01 4.335219e-03 7.779396e-01
6.930000e+08 1.070418e-01 4.328964e-03 7.781323e-01
6.940000e+08 1.069477e-01 4.322726e-03 7.783245e-01
6.950000e+08 1.068538e-01 4.316507e-03 7.785164e-01
6.960000e+08 1.067601e-01 4.310305e-03 7.787078e-01
6.970000e+08 1.066666e-01 4.304121e-03 7.788987e-01
6.980000e+08 1.065733e-01 4.297955e-03 7.790893e-01
6.990000e+08 1.064803e-01 4.291806e-03 7.792794e-01
7.000000e+08 1.063875e-01 4.285675e-03 7.794690e-01
7.010000e+08 1.062948e-01 4.279561e-03 7.796583e-01
7.020000e+08 1.062024e-01 4.273465e-03 7.798472e-01
7.030000e+08 1.061102e-01 4.267386e-03 7.800356e-01
7.040000e+08 1.060182e-01 4.261325e-03 7.802236e-01
7.050000e+08 1.059265e-01 4.255281e-03 7.804112e-01
7.060000e+08 1.058349e-01 4.249253e-03 7.805983e-01
7.070000e+08 1.057435e-01 4.243243e-03 7.807851e-01
7.080000e+08 1.056524e-01 4.237250e-03 7.809715e-01
7.090000e+08 1.055614e-01 4.231274e-03 7.811574e-01
7.100000e+08 1.054707e-01 4.225314e-03 7.813429e-01
7.110000e+08 1.053802e-01 4.219372e-03 7.815280e-01
7.120000e+08 1.052898e-01 4.213446e-03 7.817128e-01
7.130000e+08 1.051997e-01 4.207536e-03 7.818971e-01
7.140000e+08 1.051098e-01 4.201644e-03 7.820810e-01
7.150000e+08 1.050200e-01 4.195767e-03 7.822645e-01
7.160000e+08 1.049305e-01 4.189907e-03 7.824476e-01
7.170000e+08 1.048412e-01 4.184064e-03 7.826303e-01
7.180000e+08 1.047521e-01 4.178237e-03 7.828126e-01
7.190000e+08 1.046632e-01 4.172425e-03 7.829945e-01
7.200000e+08 1.045744e-01 4.166630e-03 7.831760e-01
7.210000e+08 1.044859e-01 4.160852e-03 7.833571e-01
7.220000e+08 1.043976e-01 4.155089e-03 7.835379e-01
7.230000e+08 1.043094e-01 4.149342e-03 7.837182e-01
7.240000e+08 1.042215e-01 4.143611e-03 7.838982e-01
7.250000e+08 1.041338e-01 4.137896e-03 7.840777e-01
7.260000e+08 1.040462e-01 4.132196e-03 7.842569e-01
7.270000e+08 1.039589e-01 4.126512e-03 7.844357e-01
7.280000e+08 1.038717e-01 4.120844e-03 7.846141e-01
7.290000e+08 1.037847e-01 4.115191e-03 7.847921e-01
7.300000e+08 1.036979e-01 4.109554e-03 7.849698e-01
7.310000e+08 1.036114e-01 4.103933e-03 7.851470e-01
7.320000e+08 1.035250e-01 4.098326e-03 7.853239e-01
7.330000e+08 1.034387e-01 4.092735e-03 7.855004e-01
7.340000e+08 1.033527e-01 4.087159e-03 7.856765e-01
7.350000e+08 1.032669e-01 4.081599e-03 7.858523e-01
7.360000e+08 1.031812e-01 4.076053e-03 7.860277e-01
7.370000e+08 1.030958e-01 4.070523e-03 7.862027e-01
7.380000e+08 1.030105e-01 4.065007e-03 7.863773e-01
7.390000e+08 1.029254e-01 4.059506e-03 7.865516e-01
7.400000e+08 1.028405e-01 4.054021e-03 7.867255e-01
7.410000e+08 1.027558e-01 4.048550e-03 7.868990e-01
7.420000e+08 1.026713e-01 4.043094e-03 7.870722e-01
7.430000e+08 1.025869e-01 4.037652e-03 7.872450e-01
7.440000e+08 1.025027e-01 4.032225e-03 7.874174e-01
7.450000e+08 1.024188e-01 4.026813e-03 7.875895e-01
7.460000e+08 1.023350e-01 4.021415e-03 7.877612e-01
7.470000e+08 1.022513e-01 4.016032e-03 7.879326e-01
7.480000e+08 1.021679e-01 4.010663e-03 7.881036e-01
7.490000e+08 1.020846e-01 4.005308e-03 7.882742e-01
7.500000e+08 1.020015e-01 3.999968e-03 7.884445e-01
7.510000e+08 1.019186e-01 3.994642e-03 7.886144e-01
7.520000e+08 1.018359e-01 3.989330e-03 7.887840e-01
7.530000e+08 1.017533e-01 3.984032e-03 7.889532e-01
7.540000e+08 1.016709e-01 3.978748e-03 7.891221e-01
7.550000e+08 1.015887e-01 3.973479e-03 7.892906e-01
7.560000e+08 1.015067e-01 3.968223e-03 7.894587e-01
7.570000e+08 1.014248e-01 3.962981e-03 7.896266e-01
7.580000e+08 1.013431e-01 3.957753e-03 7.897940e-01
7.590000e+08 1.012616e-01 3.952538e-03 7.899612e-01
7.600000e+08 1.011803e-01 3.947338e-03 7.901280e-01
7.610000e+08 1.010991e-01 3.942151e-03 7.902944e-01
7.620000e+08 1.010181e-01 3.936977e-03 7.904605e-01
7.630000e+08 1.009373e-01 3.931818e-03 7.906263e-01
7.640000e+08 1.008566e-01 3.926671e-03 7.907917e-01
7.650000e+08 1.007762e-01 3.921538e-03 7.909567e-01
7.660000e+08 1.006958e-01 3.916419e-03 7.911215e-01
7.670000e+08 1.006157e-01 3.911313e-03 7.912859e-01
7.680000e+08 1.005357e-01 3.906220e-03 7.914500e-01
7.690000e+08 1.004559e-01 3.901141e-03 7.916137e-01
7.700000e+08 1.003762e-01 3.896074e-03 7.917771e-01
7.710000e+08 1.002968e-01 3.891021e-03 7.919402e-01
7.720000e+08 1.002174e-01 3.885981e-03 7.921029e-01
7.730000e+08 1.001383e-01 3.880954e-03 7.922653e-01
7.740000e+08 1.000593e-01 3.875940e-03 7.924274e-01
7.750000e+08 9.998048e-02 3.870939e-03 7.925891e-01
7.760000e+08 9.990182e-02 3.865950e-03 7.927506e-01
7.770000e+08 9.982332e-02 3.860975e-03 7.929117e-01
7.780000e+08 9.974498e-02 3.856012e-03 7.930724e-01
7.790000e+08 9.966681e-02 3.851063e-03 7.932329e-01
7.800000e+08 9.958880e-02 3.846125e-03 7.933930e-01
7.810000e+08 9.951094e-02 3.841201e-03 7.935528e-01
7.820000e+08 9.943325e-02 3.836289e-03 7.937123e-01
7.830000e+08 9.935572e-02 3.831390e-03 7.938715e-01
7.840000e+08 9.927834e-02 3.826503e-03 7.940303e-01
7.850000e+08 9.920113e-02 3.821628e-03 7.941888e-01
7.860000e+08 9.912407e-02 3.816766e-03 7.943470e-01
7.870000e+08 9.904717e-02 3.811916e-03 7.945049e-01
7.880000e+08 9.897043e-02 3.807079e-03 7.946625e-01
7.890000e+08 9.889384e-02 3.802254e-03 7.948198e-01
7.900000e+08 9.881741e-02 3.797441e-03 7.949768e-01
7.910000e+08 9.874113e-02 3.792640e-03 7.951334e-01
7.920000e+08 9.866501e-02 3.787852e-03 7.952897e-01
7.930000e+08 9.858904e-02 3.783075e-03 7.954458e-01
7.940000e+08 9.851323e-02 3.778311e-03 7.956015e-01
7.950000e+08 9.843757e-02 3.773558e-03 7.957569e-01
7.960000e+08 9.836206e-02 3.768817e-03 7.959120e-01
7.970000e+08 9.828670e-02 3.764089e-03 7.960668e-01
7.980000e+08 9.821150e-02 3.759372e-03 7.962213e-01
7.990000e+08 9.813645e-02 3.754667e-03 7.963755e-01
8.000000e+08 9.806155e-02 3.749974e-03 7.965294e-01
8.010000e+08 9.798680e-02 3.745292e-03 7.966829e-01
8.020000e+08 9.791220e-02 3.740622e-03 7.968362e-01
8.030000e+08 9.783774e-02 3.735964e-03 7.969892e-01
8.040000e+08 9.776344e-02 3.731317e-03 7.971419e-01
8.050000e+08 9.768929e-02 3.726682e-03 7.972943e-01
8.060000e+08 9.761528e-02 3.722059e-03 7.974464e-01
8.070000e+08 9.754142e-02 3.717446e-03 7.975982e-01
8.080000e+08 9.746771e-02 3.712846e-03 7.977497e-01
8.090000e+08 9.739414e-02 3.708256e-03 7.979009e-01
8.100000e+08 9.732072e-02 3.703678e-03 7.980518e-01
8.110000e+08 9.724745e-02 3.699112e-03 7.982024e-01
8.120000e+08 9.717432e-02 3.694556e-03 7.983527e-01
8.130000e+08 9.710133e-02 3.690012e-03 7.985028e-01
8.140000e+08 9.702849e-02 3.685479e-03 7.986525e-01
8.150000e+08 9.695579e-02 3.680957e-03 7.988020e-01
8.160000e+08 9.688324e-02 3.676446e-03 7.989512e-01
8.170000e+08 9.681083e-02 3.671946e-03 7.991001e-01
8.180000e+08 9.673856e-02 3.667457e-03 7.992487e-01
8.190000e+08 9.666643e-02 3.662979e-03 7.993970e-01
8.200000e+08 9.659445e-02 3.658512e-03 7.995450e-01
8.210000e+08 9.652260e-02 3.654056e-03 7.996927e-01
8.220000e+08 9.645090e-02 3.649611e-03 7.998402e-01
8.230000e+08 9.637933e-02 3.645176e-03 7.999874e-01
8.240000e+08 9.630791e-02 3.640753e-03 8.001343e-01
8.250000e+08 9.623662e-02 3.636340e-03 8.002809e-01
8.260000e+08 9.616547e-02 3.631937e-03 8.004273e-01
8.270000e+08 9.609447e-02 3.627546e-03 8.005733e-01
8.280000e+08 9.602360e-02 3.623165e-03 8.007191e-01
8.290000e+08 9.595286e-02 3.618794e-03 8.008646e-01
8.300000e+08 9.588227e-02 3.614434e-03 8.010099e-01
8.310000e+08 9.581181e-02 3.610085e-03 8.011548e-01
8.320000e+08 9.574148e-02 3.605746e-03 8.012995e-01
8.330000e+08 9.567130e-02 3.601417e-03 8.014439e-01
8.340000e+08 9.560124e-02 3.597099e-03 8.015881e-01
8.350000e+08 9.553133e-02 3.592791e-03 8.017319e-01
8.360000e+08 9.546154e-02 3.588494e-03 8.018755e-01
8.370000e+08 9.539189e-02 3.584206e-03 8.020189e-01
8.380000e+08 9.532238e-02 3.579929e-03 8.021619e-01
8.390000e+08 9.525300e-02 3.575662e-03 8.023047e-01
8.400000e+08 9.518375e-02 3.571406e-03 8.024472e-01
8.410000e+08 9.511463e-02 3.567159e-03 8.025895e-01
8.420000e+08 9.504564e-02 3.562923e-03 8.027315e-01
8.430000e+08 9.497679e-02 3.558696e-03 8.028732e-01
8.440000e+08 9.490807e-02 3.554480e-03 8.030147e-01
8.450000e+08 9.483948e-02 3.550273e-03 8.031559e-01
8.460000e+08 9.477101e-02 3.546077e-03 8.032968e-01
8.470000e+08 9.470268e-02 3.541890e-03 8.034375e-01
8.480000e+08 9.463448e-02 3.537714e-03 8.035779e-01
8.490000e+08 9.456641e-02 3.533547e-03 8.037181e-01
8.500000e+08 9.449846e-02 3.529390e-03 8.038580e-01
8.510000e+08 9.443065e-02 3.525242e-03 8.039976e-01
8.520000e+08 9.436296e-02 3.521105e-03 8.041370e-01
8.530000e+08 9.429540e-02 3.516977e-03 8.042761e-01
8.540000e+08 9.422797e-02 3.512859e-03 8.044150e-01
8.550000e+08 9.416066e-02 3.508750e-03 8.045536e-01
8.560000e+08 9.409348e-02 3.504651e-03 8.046919e-01
8.570000e+08 9.402643e-02 3.500562e-03 8.048300e-01
8.580000e+08 9.395950e-02 3.496482e-03 8.049679e-01
8.590000e+08 9.389270e-02 3.492412e-03 8.051055e-01
8.600000e+08 9.382602e-02 3.488351e-03 8.052428e-01
8.610000e+08 9.375947e-02 3.484299e-03 8.053799e-01
8.620000e+08 9.369304e-02 3.480257e-03 8.055167e-01
8.630000e+08 9.362673e-02 3.476225e-03 8.056533e-01
8.640000e+08 9.356055e-02 3.472201e-03 8.057897e-01
8.650000e+08 9.349449e-02 3.468187e-03 8.059258e-01
8.660000e+08 9.342855e-02 3.464182e-03 8.060616e-01
8.670000e+08 9.336274e-02 3.460187e-03 8.061972e-01
8.680000e+08 9.329705e-02 3.456201e-03 8.063326e-01
8.690000e+08 9.323148e-02 3.452223e-03 8.064677e-01
8.700000e+08 9.316603e-02 3.448255e-03 8.066025e-01
8.710000e+08 9.310070e-02 3.444296e-03 8.067372e-01
8.720000e+08 9.303549e-02 3.440347e-03 8.068715e-01
8.730000e+08 9.297040e-02 3.436406e-03 8.070057e-01
8.740000e+08 9.290543e-02 3.432474e-03 8.071396e-01
8.750000e+08 9.284058e-02 3.428551e-03 8.072732e-01
8.760000e+08 9.277585e-02 3.424637e-03 8.074066e-01
8.770000e+08 9.271124e-02 3.420733e-03 8.075398e-01
8.780000e+08 9.264675e-02 3.416837e-03 8.076727e-01
8.790000e+08 9.258238e-02 3.412949e-03 8.078054e-01
8.800000e+08 9.251812e-02 3.409071e-03 8.079379e-01
8.810000e+08 9.245398e-02 3.405202e-03 8.080701e-01
8.820000e+08 9.238995e-02 3.401341e-03 8.082021e-01
8.830000e+08 9.232605e-02 3.397489e-03 8.083338e-01
8.840000e+08 9.226226e-02 3.393646e-03 8.084653e-01
8.850000e+08 9.219858e-02 3.389811e-03 8.085966e-01
8.860000e+08 9.213502e-02 3.385985e-03 8.087277e-01
8.870000e+08 9.207158e-02 3.382168e-03 8.088585e-01
8.880000e+08 9.200825e-02 3.378359e-03 8.089891e-01
8.890000e+08 9.194504e-02 3.374559e-03 8.091194e-01
8.900000e+08 9.188194e-02 3.370767e-03 8.092495e-01
8.910000e+08 9.181895e-02 3.366984e-03 8.093794e-01
8.920000e+08 9.175608e-02 3.363210e-03 8.095091e-01
8.930000e+08 9.169332e-02 3.359444e-03 8.096385e-01
8.940000e+08 9.163067e-02 3.355686e-03 8.097677e-01
8.950000e+08 9.156814e-02 3.351936e-03 8.098967e-01
8.960000e+08 9.150572e-02 3.348196e-03 8.100254e-01
8.970000e+08 9.144341e-02 3.344463e-03 8.101539e-01
8.980000e+08 9.138121e-02 3.340739e-03 8.102822e-01
8.990000e+08 9.131912e-02 3.337023e-03 8.104103e-01
9.000000e+08 9.125715e-02 3.333315e-03 8.105381e-01
9.010000e+08 9.119528e-02 3.329615e-03 8.106658e-01
9.020000e+08 9.113353e-02 3.325924e-03 8.107932e-01
9.030000e+08 9.107188e-02 3.322241e-03 8.109203e-01
9.040000e+08 9.101034e-02 3.318566e-03 8.110473e-01
9.050000e+08 9.094892e-02 3.314899e-03 8.111740e-01
9.060000e+08 9.088760e-02 3.311240e-03 8.113005e-01
9.070000e+08 9.082639e-02 3.307589e-03 8.114268e-01
9.080000e+08 9.076529e-02 3.303947e-03 8.115529e-01
9.090000e+08 9.070430e-02 3.300312e-03 8.116788e-01
9.100000e+08 9.064342e-02 3.296685e-03 8.118044e-01
9.110000e+08 9.058264e-02 3.293067e-03 8.119298e-01
9.120000e+08 9.052197e-02 3.289456e-03 8.120550e-01
9.130000e+08 9.046141e-02 3.285853e-03 8.121800e-01
9.140000e+08 9.040095e-02 3.282258e-03 8.123048e-01
9.150000e+08 9.034060e-02 3.278671e-03 8.124293e-01
9.160000e+08 9.028036e-02 3.275092e-03 8.125537e-01
9.170000e+08 9.022022e-02 3.271520e-03 8.126778e-01
9.180000e+08 9.016019e-02 3.267956e-03 8.128017e-01
9.190000e+08 9.010026e-02 3.264400e-03 8.129254e-01
9.200000e+08 9.004044e-02 3.260852e-03 8.130489e-01
9.210000e+08 8.998072e-02 3.257312e-03 8.131722e-01
9.220000e+08 8.992110e-02 3.253779e-03 8.132952e-01
9.230000e+08 8.986159e-02 3.250254e-03 8.134181e-01
9.240000e+08 8.980219e-02 3.246736e-03 8.135407e-01
9.250000e+08 8.974288e-02 3.243226e-03 8.136632e-01
9.260000e+08 8.968368e-02 3.239724e-03 8.137854e-01
9.270000e+08 8.962458e-02 3.236229e-03 8.139074e-01
9.280000e+08 8.956559e-02 3.232742e-03 8.140292e-01
9.290000e+08 8.950669e-02 3.229262e-03 8.141508e-01
9.300000e+08 8.944790e-02 3.225790e-03 8.142722e-01
9.310000e+08 8.938921e-02 3.222325e-03 8.143934e-01
9.320000e+08 8.933062e-02 3.218867e-03 8.145144e-01
9.330000e+08 8.927214e-02 3.215417e-03 8.146352e-01
9.340000e+08 8.921375e-02 3.211975e-03 8.147557e-01
9.350000e+08 8.915546e-02 3.208540e-03 8.148761e-01
9.360000e+08 8.909728e-02 3.205112e-03 8.149963e-01
9.370000e+08 8.903919e-02 3.201691e-03 8.151163e-01
9.380000e+08 8.898120e-02 3.198278e-03 8.152360e-01
9.390000e+08 8.892332e-02 3.194872e-03 8.153556e-01
9.400000e+08 8.886553e-02 3.191473e-03 8.154749e-01
9.410000e+08 8.880784e-02 3.188082e-03 8.155941e-01
9.420000e+08 8.875025e-02 3.184697e-03 8.157131e-01
9.430000e+08 8.869275e-02 3.181320e-03 8.158318e-01
9.440000e+08 8.863536e-02 3.177950e-03 8.159504e-01
9.450000e+08 8.857806e-02 3.174587e-03 8.160688e-01
9.460000e+08 8.852086e-02 3.171231e-03 8.161869e-01
9.470000e+08 8.846376e-02 3.167883e-03 8.163049e-01
9.480000e+08 8.840675e-02 3.164541e-03 8.164227e-01
9.490000e+08 8.834984e-02 3.161207e-03 8.165403e-01
9.500000e+08 8.829303e-02 3.157879e-03 8.166577e-01
9.510000e+08 8.823631e-02 3.154558e-03 8.167748e-01
9.520000e+08 8.817969e-02 3.151245e-03 8.168918e-01
9.530000e+08 8.812316e-02 3.147938e-03 8.170086e-01
9.540000e+08 8.806673e-02 3.144639e-03 8.171252e-01
9.550000e+08 8.801040e-02 3.141346e-03 8.172417e-01
9.560000e+08 8.795416e-02 3.138060e-03 8.173579e-01
9.570000e+08 8.789801e-02 3.134781e-03 8.174739e-01
9.580000e+08 8.784196e-02 3.131509e-03 8.175898e-01
9.590000e+08 8.778600e-02 3.128243e-03 8.177054e-01
9.600000e+08 8.773014e-02 3.124985e-03 8.178209e-01
9.610000e+08 8.767437e-02 3.121733e-03 8.179361e-01
9.620000e+08 8.761869e-02 3.118488e-03 8.180512e-01
9.630000e+08 8.756311e-02 3.115250e-03 8.181661e-01
9.640000e+08 8.750762e-02 3.112018e-03 8.182808e-01
9.650000e+08 8.745222e-02 3.108793e-03 8.183953e-01
9.660000e+08 8.739691e-02 3.105575e-03 8.185096e-01
9.670000e+08 8.734169e-02 3.102364e-03 8.186238e-01
9.680000e+08 8.728657e-02 3.099159e-03 8.187377e-01
9.690000e+08 8.723154e-02 3.095960e-03 8.188515e-01
9.700000e+08 8.717660e-02 3.092769e-03 8.189651e-01
9.710000e+08 8.712175e-02 3.089584e-03 8.190785e-01
9.720000e+08 8.706699e-02 3.086405e-03 8.191917e-01
9.730000e+08 8.701232e-02 3.083233e-03 8.193047e-01
9.740000e+08 8.695775e-02 3.080068e-03 8.194176e-01
9.750000e+08 8.690326e-02 3.076909e-03 8.195302e-01
9.760000e+08 8.684886e-02 3.073756e-03 8.196427e-01
9.770000e+08 8.679455e-02 3.070610e-03 8.197550e-01
9.780000e+08 8.674033e-02 3.067470e-03 8.198671e-01
9.790000e+08 8.668620e-02 3.064337e-03 8.199790e-01
9.800000e+08 8.663216e-02 3.061210e-03 8.200908e-01
9.810000e+08 8.657821e-02 3.058090e-03 8.202024e-01
9.820000e+08 8.652435e-02 3.054976e-03 8.203138e-01
9.830000e+08 8.647057e-02 3.051868e-03 8.204250e-01
9.840000e+08 8.641688e-02 3.048766e-03 8.205360e-01
9.850000e+08 8.636328e-02 3.045671e-03 8.206469e-01
9.860000e+08 8.630977e-02 3.042582e-03 8.207576e-01
9.870000e+08 8.625634e-02 3.039500e-03 8.208681e-01
9.880000e+08 8.620301e-02 3.036423e-03 8.209784e-01
9.890000e+08 8.614975e-02 3.033353e-03 8.210885e-01
9.900000e+08 8.609659e-02 3.030289e-03 8.211985e-01
9.910000e+08 8.604351e-02 3.027231e-03 8.213083e-01
9.920000e+08 8.599052e-02 3.024180e-03 8.214179e-01
9.930000e+08 8.593761e-02 3.021134e-03 8.215274e-01
9.940000e+08 8.588479e-02 3.018095e-03 8.216366e-01
9.950000e+08 8.583205e-02 3.015062e-03 8.217457e-01
9.960000e+08 8.577940e-02 3.012035e-03 8.218547e-01
9.970000e+08 8.572684e-02 3.009013e-03 8.219634e-01
9.980000e+08 8.567435e-02 3.005998e-03 8.220720e-01
9.990000e+08 8.562196e-02 3.002989e-03 8.221804e-01
1.000000e+09 8.556965e-02 2.999987e-03 8.222887e-01
