# Models: 
# Labels: p_c(1)  s_l(2)
0      1       1
1000000 9.800265e-01 9.899629e-01
2000000 9.604322e-01 6.048733e-01
3000000 9.412110e-01 4.339410e-01
4000000 9.223568e-01 3.327019e-01
5000000 9.038634e-01 2.649218e-01
6000000 8.857251e-01 2.162662e-01
7000000 8.679359e-01 1.797148e-01
8000000 8.504902e-01 1.513599e-01
9000000 8.333823e-01 1.288298e-01
10000000 8.166066e-01 1.105915e-01
11000000 8.001576e-01 9.560644e-02
12000000 7.840300e-01 8.314349e-02
13000000 7.682184e-01 7.267257e-02
14000000 7.527177e-01 6.379944e-02
15000000 7.375226e-01 5.622479e-02
16000000 7.226281e-01 4.971723e-02
17000000 7.080292e-01 4.409518e-02
18000000 6.937211e-01 3.921418e-02
19000000 6.796988e-01 3.495800e-02
20000000 6.659577e-01 3.123213e-02
21000000 6.524930e-01 2.795903e-02
22000000 6.393001e-01 2.507455e-02
23000000 6.263745e-01 2.252522e-02
24000000 6.137117e-01 2.026618e-02
25000000 6.013074e-01 1.825957e-02
26000000 5.891571e-01 1.647326e-02
27000000 5.772566e-01 1.487985e-02
28000000 5.656018e-01 1.345584e-02
29000000 5.541885e-01 1.218103e-02
30000000 5.430126e-01 1.103795e-02
31000000 5.320702e-01 1.001146e-02
32000000 5.213572e-01 9.088394e-03
33000000 5.108699e-01 8.257251e-03
34000000 5.006043e-01 7.507972e-03
35000000 4.905568e-01 6.831727e-03
36000000 4.807236e-01 6.220749e-03
37000000 4.711011e-01 5.668188e-03
38000000 4.616858e-01 5.167988e-03
39000000 4.524740e-01 4.714787e-03
40000000 4.434623e-01 4.303826e-03
41000000 4.346473e-01 3.930875e-03
42000000 4.260257e-01 3.592165e-03
43000000 4.175941e-01 3.284336e-03
44000000 4.093492e-01 3.004385e-03
45000000 4.012879e-01 2.749626e-03
46000000 3.934070e-01 2.517653e-03
47000000 3.857034e-01 2.306305e-03
48000000 3.781740e-01 2.113644e-03
49000000 3.708159e-01 1.937927e-03
50000000 3.636260e-01 1.777583e-03
51000000 3.566014e-01 1.631198e-03
52000000 3.497394e-01 1.497496e-03
53000000 3.430369e-01 1.375324e-03
54000000 3.364914e-01 1.263642e-03
55000000 3.301000e-01 1.161508e-03
56000000 3.238600e-01 1.068069e-03
57000000 3.177689e-01 9.825534e-04
58000000 3.118239e-01 9.042606e-04
59000000 3.060225e-01 8.325555e-04
60000000 3.003623e-01 7.668617e-04
61000000 2.948406e-01 7.066554e-04
62000000 2.894551e-01 6.514605e-04
63000000 2.842034e-01 6.008442e-04
64000000 2.790831e-01 5.544123e-04
65000000 2.740918e-01 5.118064e-04
66000000 2.692274e-01 4.726996e-04
67000000 2.644874e-01 4.367943e-04
68000000 2.598697e-01 4.038190e-04
69000000 2.553721e-01 3.735261e-04
70000000 2.509925e-01 3.456898e-04
71000000 2.467287e-01 3.201038e-04
72000000 2.425787e-01 2.965799e-04
73000000 2.385404e-01 2.749459e-04
74000000 2.346118e-01 2.550447e-04
75000000 2.307910e-01 2.367326e-04
76000000 2.270758e-01 2.198782e-04
77000000 2.234646e-01 2.043613e-04
78000000 2.199553e-01 1.900719e-04
79000000 2.165460e-01 1.769095e-04
80000000 2.132351e-01 1.647819e-04
81000000 2.100206e-01 1.536047e-04
82000000 2.069008e-01 1.433007e-04
83000000 2.038740e-01 1.337992e-04
84000000 2.009384e-01 1.250353e-04
85000000 1.980924e-01 1.169495e-04
86000000 1.953343e-01 1.094875e-04
87000000 1.926624e-01 1.025992e-04
88000000 1.900752e-01 9.623895e-05
89000000 1.875711e-01 9.036465e-05
90000000 1.851486e-01 8.493783e-05
91000000 1.828060e-01 7.992312e-05
92000000 1.805420e-01 7.528811e-05
93000000 1.783550e-01 7.100303e-05
94000000 1.762435e-01 6.704057e-05
95000000 1.742062e-01 6.337564e-05
96000000 1.722416e-01 5.998523e-05
97000000 1.703484e-01 5.684820e-05
98000000 1.685251e-01 5.394513e-05
99000000 1.667705e-01 5.125818e-05
100000000 1.650833e-01 4.877099e-05
101000000 1.634620e-01 4.646850e-05
102000000 1.619056e-01 4.433689e-05
103000000 1.604126e-01 4.236345e-05
104000000 1.589819e-01 4.053652e-05
105000000 1.576123e-01 3.884535e-05
106000000 1.563026e-01 3.728008e-05
107000000 1.550515e-01 3.583166e-05
108000000 1.528073e-01 3.333640e-05
109000000 1.516636e-01 3.211460e-05
110000000 1.505387e-01 3.094799e-05
111000000 1.494322e-01 2.983359e-05
112000000 1.483435e-01 2.876864e-05
113000000 1.472722e-01 2.775055e-05
114000000 1.462180e-01 2.677685e-05
115000000 1.451803e-01 2.584526e-05
116000000 1.441588e-01 2.495361e-05
117000000 1.431531e-01 2.409988e-05
118000000 1.421628e-01 2.328216e-05
119000000 1.411876e-01 2.249863e-05
120000000 1.402271e-01 2.174761e-05
121000000 1.392810e-01 2.102748e-05
122000000 1.383489e-01 2.033676e-05
123000000 1.374305e-01 1.967400e-05
124000000 1.365255e-01 1.903787e-05
125000000 1.356337e-01 1.842710e-05
126000000 1.347546e-01 1.784049e-05
127000000 1.338881e-01 1.727690e-05
128000000 1.330338e-01 1.673526e-05
129000000 1.321916e-01 1.621455e-05
130000000 1.313611e-01 1.571382e-05
131000000 1.305420e-01 1.523216e-05
132000000 1.297342e-01 1.476870e-05
133000000 1.289374e-01 1.432263e-05
134000000 1.281514e-01 1.389316e-05
135000000 1.273759e-01 1.347958e-05
136000000 1.266108e-01 1.308118e-05
137000000 1.258557e-01 1.269730e-05
138000000 1.251106e-01 1.232730e-05
139000000 1.243752e-01 1.197061e-05
140000000 1.236493e-01 1.162664e-05
141000000 1.229328e-01 1.129485e-05
142000000 1.222254e-01 1.097474e-05
143000000 1.215269e-01 1.066582e-05
144000000 1.208373e-01 1.036762e-05
145000000 1.201563e-01 1.007970e-05
146000000 1.194837e-01 9.801639e-06
147000000 1.188194e-01 9.533036e-06
148000000 1.181633e-01 9.273510e-06
149000000 1.175151e-01 9.022696e-06
150000000 1.168748e-01 8.780246e-06
151000000 1.162422e-01 8.545829e-06
152000000 1.156171e-01 8.319129e-06
153000000 1.149994e-01 8.099844e-06
154000000 1.143890e-01 7.887686e-06
155000000 1.137857e-01 7.682379e-06
156000000 1.131895e-01 7.483662e-06
157000000 1.126001e-01 7.291281e-06
158000000 1.120175e-01 7.104999e-06
159000000 1.114416e-01 6.924584e-06
160000000 1.108722e-01 6.749817e-06
161000000 1.103091e-01 6.580488e-06
162000000 1.097524e-01 6.416397e-06
163000000 1.092019e-01 6.257350e-06
164000000 1.086575e-01 6.103163e-06
165000000 1.081191e-01 5.953659e-06
166000000 1.075865e-01 5.808671e-06
167000000 1.070598e-01 5.668035e-06
168000000 1.065387e-01 5.531596e-06
169000000 1.060232e-01 5.399206e-06
170000000 1.055132e-01 5.270722e-06
171000000 1.050087e-01 5.146006e-06
172000000 1.045094e-01 5.024928e-06
173000000 1.040154e-01 4.907361e-06
174000000 1.035266e-01 4.793185e-06
175000000 1.030428e-01 4.682282e-06
176000000 1.025640e-01 4.574542e-06
177000000 1.020901e-01 4.469858e-06
178000000 1.016210e-01 4.368125e-06
179000000 1.011567e-01 4.269247e-06
180000000 1.006971e-01 4.173126e-06
181000000 1.002421e-01 4.079672e-06
182000000 9.979164e-02 3.988797e-06
183000000 9.934563e-02 3.900416e-06
184000000 9.890403e-02 3.814449e-06
185000000 9.846675e-02 3.730816e-06
186000000 9.803375e-02 3.649442e-06
187000000 9.760494e-02 3.570254e-06
188000000 9.718028e-02 3.493184e-06
189000000 9.675970e-02 3.418163e-06
190000000 9.634313e-02 3.345127e-06
191000000 9.593052e-02 3.274014e-06
192000000 9.552182e-02 3.204762e-06
193000000 9.511696e-02 3.137315e-06
194000000 9.471589e-02 3.071617e-06
195000000 9.431855e-02 3.007613e-06
196000000 9.392489e-02 2.945251e-06
197000000 9.353486e-02 2.884482e-06
198000000 9.314841e-02 2.825257e-06
199000000 9.276548e-02 2.767529e-06
200000000 9.238603e-02 2.711254e-06
201000000 9.201001e-02 2.656389e-06
202000000 9.163736e-02 2.602890e-06
203000000 9.126805e-02 2.550717e-06
204000000 9.090203e-02 2.499833e-06
205000000 9.053925e-02 2.450198e-06
206000000 9.017967e-02 2.401776e-06
207000000 8.982324e-02 2.354532e-06
208000000 8.946992e-02 2.308432e-06
209000000 8.911968e-02 2.263444e-06
210000000 8.877246e-02 2.219534e-06
211000000 8.842823e-02 2.176673e-06
212000000 8.808695e-02 2.134830e-06
213000000 8.774858e-02 2.093978e-06
214000000 8.741308e-02 2.054087e-06
215000000 8.708042e-02 2.015132e-06
216000000 8.675055e-02 1.977085e-06
217000000 8.642344e-02 1.939923e-06
218000000 8.609906e-02 1.903619e-06
219000000 8.577737e-02 1.868152e-06
220000000 8.545833e-02 1.833498e-06
221000000 8.514192e-02 1.799634e-06
222000000 8.482809e-02 1.766540e-06
223000000 8.451682e-02 1.734194e-06
224000000 8.420808e-02 1.702577e-06
225000000 8.390182e-02 1.671669e-06
226000000 8.359803e-02 1.641451e-06
227000000 8.329667e-02 1.611904e-06
228000000 8.299771e-02 1.583012e-06
229000000 8.270112e-02 1.554756e-06
230000000 8.240688e-02 1.527120e-06
231000000 8.211495e-02 1.500089e-06
232000000 8.182530e-02 1.473645e-06
233000000 8.153791e-02 1.447775e-06
234000000 8.125276e-02 1.422463e-06
235000000 8.096980e-02 1.397695e-06
236000000 8.068903e-02 1.373457e-06
237000000 8.041041e-02 1.349735e-06
238000000 8.013391e-02 1.326518e-06
239000000 7.985952e-02 1.303790e-06
240000000 7.958720e-02 1.281542e-06
241000000 7.931694e-02 1.259760e-06
242000000 7.904870e-02 1.238432e-06
243000000 7.878247e-02 1.217549e-06
244000000 7.851823e-02 1.197097e-06
245000000 7.825594e-02 1.177068e-06
246000000 7.799559e-02 1.157451e-06
247000000 7.773715e-02 1.138235e-06
248000000 7.748061e-02 1.119411e-06
249000000 7.722594e-02 1.100969e-06
250000000 7.697312e-02 1.082900e-06
251000000 7.672213e-02 1.065196e-06
252000000 7.647295e-02 1.047847e-06
253000000 7.622556e-02 1.030844e-06
254000000 7.597994e-02 1.014181e-06
255000000 7.573607e-02 9.978480e-07
256000000 7.549393e-02 9.818380e-07
257000000 7.525350e-02 9.661432e-07
258000000 7.501477e-02 9.507564e-07
259000000 7.477771e-02 9.356703e-07
260000000 7.454231e-02 9.208780e-07
261000000 7.430854e-02 9.063726e-07
262000000 7.407640e-02 8.921476e-07
263000000 7.384586e-02 8.781965e-07
264000000 7.361691e-02 8.645130e-07
265000000 7.338953e-02 8.510911e-07
266000000 7.316370e-02 8.379247e-07
267000000 7.293941e-02 8.250082e-07
268000000 7.271664e-02 8.123359e-07
269000000 7.249537e-02 7.999023e-07
270000000 7.227560e-02 7.877020e-07
271000000 7.205729e-02 7.757299e-07
272000000 7.184045e-02 7.639809e-07
273000000 7.162505e-02 7.524501e-07
274000000 7.141108e-02 7.411326e-07
275000000 7.119852e-02 7.300238e-07
276000000 7.098736e-02 7.191190e-07
277000000 7.077759e-02 7.084139e-07
278000000 7.056918e-02 6.979041e-07
279000000 7.036214e-02 6.875854e-07
280000000 7.015644e-02 6.774536e-07
281000000 6.995207e-02 6.675047e-07
282000000 6.974901e-02 6.577348e-07
283000000 6.954726e-02 6.481401e-07
284000000 6.934681e-02 6.387168e-07
285000000 6.914763e-02 6.294613e-07
286000000 6.894971e-02 6.203701e-07
287000000 6.875305e-02 6.114397e-07
288000000 6.855763e-02 6.026667e-07
289000000 6.836344e-02 5.940478e-07
290000000 6.817047e-02 5.855798e-07
291000000 6.797870e-02 5.772596e-07
292000000 6.778812e-02 5.690842e-07
293000000 6.759873e-02 5.610504e-07
294000000 6.741051e-02 5.531554e-07
295000000 6.722344e-02 5.453964e-07
296000000 6.703753e-02 5.377706e-07
297000000 6.685275e-02 5.302752e-07
298000000 6.666910e-02 5.229077e-07
299000000 6.648657e-02 5.156654e-07
300000000 6.630514e-02 5.085458e-07
301000000 6.612481e-02 5.015464e-07
302000000 6.594557e-02 4.946649e-07
303000000 6.576740e-02 4.878988e-07
304000000 6.559029e-02 4.812459e-07
305000000 6.541424e-02 4.747039e-07
306000000 6.523924e-02 4.682706e-07
307000000 6.506527e-02 4.619440e-07
308000000 6.489233e-02 4.557218e-07
309000000 6.472040e-02 4.496020e-07
310000000 6.454948e-02 4.435827e-07
311000000 6.437957e-02 4.376619e-07
312000000 6.421064e-02 4.318377e-07
313000000 6.404269e-02 4.261081e-07
314000000 6.387572e-02 4.204714e-07
315000000 6.370971e-02 4.149259e-07
316000000 6.354465e-02 4.094696e-07
317000000 6.338054e-02 4.041010e-07
318000000 6.321737e-02 3.988184e-07
319000000 6.305513e-02 3.936201e-07
320000000 6.289381e-02 3.885045e-07
321000000 6.273341e-02 3.834701e-07
322000000 6.257390e-02 3.785153e-07
323000000 6.241530e-02 3.736387e-07
324000000 6.225759e-02 3.688388e-07
325000000 6.210076e-02 3.641142e-07
326000000 6.194480e-02 3.594634e-07
327000000 6.178971e-02 3.548850e-07
328000000 6.163548e-02 3.503779e-07
329000000 6.148210e-02 3.459405e-07
330000000 6.132957e-02 3.415718e-07
331000000 6.117787e-02 3.372703e-07
332000000 6.102701e-02 3.330349e-07
333000000 6.087697e-02 3.288643e-07
334000000 6.072774e-02 3.247575e-07
335000000 6.057933e-02 3.207131e-07
336000000 6.043172e-02 3.167302e-07
337000000 6.028490e-02 3.128076e-07
338000000 6.013888e-02 3.089442e-07
339000000 5.999363e-02 3.051389e-07
340000000 5.984917e-02 3.013908e-07
341000000 5.970547e-02 2.976988e-07
342000000 5.956254e-02 2.940619e-07
343000000 5.942036e-02 2.904791e-07
344000000 5.927894e-02 2.869495e-07
345000000 5.913826e-02 2.834721e-07
346000000 5.899832e-02 2.800461e-07
347000000 5.885912e-02 2.766704e-07
348000000 5.872064e-02 2.733444e-07
349000000 5.858288e-02 2.700670e-07
350000000 5.844584e-02 2.668374e-07
351000000 5.830951e-02 2.636549e-07
352000000 5.817388e-02 2.605186e-07
353000000 5.803895e-02 2.574276e-07
354000000 5.790471e-02 2.543813e-07
355000000 5.777116e-02 2.513789e-07
356000000 5.763830e-02 2.484196e-07
357000000 5.750611e-02 2.455026e-07
358000000 5.737459e-02 2.426274e-07
359000000 5.724374e-02 2.397931e-07
360000000 5.711354e-02 2.369990e-07
361000000 5.698401e-02 2.342445e-07
362000000 5.685512e-02 2.315290e-07
363000000 5.672688e-02 2.288517e-07
364000000 5.659928e-02 2.262121e-07
365000000 5.647232e-02 2.236095e-07
366000000 5.634598e-02 2.210433e-07
367000000 5.622027e-02 2.185128e-07
368000000 5.609519e-02 2.160176e-07
369000000 5.597072e-02 2.135570e-07
370000000 5.584686e-02 2.111304e-07
371000000 5.572361e-02 2.087373e-07
372000000 5.560096e-02 2.063772e-07
373000000 5.547891e-02 2.040495e-07
374000000 5.535745e-02 2.017536e-07
375000000 5.523658e-02 1.994891e-07
376000000 5.511629e-02 1.972555e-07
377000000 5.499659e-02 1.950522e-07
378000000 5.487746e-02 1.928788e-07
379000000 5.475890e-02 1.907348e-07
380000000 5.464091e-02 1.886197e-07
381000000 5.452348e-02 1.865331e-07
382000000 5.440661e-02 1.844745e-07
383000000 5.429030e-02 1.824434e-07
384000000 5.417454e-02 1.804395e-07
385000000 5.405932e-02 1.784622e-07
386000000 5.394465e-02 1.765112e-07
387000000 5.383051e-02 1.745861e-07
388000000 5.371691e-02 1.726865e-07
389000000 5.360384e-02 1.708119e-07
390000000 5.349130e-02 1.689619e-07
391000000 5.337928e-02 1.671363e-07
392000000 5.326779e-02 1.653345e-07
393000000 5.315680e-02 1.635563e-07
394000000 5.304633e-02 1.618012e-07
395000000 5.293637e-02 1.600690e-07
396000000 5.282691e-02 1.583592e-07
397000000 5.271796e-02 1.566716e-07
398000000 5.260950e-02 1.550057e-07
399000000 5.250153e-02 1.533613e-07
400000000 5.239406e-02 1.517379e-07
401000000 5.228707e-02 1.501354e-07
402000000 5.218057e-02 1.485534e-07
403000000 5.207455e-02 1.469916e-07
404000000 5.196900e-02 1.454496e-07
405000000 5.186393e-02 1.439272e-07
406000000 5.175933e-02 1.424240e-07
407000000 5.165520e-02 1.409399e-07
408000000 5.155153e-02 1.394744e-07
409000000 5.144832e-02 1.380274e-07
410000000 5.134557e-02 1.365986e-07
411000000 5.124328e-02 1.351876e-07
412000000 5.114143e-02 1.337942e-07
413000000 5.104004e-02 1.324182e-07
414000000 5.093909e-02 1.310593e-07
415000000 5.083858e-02 1.297173e-07
416000000 5.073851e-02 1.283918e-07
417000000 5.063888e-02 1.270827e-07
418000000 5.053968e-02 1.257898e-07
419000000 5.044091e-02 1.245127e-07
420000000 5.034257e-02 1.232513e-07
421000000 5.024465e-02 1.220053e-07
422000000 5.014716e-02 1.207745e-07
423000000 5.005008e-02 1.195587e-07
424000000 4.995342e-02 1.183577e-07
425000000 4.985718e-02 1.171713e-07
426000000 4.976134e-02 1.159992e-07
427000000 4.966592e-02 1.148412e-07
428000000 4.957090e-02 1.136972e-07
429000000 4.947628e-02 1.125669e-07
430000000 4.938206e-02 1.114502e-07
431000000 4.928824e-02 1.103469e-07
432000000 4.919481e-02 1.092567e-07
433000000 4.910178e-02 1.081795e-07
434000000 4.900914e-02 1.071151e-07
435000000 4.891688e-02 1.060633e-07
436000000 4.882501e-02 1.050240e-07
437000000 4.873352e-02 1.039969e-07
438000000 4.864241e-02 1.029820e-07
439000000 4.855168e-02 1.019789e-07
440000000 4.846132e-02 1.009877e-07
441000000 4.837134e-02 1.000080e-07
442000000 4.828172e-02 9.903984e-08
443000000 4.819247e-02 9.808292e-08
444000000 4.810359e-02 9.713713e-08
445000000 4.801508e-02 9.620231e-08
446000000 4.792692e-02 9.527833e-08
447000000 4.783912e-02 9.436502e-08
448000000 4.775168e-02 9.346225e-08
449000000 4.766459e-02 9.256987e-08
450000000 4.757785e-02 9.168774e-08
451000000 4.749147e-02 9.081571e-08
452000000 4.740543e-02 8.995367e-08
453000000 4.731974e-02 8.910146e-08
454000000 4.723439e-02 8.825895e-08
455000000 4.714938e-02 8.742602e-08
456000000 4.706471e-02 8.660254e-08
457000000 4.698037e-02 8.578838e-08
458000000 4.689638e-02 8.498342e-08
459000000 4.681271e-02 8.418753e-08
460000000 4.672938e-02 8.340060e-08
461000000 4.664637e-02 8.262250e-08
462000000 4.656369e-02 8.185312e-08
463000000 4.648134e-02 8.109234e-08
464000000 4.639931e-02 8.034005e-08
465000000 4.631759e-02 7.959613e-08
466000000 4.623620e-02 7.886049e-08
467000000 4.615513e-02 7.813300e-08
468000000 4.607437e-02 7.741357e-08
469000000 4.599392e-02 7.670208e-08
470000000 4.591378e-02 7.599844e-08
471000000 4.583396e-02 7.530253e-08
472000000 4.575444e-02 7.461427e-08
473000000 4.567523e-02 7.393356e-08
474000000 4.559632e-02 7.326028e-08
475000000 4.551771e-02 7.259436e-08
476000000 4.543940e-02 7.193569e-08
477000000 4.536139e-02 7.128419e-08
478000000 4.528368e-02 7.063975e-08
479000000 4.520627e-02 7.000229e-08
480000000 4.512914e-02 6.937172e-08
481000000 4.505231e-02 6.874796e-08
482000000 4.497577e-02 6.813091e-08
483000000 4.489952e-02 6.752049e-08
484000000 4.482355e-02 6.691662e-08
485000000 4.474787e-02 6.631921e-08
486000000 4.467247e-02 6.572819e-08
487000000 4.459735e-02 6.514347e-08
488000000 4.452251e-02 6.456497e-08
489000000 4.444795e-02 6.399262e-08
490000000 4.437367e-02 6.342633e-08
491000000 4.429966e-02 6.286604e-08
492000000 4.422593e-02 6.231167e-08
493000000 4.415247e-02 6.176314e-08
494000000 4.407928e-02 6.122038e-08
495000000 4.400635e-02 6.068332e-08
496000000 4.393370e-02 6.015190e-08
497000000 4.386131e-02 5.962603e-08
498000000 4.378919e-02 5.910565e-08
499000000 4.371732e-02 5.859070e-08
500000000 4.364572e-02 5.808111e-08
501000000 4.357438e-02 5.757681e-08
502000000 4.350330e-02 5.707774e-08
503000000 4.343247e-02 5.658383e-08
504000000 4.336190e-02 5.609502e-08
505000000 4.329159e-02 5.561125e-08
506000000 4.322152e-02 5.513246e-08
507000000 4.315171e-02 5.465859e-08
508000000 4.308215e-02 5.418957e-08
509000000 4.301284e-02 5.372536e-08
510000000 4.294377e-02 5.326588e-08
511000000 4.287495e-02 5.281109e-08
512000000 4.280638e-02 5.236093e-08
513000000 4.273804e-02 5.191535e-08
514000000 4.266995e-02 5.147428e-08
515000000 4.260210e-02 5.103768e-08
516000000 4.253449e-02 5.060548e-08
517000000 4.246712e-02 5.017765e-08
518000000 4.239998e-02 4.975413e-08
519000000 4.233308e-02 4.933486e-08
520000000 4.226641e-02 4.891980e-08
521000000 4.219997e-02 4.850889e-08
522000000 4.213377e-02 4.810209e-08
523000000 4.206780e-02 4.769936e-08
524000000 4.200205e-02 4.730063e-08
525000000 4.193654e-02 4.690587e-08
526000000 4.187125e-02 4.651503e-08
527000000 4.180618e-02 4.612806e-08
528000000 4.174134e-02 4.574491e-08
529000000 4.167672e-02 4.536556e-08
530000000 4.161233e-02 4.498994e-08
531000000 4.154815e-02 4.461801e-08
532000000 4.148419e-02 4.424974e-08
533000000 4.142046e-02 4.388509e-08
534000000 4.135694e-02 4.352400e-08
535000000 4.129363e-02 4.316644e-08
536000000 4.123054e-02 4.281237e-08
537000000 4.116766e-02 4.246174e-08
538000000 4.110500e-02 4.211453e-08
539000000 4.104255e-02 4.177068e-08
540000000 4.098030e-02 4.143017e-08
541000000 4.091827e-02 4.109295e-08
542000000 4.085645e-02 4.075899e-08
543000000 4.079483e-02 4.042824e-08
544000000 4.073342e-02 4.010068e-08
545000000 4.067221e-02 3.977626e-08
546000000 4.061121e-02 3.945496e-08
547000000 4.055041e-02 3.913673e-08
548000000 4.048981e-02 3.882155e-08
549000000 4.042941e-02 3.850937e-08
550000000 4.036921e-02 3.820017e-08
551000000 4.030921e-02 3.789391e-08
552000000 4.024941e-02 3.759055e-08
553000000 4.018981e-02 3.729007e-08
554000000 4.013040e-02 3.699244e-08
555000000 4.007118e-02 3.669762e-08
556000000 4.001216e-02 3.640557e-08
557000000 3.995333e-02 3.611628e-08
558000000 3.989470e-02 3.582971e-08
559000000 3.983625e-02 3.554583e-08
560000000 3.977800e-02 3.526461e-08
561000000 3.971993e-02 3.498602e-08
562000000 3.966205e-02 3.471003e-08
563000000 3.960436e-02 3.443661e-08
564000000 3.954685e-02 3.416574e-08
565000000 3.948953e-02 3.389739e-08
566000000 3.943239e-02 3.363153e-08
567000000 3.937544e-02 3.336813e-08
568000000 3.931867e-02 3.310717e-08
569000000 3.926208e-02 3.284862e-08
570000000 3.920567e-02 3.259245e-08
571000000 3.914944e-02 3.233864e-08
572000000 3.909339e-02 3.208716e-08
573000000 3.903752e-02 3.183799e-08
574000000 3.898182e-02 3.159111e-08
575000000 3.892630e-02 3.134648e-08
576000000 3.887096e-02 3.110409e-08
577000000 3.881579e-02 3.086391e-08
578000000 3.876079e-02 3.062591e-08
579000000 3.870597e-02 3.039008e-08
580000000 3.865131e-02 3.015638e-08
581000000 3.859683e-02 2.992481e-08
582000000 3.854252e-02 2.969533e-08
583000000 3.848838e-02 2.946792e-08
584000000 3.843441e-02 2.924257e-08
585000000 3.838061e-02 2.901924e-08
586000000 3.832697e-02 2.879792e-08
587000000 3.827350e-02 2.857859e-08
588000000 3.822019e-02 2.836123e-08
589000000 3.816705e-02 2.814581e-08
590000000 3.811407e-02 2.793231e-08
591000000 3.806126e-02 2.772072e-08
592000000 3.800860e-02 2.751102e-08
593000000 3.795611e-02 2.730318e-08
594000000 3.790378e-02 2.709719e-08
595000000 3.785161e-02 2.689302e-08
596000000 3.779960e-02 2.669066e-08
597000000 3.774775e-02 2.649009e-08
598000000 3.769606e-02 2.629130e-08
599000000 3.764452e-02 2.609425e-08
600000000 3.759314e-02 2.589894e-08
601000000 3.754191e-02 2.570534e-08
602000000 3.749084e-02 2.551345e-08
603000000 3.743992e-02 2.532323e-08
604000000 3.738916e-02 2.513468e-08
605000000 3.733855e-02 2.494778e-08
606000000 3.728809e-02 2.476250e-08
607000000 3.723778e-02 2.457884e-08
608000000 3.718762e-02 2.439678e-08
609000000 3.713761e-02 2.421630e-08
610000000 3.708775e-02 2.403738e-08
611000000 3.703804e-02 2.386002e-08
612000000 3.698848e-02 2.368418e-08
613000000 3.693906e-02 2.350987e-08
614000000 3.688979e-02 2.333706e-08
615000000 3.684067e-02 2.316573e-08
616000000 3.679169e-02 2.299588e-08
617000000 3.674286e-02 2.282748e-08
618000000 3.669417e-02 2.266053e-08
619000000 3.664562e-02 2.249501e-08
620000000 3.659722e-02 2.233090e-08
621000000 3.654895e-02 2.216820e-08
622000000 3.650083e-02 2.200688e-08
623000000 3.645285e-02 2.184693e-08
624000000 3.640501e-02 2.168834e-08
625000000 3.635730e-02 2.153110e-08
626000000 3.630974e-02 2.137519e-08
627000000 3.626231e-02 2.122060e-08
628000000 3.621502e-02 2.106731e-08
629000000 3.616787e-02 2.091532e-08
630000000 3.612086e-02 2.076461e-08
631000000 3.607398e-02 2.061516e-08
632000000 3.602723e-02 2.046697e-08
633000000 3.598062e-02 2.032003e-08
634000000 3.593414e-02 2.017431e-08
635000000 3.588780e-02 2.002982e-08
636000000 3.584159e-02 1.988653e-08
637000000 3.579551e-02 1.974444e-08
638000000 3.574956e-02 1.960353e-08
639000000 3.570374e-02 1.946379e-08
640000000 3.565805e-02 1.932522e-08
641000000 3.561250e-02 1.918779e-08
642000000 3.556707e-02 1.905151e-08
643000000 3.552177e-02 1.891635e-08
644000000 3.547659e-02 1.878230e-08
645000000 3.543155e-02 1.864936e-08
646000000 3.538663e-02 1.851752e-08
647000000 3.534184e-02 1.838677e-08
648000000 3.529717e-02 1.825708e-08
649000000 3.525263e-02 1.812846e-08
650000000 3.520822e-02 1.800090e-08
651000000 3.516392e-02 1.787438e-08
652000000 3.511975e-02 1.774889e-08
653000000 3.507571e-02 1.762443e-08
654000000 3.503179e-02 1.750098e-08
655000000 3.498798e-02 1.737854e-08
656000000 3.494430e-02 1.725709e-08
657000000 3.490075e-02 1.713663e-08
658000000 3.485731e-02 1.701714e-08
659000000 3.481399e-02 1.689862e-08
660000000 3.477079e-02 1.678106e-08
661000000 3.472771e-02 1.666445e-08
662000000 3.468475e-02 1.654878e-08
663000000 3.464190e-02 1.643404e-08
664000000 3.459918e-02 1.632022e-08
665000000 3.455657e-02 1.620732e-08
666000000 3.451407e-02 1.609532e-08
667000000 3.447170e-02 1.598422e-08
668000000 3.442943e-02 1.587401e-08
669000000 3.438729e-02 1.576468e-08
670000000 3.434525e-02 1.565622e-08
671000000 3.430333e-02 1.554863e-08
672000000 3.426153e-02 1.544189e-08
673000000 3.421984e-02 1.533600e-08
674000000 3.417826e-02 1.523095e-08
675000000 3.413679e-02 1.512674e-08
676000000 3.409543e-02 1.502335e-08
677000000 3.405419e-02 1.492077e-08
678000000 3.401305e-02 1.481901e-08
679000000 3.397203e-02 1.471805e-08
680000000 3.393111e-02 1.461788e-08
681000000 3.389031e-02 1.451850e-08
682000000 3.384961e-02 1.441990e-08
683000000 3.380902e-02 1.432208e-08
684000000 3.376854e-02 1.422502e-08
685000000 3.372817e-02 1.412873e-08
686000000 3.368790e-02 1.403318e-08
687000000 3.364774e-02 1.393838e-08
688000000 3.360769e-02 1.384432e-08
689000000 3.356774e-02 1.375099e-08
690000000 3.352790e-02 1.365839e-08
691000000 3.348816e-02 1.356651e-08
692000000 3.344853e-02 1.347534e-08
693000000 3.340900e-02 1.338488e-08
694000000 3.336957e-02 1.329511e-08
695000000 3.333025e-02 1.320604e-08
696000000 3.329103e-02 1.311766e-08
697000000 3.325192e-02 1.302996e-08
698000000 3.321290e-02 1.294293e-08
699000000 3.317399e-02 1.285658e-08
700000000 3.313518e-02 1.277088e-08
701000000 3.309646e-02 1.268585e-08
702000000 3.305785e-02 1.260146e-08
703000000 3.301934e-02 1.251772e-08
704000000 3.298093e-02 1.243462e-08
705000000 3.294262e-02 1.235216e-08
706000000 3.290440e-02 1.227032e-08
707000000 3.286629e-02 1.218911e-08
708000000 3.282827e-02 1.210852e-08
709000000 3.279035e-02 1.202853e-08
710000000 3.275252e-02 1.194916e-08
711000000 3.271480e-02 1.187038e-08
712000000 3.267717e-02 1.179221e-08
713000000 3.263963e-02 1.171462e-08
714000000 3.260220e-02 1.163762e-08
715000000 3.256485e-02 1.156120e-08
716000000 3.252760e-02 1.148535e-08
717000000 3.249045e-02 1.141008e-08
718000000 3.245339e-02 1.133537e-08
719000000 3.241642e-02 1.126122e-08
720000000 3.237955e-02 1.118763e-08
721000000 3.234277e-02 1.111459e-08
722000000 3.230608e-02 1.104210e-08
723000000 3.226949e-02 1.097014e-08
724000000 3.223299e-02 1.089873e-08
725000000 3.219658e-02 1.082784e-08
726000000 3.216026e-02 1.075749e-08
727000000 3.212403e-02 1.068765e-08
728000000 3.208789e-02 1.061834e-08
729000000 3.205184e-02 1.054954e-08
730000000 3.201588e-02 1.048125e-08
731000000 3.198001e-02 1.041346e-08
732000000 3.194423e-02 1.034618e-08
733000000 3.190854e-02 1.027939e-08
734000000 3.187294e-02 1.021310e-08
735000000 3.183742e-02 1.014729e-08
736000000 3.180200e-02 1.008197e-08
737000000 3.176666e-02 1.001713e-08
738000000 3.173140e-02 9.952760e-09
739000000 3.169624e-02 9.888865e-09
740000000 3.166116e-02 9.825439e-09
741000000 3.162617e-02 9.762477e-09
742000000 3.159126e-02 9.699975e-09
743000000 3.155644e-02 9.637929e-09
744000000 3.152170e-02 9.576336e-09
745000000 3.148705e-02 9.515191e-09
746000000 3.145248e-02 9.454491e-09
747000000 3.141800e-02 9.394232e-09
748000000 3.138360e-02 9.334410e-09
749000000 3.134928e-02 9.275022e-09
750000000 3.131505e-02 9.216065e-09
751000000 3.128090e-02 9.157533e-09
752000000 3.124683e-02 9.099425e-09
753000000 3.121285e-02 9.041736e-09
754000000 3.117894e-02 8.984463e-09
755000000 3.114512e-02 8.927602e-09
756000000 3.111138e-02 8.871150e-09
757000000 3.107772e-02 8.815104e-09
758000000 3.104415e-02 8.759461e-09
759000000 3.101065e-02 8.704216e-09
760000000 3.097723e-02 8.649367e-09
761000000 3.094389e-02 8.594910e-09
762000000 3.091064e-02 8.540843e-09
763000000 3.087746e-02 8.487161e-09
764000000 3.084436e-02 8.433862e-09
765000000 3.081134e-02 8.380943e-09
766000000 3.077839e-02 8.328401e-09
767000000 3.074553e-02 8.276231e-09
768000000 3.071274e-02 8.224433e-09
769000000 3.068003e-02 8.173001e-09
770000000 3.064740e-02 8.121934e-09
771000000 3.061485e-02 8.071228e-09
772000000 3.058237e-02 8.020881e-09
773000000 3.054997e-02 7.970889e-09
774000000 3.051764e-02 7.921250e-09
775000000 3.048539e-02 7.871961e-09
776000000 3.045322e-02 7.823019e-09
777000000 3.042112e-02 7.774421e-09
778000000 3.038909e-02 7.726164e-09
779000000 3.035715e-02 7.678245e-09
780000000 3.032527e-02 7.630663e-09
781000000 3.029347e-02 7.583414e-09
782000000 3.026174e-02 7.536495e-09
783000000 3.023009e-02 7.489904e-09
784000000 3.019851e-02 7.443638e-09
785000000 3.016701e-02 7.397695e-09
786000000 3.013557e-02 7.352072e-09
787000000 3.010421e-02 7.306766e-09
788000000 3.007293e-02 7.261775e-09
789000000 3.004171e-02 7.217097e-09
790000000 3.001057e-02 7.172728e-09
791000000 2.997949e-02 7.128667e-09
792000000 2.994849e-02 7.084911e-09
793000000 2.991756e-02 7.041457e-09
794000000 2.988670e-02 6.998304e-09
795000000 2.985591e-02 6.955448e-09
796000000 2.982520e-02 6.912888e-09
797000000 2.979455e-02 6.870621e-09
798000000 2.976397e-02 6.828644e-09
799000000 2.973346e-02 6.786956e-09
800000000 2.970302e-02 6.745554e-09
801000000 2.967265e-02 6.704437e-09
802000000 2.964235e-02 6.663600e-09
803000000 2.961212e-02 6.623044e-09
804000000 2.958195e-02 6.582764e-09
805000000 2.955186e-02 6.542760e-09
806000000 2.952183e-02 6.503029e-09
807000000 2.949187e-02 6.463569e-09
808000000 2.946198e-02 6.424377e-09
809000000 2.943215e-02 6.385452e-09
810000000 2.940239e-02 6.346791e-09
811000000 2.937270e-02 6.308393e-09
812000000 2.934307e-02 6.270256e-09
813000000 2.931351e-02 6.232376e-09
814000000 2.928402e-02 6.194754e-09
815000000 2.925459e-02 6.157385e-09
816000000 2.922523e-02 6.120269e-09
817000000 2.919594e-02 6.083404e-09
818000000 2.916670e-02 6.046787e-09
819000000 2.913754e-02 6.010417e-09
820000000 2.910844e-02 5.974292e-09
821000000 2.907940e-02 5.938409e-09
822000000 2.905043e-02 5.902768e-09
823000000 2.902152e-02 5.867365e-09
824000000 2.899267e-02 5.832200e-09
825000000 2.896389e-02 5.797270e-09
826000000 2.893517e-02 5.762574e-09
827000000 2.890652e-02 5.728110e-09
828000000 2.887792e-02 5.693876e-09
829000000 2.884940e-02 5.659871e-09
830000000 2.882093e-02 5.626092e-09
831000000 2.879252e-02 5.592538e-09
832000000 2.876418e-02 5.559207e-09
833000000 2.873590e-02 5.526098e-09
834000000 2.870768e-02 5.493208e-09
835000000 2.867952e-02 5.460537e-09
836000000 2.865143e-02 5.428082e-09
837000000 2.862339e-02 5.395842e-09
838000000 2.859542e-02 5.363815e-09
839000000 2.856751e-02 5.332000e-09
840000000 2.853965e-02 5.300395e-09
841000000 2.851186e-02 5.268998e-09
842000000 2.848413e-02 5.237808e-09
843000000 2.845645e-02 5.206824e-09
844000000 2.842884e-02 5.176043e-09
845000000 2.840129e-02 5.145465e-09
846000000 2.837379e-02 5.115087e-09
847000000 2.834636e-02 5.084908e-09
848000000 2.831898e-02 5.054927e-09
849000000 2.829166e-02 5.025143e-09
850000000 2.826440e-02 4.995553e-09
851000000 2.823720e-02 4.966157e-09
852000000 2.821006e-02 4.936952e-09
853000000 2.818297e-02 4.907938e-09
854000000 2.815594e-02 4.879113e-09
855000000 2.812897e-02 4.850476e-09
856000000 2.810206e-02 4.822025e-09
857000000 2.807520e-02 4.793759e-09
858000000 2.804841e-02 4.765676e-09
859000000 2.802166e-02 4.737775e-09
860000000 2.799498e-02 4.710056e-09
861000000 2.796835e-02 4.682515e-09
862000000 2.794178e-02 4.655153e-09
863000000 2.791526e-02 4.627968e-09
864000000 2.788880e-02 4.600958e-09
865000000 2.786239e-02 4.574123e-09
866000000 2.783604e-02 4.547461e-09
867000000 2.780975e-02 4.520970e-09
868000000 2.778351e-02 4.494649e-09
869000000 2.775732e-02 4.468498e-09
870000000 2.773119e-02 4.442515e-09
871000000 2.770512e-02 4.416699e-09
872000000 2.767910e-02 4.391048e-09
873000000 2.765313e-02 4.365561e-09
874000000 2.762722e-02 4.340238e-09
875000000 2.760136e-02 4.315076e-09
876000000 2.757555e-02 4.290075e-09
877000000 2.754980e-02 4.265234e-09
878000000 2.752410e-02 4.240551e-09
879000000 2.749846e-02 4.216026e-09
880000000 2.747286e-02 4.191657e-09
881000000 2.744732e-02 4.167442e-09
882000000 2.742184e-02 4.143382e-09
883000000 2.739640e-02 4.119474e-09
884000000 2.737102e-02 4.095718e-09
885000000 2.734569e-02 4.072113e-09
886000000 2.732041e-02 4.048657e-09
887000000 2.729519e-02 4.025350e-09
888000000 2.727001e-02 4.002189e-09
889000000 2.724489e-02 3.979176e-09
890000000 2.721982e-02 3.956307e-09
891000000 2.719480e-02 3.933583e-09
892000000 2.716983e-02 3.911002e-09
893000000 2.714491e-02 3.888563e-09
894000000 2.712004e-02 3.866265e-09
895000000 2.709523e-02 3.844108e-09
896000000 2.707046e-02 3.822089e-09
897000000 2.704574e-02 3.800209e-09
898000000 2.702108e-02 3.778466e-09
899000000 2.699646e-02 3.756859e-09
900000000 2.697189e-02 3.735387e-09
901000000 2.694738e-02 3.714050e-09
902000000 2.692291e-02 3.692846e-09
903000000 2.689849e-02 3.671774e-09
904000000 2.687412e-02 3.650834e-09
905000000 2.684980e-02 3.630024e-09
906000000 2.682553e-02 3.609344e-09
907000000 2.680131e-02 3.588793e-09
908000000 2.677713e-02 3.568369e-09
909000000 2.675301e-02 3.548072e-09
910000000 2.672893e-02 3.527901e-09
911000000 2.670490e-02 3.507856e-09
912000000 2.668092e-02 3.487934e-09
913000000 2.665698e-02 3.468136e-09
914000000 2.663310e-02 3.448461e-09
915000000 2.660926e-02 3.428907e-09
916000000 2.658547e-02 3.409474e-09
917000000 2.656172e-02 3.390161e-09
918000000 2.653803e-02 3.370966e-09
919000000 2.651438e-02 3.351891e-09
920000000 2.649077e-02 3.332932e-09
921000000 2.646722e-02 3.314091e-09
922000000 2.644370e-02 3.295365e-09
923000000 2.642024e-02 3.276754e-09
924000000 2.639682e-02 3.258257e-09
925000000 2.637345e-02 3.239874e-09
926000000 2.635012e-02 3.221604e-09
927000000 2.632684e-02 3.203445e-09
928000000 2.630361e-02 3.185398e-09
929000000 2.628042e-02 3.167461e-09
930000000 2.625728e-02 3.149633e-09
931000000 2.623418e-02 3.131914e-09
932000000 2.621112e-02 3.114303e-09
933000000 2.618812e-02 3.096800e-09
934000000 2.616515e-02 3.079403e-09
935000000 2.614223e-02 3.062112e-09
936000000 2.611936e-02 3.044927e-09
937000000 2.609653e-02 3.027845e-09
938000000 2.607374e-02 3.010868e-09
939000000 2.605100e-02 2.993993e-09
940000000 2.602830e-02 2.977221e-09
941000000 2.600565e-02 2.960550e-09
942000000 2.598304e-02 2.943980e-09
943000000 2.596047e-02 2.927510e-09
944000000 2.593795e-02 2.911140e-09
945000000 2.591547e-02 2.894869e-09
946000000 2.589303e-02 2.878696e-09
947000000 2.587064e-02 2.862620e-09
948000000 2.584829e-02 2.846641e-09
949000000 2.582598e-02 2.830759e-09
950000000 2.580372e-02 2.814972e-09
951000000 2.578150e-02 2.799280e-09
952000000 2.575932e-02 2.783682e-09
953000000 2.573718e-02 2.768178e-09
954000000 2.571508e-02 2.752767e-09
955000000 2.569303e-02 2.737448e-09
956000000 2.567102e-02 2.722221e-09
957000000 2.564905e-02 2.707085e-09
958000000 2.562712e-02 2.692039e-09
959000000 2.560524e-02 2.677084e-09
960000000 2.558339e-02 2.662218e-09
961000000 2.556159e-02 2.647440e-09
962000000 2.553983e-02 2.632751e-09
963000000 2.551811e-02 2.618149e-09
964000000 2.549643e-02 2.603634e-09
965000000 2.547479e-02 2.589205e-09
966000000 2.545319e-02 2.574863e-09
967000000 2.543163e-02 2.560605e-09
968000000 2.541011e-02 2.546432e-09
969000000 2.538864e-02 2.532343e-09
970000000 2.536720e-02 2.518338e-09
971000000 2.534580e-02 2.504416e-09
972000000 2.532445e-02 2.490576e-09
973000000 2.530313e-02 2.476818e-09
974000000 2.528186e-02 2.463141e-09
975000000 2.526062e-02 2.449545e-09
976000000 2.523942e-02 2.436029e-09
977000000 2.521826e-02 2.422593e-09
978000000 2.519714e-02 2.409236e-09
979000000 2.517607e-02 2.395958e-09
980000000 2.515503e-02 2.382758e-09
981000000 2.513402e-02 2.369636e-09
982000000 2.511306e-02 2.356591e-09
983000000 2.509214e-02 2.343623e-09
984000000 2.507125e-02 2.330730e-09
985000000 2.505041e-02 2.317913e-09
986000000 2.502960e-02 2.305172e-09
987000000 2.500883e-02 2.292505e-09
988000000 2.498810e-02 2.279912e-09
989000000 2.496741e-02 2.267393e-09
990000000 2.494675e-02 2.254947e-09
991000000 2.492613e-02 2.242573e-09
992000000 2.490556e-02 2.230272e-09
993000000 2.488501e-02 2.218043e-09
994000000 2.486451e-02 2.205885e-09
995000000 2.484404e-02 2.193798e-09
996000000 2.482361e-02 2.181781e-09
997000000 2.480322e-02 2.169834e-09
998000000 2.478287e-02 2.157957e-09
999000000 2.476255e-02 2.146148e-09
1000000000 2.474227e-02 2.134408e-09
1001000000 2.472203e-02 2.122737e-09
1002000000 2.470182e-02 2.111133e-09
1003000000 2.468165e-02 2.099596e-09
1004000000 2.466151e-02 2.088126e-09
1005000000 2.464142e-02 2.076722e-09
1006000000 2.462136e-02 2.065384e-09
1007000000 2.460133e-02 2.054112e-09
1008000000 2.458134e-02 2.042905e-09
1009000000 2.456139e-02 2.031763e-09
1010000000 2.454147e-02 2.020685e-09
1011000000 2.452159e-02 2.009671e-09
1012000000 2.450175e-02 1.998720e-09
1013000000 2.448194e-02 1.987832e-09
1014000000 2.446216e-02 1.977007e-09
1015000000 2.444242e-02 1.966244e-09
1016000000 2.442272e-02 1.955543e-09
1017000000 2.440305e-02 1.944903e-09
1018000000 2.438342e-02 1.934325e-09
1019000000 2.436382e-02 1.923807e-09
1020000000 2.434426e-02 1.913349e-09
1021000000 2.432473e-02 1.902952e-09
1022000000 2.430524e-02 1.892613e-09
1023000000 2.428578e-02 1.882334e-09
1024000000 2.426636e-02 1.872114e-09
1025000000 2.424697e-02 1.861952e-09
1026000000 2.422761e-02 1.851848e-09
1027000000 2.420829e-02 1.841802e-09
1028000000 2.418900e-02 1.831813e-09
1029000000 2.416975e-02 1.821881e-09
1030000000 2.415053e-02 1.812006e-09
1031000000 2.413135e-02 1.802186e-09
1032000000 2.411220e-02 1.792423e-09
1033000000 2.409308e-02 1.782715e-09
1034000000 2.407400e-02 1.773062e-09
1035000000 2.405495e-02 1.763464e-09
1036000000 2.403593e-02 1.753921e-09
1037000000 2.401695e-02 1.744431e-09
1038000000 2.399800e-02 1.734996e-09
1039000000 2.397908e-02 1.725614e-09
1040000000 2.396020e-02 1.716285e-09
1041000000 2.394134e-02 1.707008e-09
1042000000 2.392253e-02 1.697784e-09
1043000000 2.390374e-02 1.688613e-09
1044000000 2.388499e-02 1.679493e-09
1045000000 2.386627e-02 1.670424e-09
1046000000 2.384758e-02 1.661407e-09
1047000000 2.382893e-02 1.652440e-09
1048000000 2.381031e-02 1.643524e-09
1049000000 2.379172e-02 1.634659e-09
1050000000 2.377316e-02 1.625843e-09
1051000000 2.375463e-02 1.617076e-09
1052000000 2.373614e-02 1.608359e-09
1053000000 2.371768e-02 1.599691e-09
1054000000 2.369925e-02 1.591072e-09
1055000000 2.368085e-02 1.582501e-09
1056000000 2.366248e-02 1.573978e-09
1057000000 2.364415e-02 1.565502e-09
1058000000 2.362585e-02 1.557074e-09
1059000000 2.360757e-02 1.548694e-09
1060000000 2.358933e-02 1.540360e-09
1061000000 2.357112e-02 1.532073e-09
1062000000 2.355295e-02 1.523832e-09
1063000000 2.353480e-02 1.515637e-09
1064000000 2.351668e-02 1.507488e-09
1065000000 2.349860e-02 1.499384e-09
1066000000 2.348055e-02 1.491326e-09
1067000000 2.346252e-02 1.483312e-09
1068000000 2.344453e-02 1.475343e-09
1069000000 2.342657e-02 1.467419e-09
1070000000 2.340864e-02 1.459538e-09
1071000000 2.339074e-02 1.451701e-09
1072000000 2.337286e-02 1.443908e-09
1073000000 2.335502e-02 1.436158e-09
1074000000 2.333721e-02 1.428451e-09
1075000000 2.331943e-02 1.420787e-09
1076000000 2.330168e-02 1.413166e-09
1077000000 2.328396e-02 1.405586e-09
1078000000 2.326628e-02 1.398049e-09
1079000000 2.324861e-02 1.390553e-09
1080000000 2.323098e-02 1.383099e-09
1081000000 2.321338e-02 1.375686e-09
1082000000 2.319581e-02 1.368314e-09
1083000000 2.317827e-02 1.360982e-09
1084000000 2.316076e-02 1.353691e-09
1085000000 2.314328e-02 1.346441e-09
1086000000 2.312582e-02 1.339230e-09
1087000000 2.310840e-02 1.332059e-09
1088000000 2.309100e-02 1.324928e-09
1089000000 2.307364e-02 1.317835e-09
1090000000 2.305630e-02 1.310782e-09
1091000000 2.303899e-02 1.303768e-09
1092000000 2.302171e-02 1.296792e-09
1093000000 2.300446e-02 1.289855e-09
1094000000 2.298724e-02 1.282955e-09
1095000000 2.297005e-02 1.276094e-09
1096000000 2.295288e-02 1.269270e-09
1097000000 2.293574e-02 1.262483e-09
1098000000 2.291864e-02 1.255734e-09
1099000000 2.290156e-02 1.249022e-09
1100000000 2.288451e-02 1.242346e-09
1101000000 2.286748e-02 1.235707e-09
1102000000 2.285049e-02 1.229104e-09
1103000000 2.283352e-02 1.222538e-09
1104000000 2.281658e-02 1.216007e-09
1105000000 2.279967e-02 1.209512e-09
1106000000 2.278279e-02 1.203052e-09
1107000000 2.276593e-02 1.196628e-09
1108000000 2.274910e-02 1.190238e-09
1109000000 2.273230e-02 1.183884e-09
1110000000 2.271553e-02 1.177564e-09
1111000000 2.269878e-02 1.171278e-09
1112000000 2.268206e-02 1.165027e-09
1113000000 2.266537e-02 1.158809e-09
1114000000 2.264871e-02 1.152626e-09
1115000000 2.263207e-02 1.146476e-09
1116000000 2.261546e-02 1.140359e-09
1117000000 2.259888e-02 1.134276e-09
1118000000 2.258233e-02 1.128225e-09
1119000000 2.256580e-02 1.122208e-09
1120000000 2.254930e-02 1.116223e-09
1121000000 2.253282e-02 1.110270e-09
1122000000 2.251638e-02 1.104350e-09
1123000000 2.249995e-02 1.098462e-09
1124000000 2.248356e-02 1.092605e-09
1125000000 2.246719e-02 1.086781e-09
1126000000 2.245085e-02 1.080987e-09
1127000000 2.243453e-02 1.075225e-09
1128000000 2.241824e-02 1.069494e-09
1129000000 2.240198e-02 1.063795e-09
1130000000 2.238574e-02 1.058125e-09
1131000000 2.236953e-02 1.052487e-09
1132000000 2.235335e-02 1.046879e-09
1133000000 2.233719e-02 1.041301e-09
1134000000 2.232106e-02 1.035753e-09
1135000000 2.230495e-02 1.030235e-09
1136000000 2.228887e-02 1.024746e-09
1137000000 2.227282e-02 1.019287e-09
1138000000 2.225679e-02 1.013858e-09
1139000000 2.224078e-02 1.008458e-09
1140000000 2.222480e-02 1.003086e-09
1141000000 2.220885e-02 9.977437e-10
1142000000 2.219292e-02 9.924298e-10
1143000000 2.217702e-02 9.871445e-10
1144000000 2.216114e-02 9.818875e-10
1145000000 2.214529e-02 9.766586e-10
1146000000 2.212947e-02 9.714578e-10
1147000000 2.211366e-02 9.662848e-10
1148000000 2.209789e-02 9.611395e-10
1149000000 2.208214e-02 9.560217e-10
1150000000 2.206641e-02 9.509313e-10
1151000000 2.205071e-02 9.458681e-10
1152000000 2.203503e-02 9.408320e-10
1153000000 2.201938e-02 9.358227e-10
1154000000 2.200375e-02 9.308402e-10
1155000000 2.198815e-02 9.258843e-10
1156000000 2.197257e-02 9.209548e-10
1157000000 2.195702e-02 9.160515e-10
1158000000 2.194149e-02 9.111745e-10
1159000000 2.192598e-02 9.063233e-10
1160000000 2.191050e-02 9.014981e-10
1161000000 2.189504e-02 8.966985e-10
1162000000 2.187961e-02 8.919244e-10
1163000000 2.186420e-02 8.871757e-10
1164000000 2.184882e-02 8.824523e-10
1165000000 2.183346e-02 8.777540e-10
1166000000 2.181812e-02 8.730806e-10
1167000000 2.180281e-02 8.684321e-10
1168000000 2.178752e-02 8.638082e-10
1169000000 2.177226e-02 8.592088e-10
1170000000 2.175702e-02 8.546339e-10
1171000000 2.174180e-02 8.500832e-10
1172000000 2.172661e-02 8.455566e-10
1173000000 2.171144e-02 8.410540e-10
1174000000 2.169629e-02 8.365752e-10
1175000000 2.168117e-02 8.321201e-10
1176000000 2.166607e-02 8.276886e-10
1177000000 2.165099e-02 8.232806e-10
1178000000 2.163594e-02 8.188958e-10
1179000000 2.162091e-02 8.145342e-10
1180000000 2.160590e-02 8.101957e-10
1181000000 2.159092e-02 8.058801e-10
1182000000 2.157596e-02 8.015872e-10
1183000000 2.156102e-02 7.973170e-10
1184000000 2.154611e-02 7.930694e-10
1185000000 2.153122e-02 7.888441e-10
1186000000 2.151635e-02 7.846411e-10
1187000000 2.150150e-02 7.804602e-10
1188000000 2.148668e-02 7.763014e-10
1189000000 2.147188e-02 7.721645e-10
1190000000 2.145710e-02 7.680493e-10
1191000000 2.144234e-02 7.639558e-10
1192000000 2.142761e-02 7.598838e-10
1193000000 2.141290e-02 7.558332e-10
1194000000 2.139821e-02 7.518039e-10
1195000000 2.138355e-02 7.477958e-10
1196000000 2.136890e-02 7.438088e-10
1197000000 2.135428e-02 7.398426e-10
1198000000 2.133968e-02 7.358973e-10
1199000000 2.132511e-02 7.319727e-10
1200000000 2.131055e-02 7.280687e-10
1201000000 2.129602e-02 7.241851e-10
1202000000 2.128151e-02 7.203219e-10
1203000000 2.126702e-02 7.164789e-10
1204000000 2.125255e-02 7.126561e-10
1205000000 2.123811e-02 7.088533e-10
1206000000 2.122369e-02 7.050703e-10
1207000000 2.120928e-02 7.013072e-10
1208000000 2.119491e-02 6.975638e-10
1209000000 2.118055e-02 6.938399e-10
1210000000 2.116621e-02 6.901355e-10
1211000000 2.115190e-02 6.864504e-10
1212000000 2.113760e-02 6.827846e-10
1213000000 2.112333e-02 6.791380e-10
1214000000 2.110908e-02 6.755104e-10
1215000000 2.109485e-02 6.719017e-10
1216000000 2.108064e-02 6.683118e-10
1217000000 2.106646e-02 6.647407e-10
1218000000 2.105229e-02 6.611882e-10
1219000000 2.103815e-02 6.576542e-10
1220000000 2.102402e-02 6.541386e-10
1221000000 2.100992e-02 6.506413e-10
1222000000 2.099584e-02 6.471622e-10
1223000000 2.098178e-02 6.437013e-10
1224000000 2.096774e-02 6.402583e-10
1225000000 2.095372e-02 6.368333e-10
1226000000 2.093972e-02 6.334261e-10
1227000000 2.092574e-02 6.300366e-10
1228000000 2.091179e-02 6.266647e-10
1229000000 2.089785e-02 6.233103e-10
1230000000 2.088394e-02 6.199734e-10
1231000000 2.087004e-02 6.166538e-10
1232000000 2.085617e-02 6.133514e-10
1233000000 2.084232e-02 6.100662e-10
1234000000 2.082848e-02 6.067980e-10
1235000000 2.081467e-02 6.035467e-10
1236000000 2.080088e-02 6.003124e-10
1237000000 2.078710e-02 5.970948e-10
1238000000 2.077335e-02 5.938938e-10
1239000000 2.075962e-02 5.907095e-10
1240000000 2.074591e-02 5.875416e-10
1241000000 2.073222e-02 5.843902e-10
1242000000 2.071855e-02 5.812551e-10
1243000000 2.070489e-02 5.781362e-10
1244000000 2.069126e-02 5.750334e-10
1245000000 2.067765e-02 5.719467e-10
1246000000 2.066406e-02 5.688760e-10
1247000000 2.065049e-02 5.658211e-10
1248000000 2.063694e-02 5.627820e-10
1249000000 2.062340e-02 5.597586e-10
1250000000 2.060989e-02 5.567509e-10
1251000000 2.059640e-02 5.537587e-10
1252000000 2.058292e-02 5.507819e-10
1253000000 2.056947e-02 5.478205e-10
1254000000 2.055604e-02 5.448744e-10
1255000000 2.054262e-02 5.419435e-10
1256000000 2.052923e-02 5.390277e-10
1257000000 2.051585e-02 5.361269e-10
1258000000 2.050249e-02 5.332411e-10
1259000000 2.048916e-02 5.303702e-10
1260000000 2.047584e-02 5.275141e-10
1261000000 2.046254e-02 5.246726e-10
1262000000 2.044926e-02 5.218459e-10
1263000000 2.043600e-02 5.190336e-10
1264000000 2.042276e-02 5.162359e-10
1265000000 2.040953e-02 5.134526e-10
1266000000 2.039633e-02 5.106835e-10
1267000000 2.038315e-02 5.079288e-10
1268000000 2.036998e-02 5.051882e-10
1269000000 2.035683e-02 5.024617e-10
1270000000 2.034371e-02 4.997492e-10
1271000000 2.033060e-02 4.970507e-10
1272000000 2.031751e-02 4.943660e-10
1273000000 2.030443e-02 4.916951e-10
1274000000 2.029138e-02 4.890380e-10
1275000000 2.027835e-02 4.863945e-10
1276000000 2.026533e-02 4.837645e-10
1277000000 2.025233e-02 4.811481e-10
1278000000 2.023935e-02 4.785451e-10
1279000000 2.022639e-02 4.759555e-10
1280000000 2.021345e-02 4.733791e-10
1281000000 2.020053e-02 4.708160e-10
1282000000 2.018762e-02 4.682660e-10
1283000000 2.017474e-02 4.657291e-10
1284000000 2.016187e-02 4.632052e-10
1285000000 2.014902e-02 4.606942e-10
1286000000 2.013618e-02 4.581961e-10
1287000000 2.012337e-02 4.557108e-10
1288000000 2.011057e-02 4.532383e-10
1289000000 2.009780e-02 4.507784e-10
1290000000 2.008504e-02 4.483311e-10
1291000000 2.007229e-02 4.458963e-10
1292000000 2.005957e-02 4.434740e-10
1293000000 2.004686e-02 4.410641e-10
1294000000 2.003418e-02 4.386665e-10
1295000000 2.002151e-02 4.362812e-10
1296000000 2.000885e-02 4.339081e-10
1297000000 1.999622e-02 4.315471e-10
1298000000 1.998360e-02 4.291982e-10
1299000000 1.997100e-02 4.268613e-10
1300000000 1.995842e-02 4.245364e-10
1301000000 1.994585e-02 4.222234e-10
1302000000 1.993331e-02 4.199221e-10
1303000000 1.992078e-02 4.176327e-10
1304000000 1.990827e-02 4.153549e-10
1305000000 1.989577e-02 4.130887e-10
1306000000 1.988330e-02 4.108342e-10
1307000000 1.987084e-02 4.085911e-10
1308000000 1.985839e-02 4.063595e-10
1309000000 1.984597e-02 4.041393e-10
1310000000 1.983356e-02 4.019305e-10
1311000000 1.982117e-02 3.997329e-10
1312000000 1.980880e-02 3.975465e-10
1313000000 1.979644e-02 3.953713e-10
1314000000 1.978410e-02 3.932072e-10
1315000000 1.977178e-02 3.910541e-10
1316000000 1.975947e-02 3.889120e-10
1317000000 1.974719e-02 3.867808e-10
1318000000 1.973492e-02 3.846605e-10
1319000000 1.972266e-02 3.825510e-10
1320000000 1.971042e-02 3.804523e-10
1321000000 1.969820e-02 3.783642e-10
1322000000 1.968600e-02 3.762868e-10
1323000000 1.967381e-02 3.742200e-10
1324000000 1.966164e-02 3.721637e-10
1325000000 1.964949e-02 3.701179e-10
1326000000 1.963735e-02 3.680825e-10
1327000000 1.962523e-02 3.660575e-10
1328000000 1.961313e-02 3.640428e-10
1329000000 1.960104e-02 3.620383e-10
1330000000 1.958897e-02 3.600441e-10
1331000000 1.957692e-02 3.580600e-10
1332000000 1.956488e-02 3.560861e-10
1333000000 1.955286e-02 3.541221e-10
1334000000 1.954086e-02 3.521682e-10
1335000000 1.952887e-02 3.502242e-10
1336000000 1.951690e-02 3.482901e-10
1337000000 1.950494e-02 3.463659e-10
1338000000 1.949300e-02 3.444514e-10
1339000000 1.948108e-02 3.425467e-10
1340000000 1.946917e-02 3.406517e-10
1341000000 1.945728e-02 3.387663e-10
1342000000 1.944541e-02 3.368905e-10
1343000000 1.943355e-02 3.350242e-10
1344000000 1.942170e-02 3.331675e-10
1345000000 1.940988e-02 3.313202e-10
1346000000 1.939807e-02 3.294822e-10
1347000000 1.938627e-02 3.276537e-10
1348000000 1.937449e-02 3.258344e-10
1349000000 1.936273e-02 3.240244e-10
1350000000 1.935098e-02 3.222235e-10
1351000000 1.933925e-02 3.204319e-10
1352000000 1.932754e-02 3.186493e-10
1353000000 1.931584e-02 3.168758e-10
1354000000 1.930415e-02 3.151113e-10
1355000000 1.929249e-02 3.133558e-10
1356000000 1.928083e-02 3.116092e-10
1357000000 1.926920e-02 3.098715e-10
1358000000 1.925758e-02 3.081426e-10
1359000000 1.924597e-02 3.064225e-10
1360000000 1.923438e-02 3.047112e-10
1361000000 1.922280e-02 3.030085e-10
1362000000 1.921125e-02 3.013145e-10
1363000000 1.919970e-02 2.996291e-10
1364000000 1.918817e-02 2.979523e-10
1365000000 1.917666e-02 2.962840e-10
1366000000 1.916516e-02 2.946241e-10
1367000000 1.915368e-02 2.929727e-10
1368000000 1.914221e-02 2.913297e-10
1369000000 1.913076e-02 2.896951e-10
1370000000 1.911932e-02 2.880687e-10
1371000000 1.910790e-02 2.864506e-10
1372000000 1.909650e-02 2.848407e-10
1373000000 1.908510e-02 2.832391e-10
1374000000 1.907373e-02 2.816455e-10
1375000000 1.906237e-02 2.800600e-10
1376000000 1.905102e-02 2.784826e-10
1377000000 1.903969e-02 2.769132e-10
1378000000 1.902837e-02 2.753518e-10
1379000000 1.901707e-02 2.737984e-10
1380000000 1.900579e-02 2.722528e-10
1381000000 1.899451e-02 2.707150e-10
1382000000 1.898326e-02 2.691851e-10
1383000000 1.897202e-02 2.676630e-10
1384000000 1.896079e-02 2.661485e-10
1385000000 1.894958e-02 2.646418e-10
1386000000 1.893838e-02 2.631428e-10
1387000000 1.892719e-02 2.616513e-10
1388000000 1.891603e-02 2.601674e-10
1389000000 1.890487e-02 2.586911e-10
1390000000 1.889373e-02 2.572223e-10
1391000000 1.888261e-02 2.557609e-10
1392000000 1.887150e-02 2.543070e-10
1393000000 1.886040e-02 2.528605e-10
1394000000 1.884932e-02 2.514213e-10
1395000000 1.883826e-02 2.499894e-10
1396000000 1.882720e-02 2.485648e-10
1397000000 1.881617e-02 2.471474e-10
1398000000 1.880514e-02 2.457373e-10
1399000000 1.879413e-02 2.443343e-10
1400000000 1.878314e-02 2.429385e-10
1401000000 1.877216e-02 2.415497e-10
1402000000 1.876119e-02 2.401680e-10
1403000000 1.875024e-02 2.387934e-10
1404000000 1.873930e-02 2.374257e-10
1405000000 1.872838e-02 2.360650e-10
1406000000 1.871747e-02 2.347112e-10
1407000000 1.870657e-02 2.333643e-10
1408000000 1.869569e-02 2.320243e-10
1409000000 1.868482e-02 2.306910e-10
1410000000 1.867397e-02 2.293646e-10
1411000000 1.866313e-02 2.280449e-10
1412000000 1.865231e-02 2.267319e-10
1413000000 1.864150e-02 2.254256e-10
1414000000 1.863070e-02 2.241259e-10
1415000000 1.861991e-02 2.228329e-10
1416000000 1.860914e-02 2.215464e-10
1417000000 1.859839e-02 2.202665e-10
1418000000 1.858765e-02 2.189931e-10
1419000000 1.857692e-02 2.177262e-10
1420000000 1.856620e-02 2.164658e-10
1421000000 1.855550e-02 2.152118e-10
1422000000 1.854481e-02 2.139641e-10
1423000000 1.853414e-02 2.127228e-10
1424000000 1.852348e-02 2.114879e-10
1425000000 1.851284e-02 2.102592e-10
1426000000 1.850220e-02 2.090368e-10
1427000000 1.849158e-02 2.078206e-10
1428000000 1.848098e-02 2.066107e-10
1429000000 1.847039e-02 2.054069e-10
1430000000 1.845981e-02 2.042092e-10
1431000000 1.844924e-02 2.030176e-10
1432000000 1.843869e-02 2.018322e-10
1433000000 1.842815e-02 2.006527e-10
1434000000 1.841763e-02 1.994793e-10
1435000000 1.840711e-02 1.983119e-10
1436000000 1.839662e-02 1.971504e-10
1437000000 1.838613e-02 1.959949e-10
1438000000 1.837566e-02 1.948453e-10
1439000000 1.836520e-02 1.937015e-10
1440000000 1.835475e-02 1.925636e-10
1441000000 1.834432e-02 1.914315e-10
1442000000 1.833390e-02 1.903051e-10
1443000000 1.832350e-02 1.891846e-10
1444000000 1.831310e-02 1.880697e-10
1445000000 1.830273e-02 1.869606e-10
1446000000 1.829236e-02 1.858571e-10
1447000000 1.828200e-02 1.847593e-10
1448000000 1.827166e-02 1.836671e-10
1449000000 1.826134e-02 1.825804e-10
1450000000 1.825102e-02 1.814994e-10
1451000000 1.824072e-02 1.804238e-10
1452000000 1.823043e-02 1.793538e-10
1453000000 1.822016e-02 1.782892e-10
1454000000 1.820989e-02 1.772301e-10
1455000000 1.819964e-02 1.761764e-10
1456000000 1.818940e-02 1.751282e-10
1457000000 1.817918e-02 1.740852e-10
1458000000 1.816897e-02 1.730477e-10
1459000000 1.815877e-02 1.720154e-10
1460000000 1.814858e-02 1.709885e-10
1461000000 1.813841e-02 1.699668e-10
1462000000 1.812825e-02 1.689503e-10
1463000000 1.811810e-02 1.679391e-10
1464000000 1.810796e-02 1.669331e-10
1465000000 1.809784e-02 1.659322e-10
1466000000 1.808773e-02 1.649365e-10
1467000000 1.807763e-02 1.639458e-10
1468000000 1.806754e-02 1.629603e-10
1469000000 1.805747e-02 1.619798e-10
1470000000 1.804741e-02 1.610044e-10
1471000000 1.803736e-02 1.600340e-10
1472000000 1.802733e-02 1.590685e-10
1473000000 1.801730e-02 1.581081e-10
1474000000 1.800729e-02 1.571526e-10
1475000000 1.799729e-02 1.562020e-10
1476000000 1.798731e-02 1.552562e-10
1477000000 1.797733e-02 1.543154e-10
1478000000 1.796737e-02 1.533794e-10
1479000000 1.795742e-02 1.524482e-10
1480000000 1.794748e-02 1.515219e-10
1481000000 1.793756e-02 1.506003e-10
1482000000 1.792764e-02 1.496834e-10
1483000000 1.791774e-02 1.487713e-10
1484000000 1.790785e-02 1.478639e-10
1485000000 1.789798e-02 1.469612e-10
1486000000 1.788811e-02 1.460631e-10
1487000000 1.787826e-02 1.451697e-10
1488000000 1.786842e-02 1.442808e-10
1489000000 1.785859e-02 1.433966e-10
1490000000 1.784878e-02 1.425170e-10
1491000000 1.783897e-02 1.416419e-10
1492000000 1.782918e-02 1.407713e-10
1493000000 1.781940e-02 1.399052e-10
1494000000 1.780963e-02 1.390436e-10
1495000000 1.779987e-02 1.381865e-10
1496000000 1.779013e-02 1.373338e-10
1497000000 1.778039e-02 1.364856e-10
1498000000 1.777067e-02 1.356417e-10
1499000000 1.776096e-02 1.348022e-10
1500000000 1.775127e-02 1.339670e-10
1501000000 1.774158e-02 1.331362e-10
1502000000 1.773191e-02 1.323097e-10
1503000000 1.772224e-02 1.314875e-10
1504000000 1.771259e-02 1.306696e-10
1505000000 1.770295e-02 1.298559e-10
1506000000 1.769333e-02 1.290464e-10
1507000000 1.768371e-02 1.282412e-10
1508000000 1.767411e-02 1.274401e-10
1509000000 1.766451e-02 1.266432e-10
1510000000 1.765493e-02 1.258505e-10
1511000000 1.764536e-02 1.250619e-10
1512000000 1.763580e-02 1.242774e-10
1513000000 1.762626e-02 1.234970e-10
1514000000 1.761672e-02 1.227206e-10
1515000000 1.760720e-02 1.219483e-10
1516000000 1.759769e-02 1.211800e-10
1517000000 1.758819e-02 1.204158e-10
1518000000 1.757870e-02 1.196555e-10
1519000000 1.756922e-02 1.188992e-10
1520000000 1.755975e-02 1.181469e-10
1521000000 1.755030e-02 1.173985e-10
1522000000 1.754085e-02 1.166540e-10
1523000000 1.753142e-02 1.159134e-10
1524000000 1.752200e-02 1.151767e-10
1525000000 1.751259e-02 1.144438e-10
1526000000 1.750319e-02 1.137148e-10
1527000000 1.749380e-02 1.129896e-10
1528000000 1.748442e-02 1.122682e-10
1529000000 1.747506e-02 1.115506e-10
1530000000 1.746570e-02 1.108368e-10
1531000000 1.745636e-02 1.101267e-10
1532000000 1.744703e-02 1.094203e-10
1533000000 1.743771e-02 1.087177e-10
1534000000 1.742840e-02 1.080187e-10
1535000000 1.741910e-02 1.073235e-10
1536000000 1.740981e-02 1.066319e-10
1537000000 1.740053e-02 1.059439e-10
1538000000 1.739127e-02 1.052596e-10
1539000000 1.738201e-02 1.045788e-10
1540000000 1.737277e-02 1.039017e-10
1541000000 1.736353e-02 1.032281e-10
1542000000 1.735431e-02 1.025581e-10
1543000000 1.734510e-02 1.018917e-10
1544000000 1.733590e-02 1.012287e-10
1545000000 1.732671e-02 1.005693e-10
1546000000 1.731753e-02 9.991336e-11
1547000000 1.730836e-02 9.926088e-11
1548000000 1.729920e-02 9.861187e-11
1549000000 1.729006e-02 9.796630e-11
1550000000 1.728092e-02 9.732415e-11
1551000000 1.727179e-02 9.668540e-11
1552000000 1.726268e-02 9.605005e-11
1553000000 1.725358e-02 9.541807e-11
1554000000 1.724448e-02 9.478946e-11
1555000000 1.723540e-02 9.416418e-11
1556000000 1.722633e-02 9.354224e-11
1557000000 1.721727e-02 9.292360e-11
1558000000 1.720822e-02 9.230826e-11
1559000000 1.719918e-02 9.169620e-11
1560000000 1.719015e-02 9.108741e-11
1561000000 1.718113e-02 9.048186e-11
1562000000 1.717212e-02 8.987955e-11
1563000000 1.716312e-02 8.928046e-11
1564000000 1.715413e-02 8.868457e-11
1565000000 1.714515e-02 8.809187e-11
1566000000 1.713619e-02 8.750234e-11
1567000000 1.712723e-02 8.691597e-11
1568000000 1.711829e-02 8.633274e-11
1569000000 1.710935e-02 8.575264e-11
1570000000 1.710042e-02 8.517565e-11
1571000000 1.709151e-02 8.460176e-11
1572000000 1.708260e-02 8.403096e-11
1573000000 1.707371e-02 8.346322e-11
1574000000 1.706483e-02 8.289854e-11
1575000000 1.705595e-02 8.233690e-11
1576000000 1.704709e-02 8.177828e-11
1577000000 1.703823e-02 8.122268e-11
1578000000 1.702939e-02 8.067007e-11
1579000000 1.702056e-02 8.012045e-11
1580000000 1.701174e-02 7.957380e-11
1581000000 1.700292e-02 7.903010e-11
1582000000 1.699412e-02 7.848934e-11
1583000000 1.698533e-02 7.795151e-11
1584000000 1.697655e-02 7.741659e-11
1585000000 1.696777e-02 7.688457e-11
1586000000 1.695901e-02 7.635544e-11
1587000000 1.695026e-02 7.582918e-11
1588000000 1.694152e-02 7.530578e-11
1589000000 1.693278e-02 7.478523e-11
1590000000 1.692406e-02 7.426751e-11
1591000000 1.691535e-02 7.375260e-11
1592000000 1.690665e-02 7.324050e-11
1593000000 1.689796e-02 7.273120e-11
1594000000 1.688927e-02 7.222467e-11
1595000000 1.688060e-02 7.172091e-11
1596000000 1.687194e-02 7.121990e-11
1597000000 1.686329e-02 7.072163e-11
1598000000 1.685464e-02 7.022609e-11
1599000000 1.684601e-02 6.973327e-11
1600000000 1.683739e-02 6.924314e-11
1601000000 1.682877e-02 6.875571e-11
1602000000 1.682017e-02 6.827095e-11
1603000000 1.681158e-02 6.778885e-11
1604000000 1.680299e-02 6.730941e-11
1605000000 1.679442e-02 6.683260e-11
1606000000 1.678585e-02 6.635842e-11
1607000000 1.677730e-02 6.588685e-11
1608000000 1.676875e-02 6.541789e-11
1609000000 1.676022e-02 6.495152e-11
1610000000 1.675169e-02 6.448772e-11
1611000000 1.674317e-02 6.402649e-11
1612000000 1.673467e-02 6.356781e-11
1613000000 1.672617e-02 6.311168e-11
1614000000 1.671768e-02 6.265807e-11
1615000000 1.670920e-02 6.220698e-11
1616000000 1.670074e-02 6.175840e-11
1617000000 1.669228e-02 6.131231e-11
1618000000 1.668383e-02 6.086870e-11
1619000000 1.667539e-02 6.042757e-11
1620000000 1.666696e-02 5.998889e-11
1621000000 1.665854e-02 5.955266e-11
1622000000 1.665012e-02 5.911887e-11
1623000000 1.664172e-02 5.868750e-11
1624000000 1.663333e-02 5.825855e-11
1625000000 1.662495e-02 5.783200e-11
1626000000 1.661657e-02 5.740784e-11
1627000000 1.660821e-02 5.698606e-11
1628000000 1.659985e-02 5.656665e-11
1629000000 1.659151e-02 5.614959e-11
1630000000 1.658317e-02 5.573489e-11
1631000000 1.657484e-02 5.532252e-11
1632000000 1.656652e-02 5.491247e-11
1633000000 1.655821e-02 5.450474e-11
1634000000 1.654992e-02 5.409931e-11
1635000000 1.654162e-02 5.369618e-11
1636000000 1.653334e-02 5.329532e-11
1637000000 1.652507e-02 5.289674e-11
1638000000 1.651681e-02 5.250042e-11
1639000000 1.650856e-02 5.210635e-11
1640000000 1.650031e-02 5.171451e-11
1641000000 1.649208e-02 5.132491e-11
1642000000 1.648385e-02 5.093753e-11
1643000000 1.647563e-02 5.055235e-11
1644000000 1.646742e-02 5.016937e-11
1645000000 1.645923e-02 4.978858e-11
1646000000 1.645104e-02 4.940997e-11
1647000000 1.644286e-02 4.903353e-11
1648000000 1.643468e-02 4.865924e-11
1649000000 1.642652e-02 4.828710e-11
1650000000 1.641837e-02 4.791710e-11
1651000000 1.641022e-02 4.754922e-11
1652000000 1.640209e-02 4.718347e-11
1653000000 1.639396e-02 4.681982e-11
1654000000 1.638584e-02 4.645827e-11
1655000000 1.637773e-02 4.609881e-11
1656000000 1.636963e-02 4.574142e-11
1657000000 1.636154e-02 4.538611e-11
1658000000 1.635346e-02 4.503285e-11
1659000000 1.634539e-02 4.468165e-11
1660000000 1.633732e-02 4.433248e-11
1661000000 1.632927e-02 4.398535e-11
1662000000 1.632122e-02 4.364023e-11
1663000000 1.631318e-02 4.329713e-11
1664000000 1.630515e-02 4.295604e-11
1665000000 1.629713e-02 4.261693e-11
1666000000 1.628912e-02 4.227981e-11
1667000000 1.628112e-02 4.194466e-11
1668000000 1.627312e-02 4.161148e-11
1669000000 1.626514e-02 4.128026e-11
1670000000 1.625716e-02 4.095098e-11
1671000000 1.624919e-02 4.062364e-11
1672000000 1.624123e-02 4.029824e-11
1673000000 1.623328e-02 3.997475e-11
1674000000 1.622534e-02 3.965317e-11
1675000000 1.621741e-02 3.933350e-11
1676000000 1.620948e-02 3.901572e-11
1677000000 1.620156e-02 3.869983e-11
1678000000 1.619366e-02 3.838581e-11
1679000000 1.618576e-02 3.807366e-11
1680000000 1.617787e-02 3.776337e-11
1681000000 1.616998e-02 3.745493e-11
1682000000 1.616211e-02 3.714833e-11
1683000000 1.615424e-02 3.684357e-11
1684000000 1.614639e-02 3.654063e-11
1685000000 1.613854e-02 3.623951e-11
1686000000 1.613070e-02 3.594019e-11
1687000000 1.612287e-02 3.564268e-11
1688000000 1.611505e-02 3.534695e-11
1689000000 1.610723e-02 3.505301e-11
1690000000 1.609943e-02 3.476085e-11
1691000000 1.609163e-02 3.447045e-11
1692000000 1.608384e-02 3.418181e-11
1693000000 1.607606e-02 3.389492e-11
1694000000 1.606829e-02 3.360978e-11
1695000000 1.606052e-02 3.332636e-11
1696000000 1.605277e-02 3.304468e-11
1697000000 1.604502e-02 3.276471e-11
1698000000 1.603728e-02 3.248645e-11
1699000000 1.602955e-02 3.220990e-11
1700000000 1.602183e-02 3.193504e-11
1701000000 1.601411e-02 3.166186e-11
1702000000 1.600641e-02 3.139037e-11
1703000000 1.599871e-02 3.112055e-11
1704000000 1.599102e-02 3.085239e-11
1705000000 1.598334e-02 3.058588e-11
1706000000 1.597566e-02 3.032103e-11
1707000000 1.596800e-02 3.005781e-11
1708000000 1.596034e-02 2.979623e-11
1709000000 1.595269e-02 2.953627e-11
1710000000 1.594505e-02 2.927793e-11
1711000000 1.593742e-02 2.902121e-11
1712000000 1.592979e-02 2.876608e-11
1713000000 1.592218e-02 2.851255e-11
1714000000 1.591457e-02 2.826061e-11
1715000000 1.590697e-02 2.801025e-11
1716000000 1.589938e-02 2.776147e-11
1717000000 1.589179e-02 2.751425e-11
1718000000 1.588422e-02 2.726859e-11
1719000000 1.587665e-02 2.702448e-11
1720000000 1.586909e-02 2.678192e-11
1721000000 1.586154e-02 2.654089e-11
1722000000 1.585399e-02 2.630140e-11
1723000000 1.584646e-02 2.606343e-11
1724000000 1.583893e-02 2.582697e-11
1725000000 1.583141e-02 2.559203e-11
1726000000 1.582390e-02 2.535859e-11
1727000000 1.581639e-02 2.512664e-11
1728000000 1.580890e-02 2.489618e-11
1729000000 1.580141e-02 2.466721e-11
1730000000 1.579393e-02 2.443971e-11
1731000000 1.578645e-02 2.421368e-11
1732000000 1.577899e-02 2.398911e-11
1733000000 1.577153e-02 2.376599e-11
1734000000 1.576408e-02 2.354433e-11
1735000000 1.575664e-02 2.332410e-11
1736000000 1.574921e-02 2.310531e-11
1737000000 1.574178e-02 2.288795e-11
1738000000 1.573436e-02 2.267201e-11
1739000000 1.572695e-02 2.245749e-11
1740000000 1.571955e-02 2.224437e-11
1741000000 1.571215e-02 2.203266e-11
1742000000 1.570477e-02 2.182234e-11
1743000000 1.569739e-02 2.161341e-11
1744000000 1.569002e-02 2.140586e-11
1745000000 1.568265e-02 2.119969e-11
1746000000 1.567530e-02 2.099489e-11
1747000000 1.566795e-02 2.079146e-11
1748000000 1.566061e-02 2.058938e-11
1749000000 1.565327e-02 2.038866e-11
1750000000 1.564595e-02 2.018928e-11
1751000000 1.563863e-02 1.999123e-11
1752000000 1.563132e-02 1.979452e-11
1753000000 1.562401e-02 1.959914e-11
1754000000 1.561672e-02 1.940508e-11
1755000000 1.560943e-02 1.921233e-11
1756000000 1.560215e-02 1.902090e-11
1757000000 1.559488e-02 1.883076e-11
1758000000 1.558761e-02 1.864192e-11
1759000000 1.558035e-02 1.845437e-11
1760000000 1.557310e-02 1.826811e-11
1761000000 1.556586e-02 1.808312e-11
1762000000 1.555863e-02 1.789941e-11
1763000000 1.555140e-02 1.771696e-11
1764000000 1.554418e-02 1.753578e-11
1765000000 1.553696e-02 1.735585e-11
1766000000 1.552976e-02 1.717717e-11
1767000000 1.552256e-02 1.699973e-11
1768000000 1.551537e-02 1.682353e-11
1769000000 1.550819e-02 1.664857e-11
1770000000 1.550101e-02 1.647483e-11
1771000000 1.549384e-02 1.630231e-11
1772000000 1.548668e-02 1.613101e-11
1773000000 1.547953e-02 1.596092e-11
1774000000 1.547238e-02 1.579203e-11
1775000000 1.546524e-02 1.562434e-11
1776000000 1.545811e-02 1.545784e-11
1777000000 1.545098e-02 1.529253e-11
1778000000 1.544387e-02 1.512841e-11
1779000000 1.543676e-02 1.496546e-11
1780000000 1.542965e-02 1.480368e-11
1781000000 1.542256e-02 1.464307e-11
1782000000 1.541547e-02 1.448362e-11
1783000000 1.540839e-02 1.432532e-11
1784000000 1.540132e-02 1.416818e-11
1785000000 1.539425e-02 1.401218e-11
1786000000 1.538719e-02 1.385732e-11
1787000000 1.538014e-02 1.370359e-11
1788000000 1.537309e-02 1.355099e-11
1789000000 1.536605e-02 1.339952e-11
1790000000 1.535902e-02 1.324916e-11
1791000000 1.535200e-02 1.309992e-11
1792000000 1.534498e-02 1.295179e-11
1793000000 1.533797e-02 1.280476e-11
1794000000 1.533097e-02 1.265883e-11
1795000000 1.532398e-02 1.251399e-11
1796000000 1.531699e-02 1.237024e-11
1797000000 1.531001e-02 1.222757e-11
1798000000 1.530303e-02 1.208598e-11
1799000000 1.529607e-02 1.194547e-11
1800000000 1.528911e-02 1.180602e-11
1801000000 1.528215e-02 1.166764e-11
1802000000 1.527521e-02 1.153031e-11
1803000000 1.526827e-02 1.139404e-11
1804000000 1.526134e-02 1.125882e-11
1805000000 1.525441e-02 1.112464e-11
1806000000 1.524749e-02 1.099150e-11
1807000000 1.524058e-02 1.085939e-11
1808000000 1.523368e-02 1.072832e-11
1809000000 1.522678e-02 1.059827e-11
1810000000 1.521989e-02 1.046923e-11
1811000000 1.521301e-02 1.034122e-11
1812000000 1.520613e-02 1.021422e-11
1813000000 1.519926e-02 1.008822e-11
1814000000 1.519240e-02 9.963220e-12
1815000000 1.518555e-02 9.839221e-12
1816000000 1.517870e-02 9.716213e-12
1817000000 1.517186e-02 9.594193e-12
1818000000 1.516502e-02 9.473157e-12
1819000000 1.515819e-02 9.353099e-12
1820000000 1.515137e-02 9.234015e-12
1821000000 1.514456e-02 9.115901e-12
1822000000 1.513775e-02 8.998753e-12
1823000000 1.513095e-02 8.882565e-12
1824000000 1.512415e-02 8.767333e-12
1825000000 1.511737e-02 8.653053e-12
1826000000 1.511059e-02 8.539721e-12
1827000000 1.510381e-02 8.427332e-12
1828000000 1.509704e-02 8.315882e-12
1829000000 1.509028e-02 8.205366e-12
1830000000 1.508353e-02 8.095781e-12
1831000000 1.507678e-02 7.987121e-12
1832000000 1.507004e-02 7.879384e-12
1833000000 1.506331e-02 7.772563e-12
1834000000 1.505658e-02 7.666656e-12
1835000000 1.504986e-02 7.561658e-12
1836000000 1.504315e-02 7.457564e-12
1837000000 1.503644e-02 7.354371e-12
1838000000 1.502974e-02 7.252075e-12
1839000000 1.502305e-02 7.150671e-12
1840000000 1.501636e-02 7.050155e-12
1841000000 1.500968e-02 6.950523e-12
1842000000 1.500301e-02 6.851771e-12
1843000000 1.499634e-02 6.753895e-12
1844000000 1.498968e-02 6.656891e-12
1845000000 1.498302e-02 6.560755e-12
1846000000 1.497638e-02 6.465483e-12
1847000000 1.496974e-02 6.371071e-12
1848000000 1.496310e-02 6.277515e-12
1849000000 1.495647e-02 6.184810e-12
1850000000 1.494985e-02 6.092954e-12
1851000000 1.494324e-02 6.001942e-12
1852000000 1.493663e-02 5.911770e-12
1853000000 1.493003e-02 5.822435e-12
1854000000 1.492343e-02 5.733932e-12
1855000000 1.491684e-02 5.646257e-12
1856000000 1.491026e-02 5.559408e-12
1857000000 1.490368e-02 5.473379e-12
1858000000 1.489711e-02 5.388168e-12
1859000000 1.489055e-02 5.303770e-12
1860000000 1.488399e-02 5.220181e-12
1861000000 1.487744e-02 5.137399e-12
1862000000 1.487090e-02 5.055419e-12
1863000000 1.486436e-02 4.974237e-12
1864000000 1.485783e-02 4.893850e-12
1865000000 1.485131e-02 4.814254e-12
1866000000 1.484479e-02 4.735446e-12
1867000000 1.483828e-02 4.657421e-12
1868000000 1.483177e-02 4.580177e-12
1869000000 1.482527e-02 4.503709e-12
1870000000 1.481878e-02 4.428014e-12
1871000000 1.481229e-02 4.353089e-12
1872000000 1.480581e-02 4.278929e-12
1873000000 1.479934e-02 4.205532e-12
1874000000 1.479287e-02 4.132893e-12
1875000000 1.478641e-02 4.061010e-12
1876000000 1.477995e-02 3.989878e-12
1877000000 1.477350e-02 3.919494e-12
1878000000 1.476706e-02 3.849856e-12
1879000000 1.476062e-02 3.780958e-12
1880000000 1.475419e-02 3.712799e-12
1881000000 1.474777e-02 3.645374e-12
1882000000 1.474135e-02 3.578680e-12
1883000000 1.473494e-02 3.512713e-12
1884000000 1.472853e-02 3.447471e-12
1885000000 1.472213e-02 3.382950e-12
1886000000 1.471574e-02 3.319146e-12
1887000000 1.470935e-02 3.256057e-12
1888000000 1.470297e-02 3.193678e-12
1889000000 1.469660e-02 3.132007e-12
1890000000 1.469023e-02 3.071041e-12
1891000000 1.468387e-02 3.010775e-12
1892000000 1.467751e-02 2.951207e-12
1893000000 1.467116e-02 2.892334e-12
1894000000 1.466481e-02 2.834152e-12
1895000000 1.465848e-02 2.776658e-12
1896000000 1.465214e-02 2.719849e-12
1897000000 1.464582e-02 2.663722e-12
1898000000 1.463950e-02 2.608273e-12
1899000000 1.463318e-02 2.553500e-12
1900000000 1.462688e-02 2.499398e-12
1901000000 1.462058e-02 2.445966e-12
1902000000 1.461428e-02 2.393200e-12
1903000000 1.460799e-02 2.341097e-12
1904000000 1.460171e-02 2.289653e-12
1905000000 1.459543e-02 2.238866e-12
1906000000 1.458916e-02 2.188733e-12
1907000000 1.458289e-02 2.139251e-12
1908000000 1.457663e-02 2.090415e-12
1909000000 1.457038e-02 2.042225e-12
1910000000 1.456413e-02 1.994676e-12
1911000000 1.455789e-02 1.947765e-12
1912000000 1.455165e-02 1.901490e-12
1913000000 1.454542e-02 1.855848e-12
1914000000 1.453920e-02 1.810835e-12
1915000000 1.453298e-02 1.766449e-12
1916000000 1.452677e-02 1.722687e-12
1917000000 1.452056e-02 1.679545e-12
1918000000 1.451436e-02 1.637021e-12
1919000000 1.450817e-02 1.595113e-12
1920000000 1.450198e-02 1.553816e-12
1921000000 1.449579e-02 1.513129e-12
1922000000 1.448962e-02 1.473048e-12
1923000000 1.448345e-02 1.433571e-12
1924000000 1.447728e-02 1.394694e-12
1925000000 1.447112e-02 1.356416e-12
1926000000 1.446497e-02 1.318733e-12
1927000000 1.445882e-02 1.281641e-12
1928000000 1.445268e-02 1.245140e-12
1929000000 1.444654e-02 1.209225e-12
1930000000 1.444041e-02 1.173895e-12
1931000000 1.443428e-02 1.139145e-12
1932000000 1.442817e-02 1.104974e-12
1933000000 1.442205e-02 1.071380e-12
1934000000 1.441595e-02 1.038358e-12
1935000000 1.440984e-02 1.005906e-12
1936000000 1.440375e-02 9.740228e-13
1937000000 1.439766e-02 9.427044e-13
1938000000 1.439157e-02 9.119483e-13
1939000000 1.438549e-02 8.817521e-13
1940000000 1.437942e-02 8.521130e-13
1941000000 1.437335e-02 8.230284e-13
1942000000 1.436729e-02 7.944958e-13
1943000000 1.436123e-02 7.665124e-13
1944000000 1.435518e-02 7.390758e-13
1945000000 1.434914e-02 7.121834e-13
1946000000 1.434310e-02 6.858325e-13
1947000000 1.433707e-02 6.600206e-13
1948000000 1.433104e-02 6.347453e-13
1949000000 1.432502e-02 6.100038e-13
1950000000 1.431900e-02 5.857938e-13
1951000000 1.431299e-02 5.621127e-13
1952000000 1.430698e-02 5.389580e-13
1953000000 1.430098e-02 5.163273e-13
1954000000 1.429499e-02 4.942180e-13
1955000000 1.428900e-02 4.726276e-13
1956000000 1.428302e-02 4.515538e-13
1957000000 1.427704e-02 4.309941e-13
1958000000 1.427107e-02 4.109459e-13
1959000000 1.426510e-02 3.914070e-13
1960000000 1.425914e-02 3.723749e-13
1961000000 1.425319e-02 3.538472e-13
1962000000 1.424724e-02 3.358215e-13
1963000000 1.424129e-02 3.182954e-13
1964000000 1.423535e-02 3.012666e-13
1965000000 1.422942e-02 2.847326e-13
1966000000 1.422349e-02 2.686912e-13
1967000000 1.421757e-02 2.531400e-13
1968000000 1.421165e-02 2.380766e-13
1969000000 1.420574e-02 2.234988e-13
1970000000 1.419983e-02 2.094042e-13
1971000000 1.419393e-02 1.957905e-13
1972000000 1.418804e-02 1.826555e-13
1973000000 1.418215e-02 1.699968e-13
1974000000 1.417627e-02 1.578122e-13
1975000000 1.417039e-02 1.460994e-13
1976000000 1.416451e-02 1.348562e-13
1977000000 1.415865e-02 1.240804e-13
1978000000 1.415278e-02 1.137696e-13
1979000000 1.414693e-02 1.039217e-13
1980000000 1.414107e-02 9.453449e-14
1981000000 1.413523e-02 8.560574e-14
1982000000 1.412939e-02 7.713326e-14
1983000000 1.412355e-02 6.911487e-14
1984000000 1.411772e-02 6.154839e-14
1985000000 1.411190e-02 5.443166e-14
1986000000 1.410608e-02 4.776253e-14
1987000000 1.410026e-02 4.153885e-14
1988000000 1.409445e-02 3.575848e-14
1989000000 1.408865e-02 3.041930e-14
1990000000 1.408285e-02 2.551919e-14
1991000000 1.407706e-02 2.105604e-14
1992000000 1.407127e-02 1.702775e-14
1993000000 1.406549e-02 1.343223e-14
1994000000 1.405971e-02 1.026740e-14
1995000000 1.405394e-02 7.531194e-15
1996000000 1.404817e-02 5.221538e-15
1997000000 1.404241e-02 3.336384e-15
1998000000 1.403665e-02 1.873684e-15
1999000000 1.403090e-02 8.314043e-16
2000000000 1.402516e-02 2.075157e-16
2001000000 1.401942e-02 0.000000e+00
