# Models: X-axis(1) MualemVanGenuchten(2)
# Labels: s_l(1) k_r(2)
0.000000e+00 0.000000e+00
1.000000e-02 2.615440e-11
2.000000e-02 8.053827e-10
3.000000e-02 5.980456e-09
4.000000e-02 2.480706e-08
5.000000e-02 7.479310e-08
6.000000e-02 1.842987e-07
7.000000e-02 3.951166e-07
8.000000e-02 7.650463e-07
9.000000e-02 1.370472e-06
1.000000e-01 2.308957e-06
1.100000e-01 3.701853e-06
1.200000e-01 5.696951e-06
1.300000e-01 8.471161e-06
1.400000e-01 1.223324e-05
1.500000e-01 1.722660e-05
1.600000e-01 2.373211e-05
1.700000e-01 3.207107e-05
1.800000e-01 4.260819e-05
1.900000e-01 5.575468e-05
2.000000e-01 7.197145e-05
2.100000e-01 9.177245e-05
2.200000e-01 1.157281e-04
2.300000e-01 1.444687e-04
2.400000e-01 1.786884e-04
2.500000e-01 2.191491e-04
2.600000e-01 2.666841e-04
2.700000e-01 3.222028e-04
2.800000e-01 3.866948e-04
2.900000e-01 4.612351e-04
3.000000e-01 5.469885e-04
3.100000e-01 6.452150e-04
3.200000e-01 7.572755e-04
3.300000e-01 8.846373e-04
3.400000e-01 1.028881e-03
3.500000e-01 1.191705e-03
3.600000e-01 1.374936e-03
3.700000e-01 1.580534e-03
3.800000e-01 1.810598e-03
3.900000e-01 2.067382e-03
4.000000e-01 2.353295e-03
4.100000e-01 2.670918e-03
4.200000e-01 3.023007e-03
4.300000e-01 3.412514e-03
4.400000e-01 3.842590e-03
4.500000e-01 4.316602e-03
4.600000e-01 4.838149e-03
4.700000e-01 5.411071e-03
4.800000e-01 6.039472e-03
4.900000e-01 6.727735e-03
5.000000e-01 7.480541e-03
5.100000e-01 8.302890e-03
5.200000e-01 9.200126e-03
5.300000e-01 1.017796e-02
5.400000e-01 1.124250e-02
5.500000e-01 1.240028e-02
5.600000e-01 1.365829e-02
5.700000e-01 1.502401e-02
5.800000e-01 1.650548e-02
5.900000e-01 1.811130e-02
6.000000e-01 1.985071e-02
6.100000e-01 2.173363e-02
6.200000e-01 2.377073e-02
6.300000e-01 2.597351e-02
6.400000e-01 2.835435e-02
6.500000e-01 3.092663e-02
6.600000e-01 3.370479e-02
6.700000e-01 3.670449e-02
6.800000e-01 3.994270e-02
6.900000e-01 4.343785e-02
7.000000e-01 4.721002e-02
7.100000e-01 5.128111e-02
7.200000e-01 5.567507e-02
7.300000e-01 6.041816e-02
7.400000e-01 6.553926e-02
7.500000e-01 7.107020e-02
7.600000e-01 7.704621e-02
7.700000e-01 8.350641e-02
7.800000e-01 9.049440e-02
7.900000e-01 9.805902e-02
8.000000e-01 1.062552e-01
8.100000e-01 1.151450e-01
8.200000e-01 1.247991e-01
8.300000e-01 1.352985e-01
8.400000e-01 1.467363e-01
8.500000e-01 1.592210e-01
8.600000e-01 1.728800e-01
8.700000e-01 1.878640e-01
8.800000e-01 2.043543e-01
8.900000e-01 2.225714e-01
9.000000e-01 2.427880e-01
9.100000e-01 2.653485e-01
9.200000e-01 2.906978e-01
9.300000e-01 3.194278e-01
9.400000e-01 3.523558e-01
9.500000e-01 3.906652e-01
9.600000e-01 4.361858e-01
9.700000e-01 4.920280e-01
9.800000e-01 5.643364e-01
9.900000e-01 6.693103e-01
1.000000e+00 1.000000e+00
