5.000000e+02 1.000000e+00 1.000000e+00
5.002501e+02 1.000000e+00 1.000000e+00
5.005003e+02 1.000000e+00 1.000000e+00
5.007504e+02 1.000000e+00 1.000000e+00
5.010005e+02 1.000000e+00 1.000000e+00
5.012506e+02 1.000000e+00 1.000000e+00
5.015008e+02 1.000000e+00 1.000000e+00
5.017509e+02 1.000000e+00 1.000000e+00
5.020010e+02 1.000000e+00 1.000000e+00
5.022511e+02 1.000000e+00 1.000000e+00
5.025013e+02 1.000000e+00 1.000000e+00
5.027514e+02 1.000000e+00 1.000000e+00
5.030015e+02 1.000000e+00 1.000000e+00
5.032516e+02 1.000000e+00 1.000000e+00
5.035018e+02 1.000000e+00 1.000000e+00
5.037519e+02 1.000000e+00 1.000000e+00
5.040020e+02 1.000000e+00 1.000000e+00
5.042521e+02 1.000000e+00 1.000000e+00
5.045023e+02 1.000000e+00 1.000000e+00
5.047524e+02 1.000000e+00 1.000000e+00
5.050025e+02 1.000000e+00 1.000000e+00
5.052526e+02 1.000000e+00 1.000000e+00
5.055028e+02 1.000000e+00 1.000000e+00
5.057529e+02 1.000000e+00 1.000000e+00
5.060030e+02 1.000000e+00 1.000000e+00
5.062531e+02 1.000000e+00 1.000000e+00
5.065033e+02 1.000000e+00 1.000000e+00
5.067534e+02 1.000000e+00 1.000000e+00
5.070035e+02 1.000000e+00 1.000000e+00
5.072536e+02 1.000000e+00 1.000000e+00
5.075038e+02 1.000000e+00 1.000000e+00
5.077539e+02 1.000000e+00 1.000000e+00
5.080040e+02 1.000000e+00 1.000000e+00
5.082541e+02 1.000000e+00 1.000000e+00
5.085043e+02 1.000000e+00 1.000000e+00
5.087544e+02 1.000000e+00 1.000000e+00
5.090045e+02 1.000000e+00 1.000000e+00
5.092546e+02 1.000000e+00 1.000000e+00
5.095048e+02 1.000000e+00 1.000000e+00
5.097549e+02 1.000000e+00 1.000000e+00
5.100050e+02 1.000000e+00 1.000000e+00
5.102551e+02 1.000000e+00 1.000000e+00
5.105053e+02 1.000000e+00 1.000000e+00
5.107554e+02 1.000000e+00 1.000000e+00
5.110055e+02 1.000000e+00 1.000000e+00
5.112556e+02 1.000000e+00 1.000000e+00
5.115058e+02 1.000000e+00 1.000000e+00
5.117559e+02 1.000000e+00 1.000000e+00
5.120060e+02 1.000000e+00 1.000000e+00
5.122561e+02 1.000000e+00 1.000000e+00
5.125063e+02 1.000000e+00 1.000000e+00
5.127564e+02 1.000000e+00 1.000000e+00
5.130065e+02 1.000000e+00 1.000000e+00
5.132566e+02 1.000000e+00 1.000000e+00
5.135068e+02 1.000000e+00 1.000000e+00
5.137569e+02 1.000000e+00 1.000000e+00
5.140070e+02 1.000000e+00 1.000000e+00
5.142571e+02 1.000000e+00 1.000000e+00
5.145073e+02 1.000000e+00 1.000000e+00
5.147574e+02 1.000000e+00 1.000000e+00
5.150075e+02 1.000000e+00 1.000000e+00
5.152576e+02 1.000000e+00 1.000000e+00
5.155078e+02 1.000000e+00 1.000000e+00
5.157579e+02 1.000000e+00 1.000000e+00
5.160080e+02 1.000000e+00 1.000000e+00
5.162581e+02 1.000000e+00 1.000000e+00
5.165083e+02 1.000000e+00 1.000000e+00
5.167584e+02 1.000000e+00 1.000000e+00
5.170085e+02 1.000000e+00 1.000000e+00
5.172586e+02 1.000000e+00 1.000000e+00
5.175088e+02 1.000000e+00 1.000000e+00
5.177589e+02 1.000000e+00 1.000000e+00
5.180090e+02 1.000000e+00 1.000000e+00
5.182591e+02 1.000000e+00 1.000000e+00
5.185093e+02 1.000000e+00 1.000000e+00
5.187594e+02 1.000000e+00 1.000000e+00
5.190095e+02 1.000000e+00 1.000000e+00
5.192596e+02 1.000000e+00 1.000000e+00
5.195098e+02 1.000000e+00 1.000000e+00
5.197599e+02 1.000000e+00 1.000000e+00
5.200100e+02 1.000000e+00 1.000000e+00
5.202601e+02 1.000000e+00 1.000000e+00
5.205103e+02 1.000000e+00 1.000000e+00
5.207604e+02 1.000000e+00 1.000000e+00
5.210105e+02 1.000000e+00 1.000000e+00
5.212606e+02 1.000000e+00 1.000000e+00
5.215108e+02 1.000000e+00 1.000000e+00
5.217609e+02 1.000000e+00 1.000000e+00
5.220110e+02 1.000000e+00 1.000000e+00
5.222611e+02 1.000000e+00 1.000000e+00
5.225113e+02 1.000000e+00 1.000000e+00
5.227614e+02 1.000000e+00 1.000000e+00
5.230115e+02 1.000000e+00 1.000000e+00
5.232616e+02 1.000000e+00 1.000000e+00
5.235118e+02 1.000000e+00 1.000000e+00
5.237619e+02 1.000000e+00 1.000000e+00
5.240120e+02 1.000000e+00 1.000000e+00
5.242621e+02 1.000000e+00 1.000000e+00
5.245123e+02 1.000000e+00 1.000000e+00
5.247624e+02 1.000000e+00 1.000000e+00
5.250125e+02 1.000000e+00 1.000000e+00
5.252626e+02 1.000000e+00 1.000000e+00
5.255128e+02 1.000000e+00 1.000000e+00
5.257629e+02 1.000000e+00 1.000000e+00
5.260130e+02 1.000000e+00 1.000000e+00
5.262631e+02 1.000000e+00 1.000000e+00
5.265133e+02 1.000000e+00 1.000000e+00
5.267634e+02 1.000000e+00 1.000000e+00
5.270135e+02 1.000000e+00 1.000000e+00
5.272636e+02 1.000000e+00 1.000000e+00
5.275138e+02 1.000000e+00 1.000000e+00
5.277639e+02 1.000000e+00 1.000000e+00
5.280140e+02 1.000000e+00 1.000000e+00
5.282641e+02 1.000000e+00 1.000000e+00
5.285143e+02 1.000000e+00 1.000000e+00
5.287644e+02 1.000000e+00 1.000000e+00
5.290145e+02 1.000000e+00 1.000000e+00
5.292646e+02 1.000000e+00 1.000000e+00
5.295148e+02 1.000000e+00 1.000000e+00
5.297649e+02 1.000000e+00 1.000000e+00
5.300150e+02 1.000000e+00 1.000000e+00
5.302651e+02 1.000000e+00 1.000000e+00
5.305153e+02 1.000000e+00 1.000000e+00
5.307654e+02 1.000000e+00 1.000000e+00
5.310155e+02 1.000000e+00 1.000000e+00
5.312656e+02 1.000000e+00 1.000000e+00
5.315158e+02 1.000000e+00 1.000000e+00
5.317659e+02 1.000000e+00 1.000000e+00
5.320160e+02 1.000000e+00 1.000000e+00
5.322661e+02 1.000000e+00 1.000000e+00
5.325163e+02 1.000000e+00 1.000000e+00
5.327664e+02 1.000000e+00 1.000000e+00
5.330165e+02 1.000000e+00 1.000000e+00
5.332666e+02 1.000000e+00 1.000000e+00
5.335168e+02 1.000000e+00 1.000000e+00
5.337669e+02 1.000000e+00 1.000000e+00
5.340170e+02 1.000000e+00 1.000000e+00
5.342671e+02 1.000000e+00 1.000000e+00
5.345173e+02 1.000000e+00 1.000000e+00
5.347674e+02 1.000000e+00 1.000000e+00
5.350175e+02 1.000000e+00 1.000000e+00
5.352676e+02 1.000000e+00 1.000000e+00
5.355178e+02 1.000000e+00 1.000000e+00
5.357679e+02 1.000000e+00 1.000000e+00
5.360180e+02 1.000000e+00 1.000000e+00
5.362681e+02 1.000000e+00 1.000000e+00
5.365183e+02 1.000000e+00 1.000000e+00
5.367684e+02 1.000000e+00 1.000000e+00
5.370185e+02 1.000000e+00 1.000000e+00
5.372686e+02 1.000000e+00 1.000000e+00
5.375188e+02 1.000000e+00 1.000000e+00
5.377689e+02 1.000000e+00 1.000000e+00
5.380190e+02 1.000000e+00 1.000000e+00
5.382691e+02 1.000000e+00 1.000000e+00
5.385193e+02 1.000000e+00 1.000000e+00
5.387694e+02 1.000000e+00 1.000000e+00
5.390195e+02 1.000000e+00 1.000000e+00
5.392696e+02 1.000000e+00 1.000000e+00
5.395198e+02 1.000000e+00 1.000000e+00
5.397699e+02 1.000000e+00 1.000000e+00
5.400200e+02 1.000000e+00 1.000000e+00
5.402701e+02 1.000000e+00 1.000000e+00
5.405203e+02 1.000000e+00 1.000000e+00
5.407704e+02 1.000000e+00 1.000000e+00
5.410205e+02 1.000000e+00 1.000000e+00
5.412706e+02 1.000000e+00 1.000000e+00
5.415208e+02 1.000000e+00 1.000000e+00
5.417709e+02 1.000000e+00 1.000000e+00
5.420210e+02 1.000000e+00 1.000000e+00
5.422711e+02 1.000000e+00 1.000000e+00
5.425213e+02 1.000000e+00 1.000000e+00
5.427714e+02 1.000000e+00 1.000000e+00
5.430215e+02 1.000000e+00 1.000000e+00
5.432716e+02 1.000000e+00 1.000000e+00
5.435218e+02 1.000000e+00 1.000000e+00
5.437719e+02 1.000000e+00 1.000000e+00
5.440220e+02 1.000000e+00 1.000000e+00
5.442721e+02 1.000000e+00 1.000000e+00
5.445223e+02 1.000000e+00 1.000000e+00
5.447724e+02 1.000000e+00 1.000000e+00
5.450225e+02 1.000000e+00 1.000000e+00
5.452726e+02 1.000000e+00 1.000000e+00
5.455228e+02 1.000000e+00 1.000000e+00
5.457729e+02 1.000000e+00 1.000000e+00
5.460230e+02 1.000000e+00 1.000000e+00
5.462731e+02 1.000000e+00 1.000000e+00
5.465233e+02 1.000000e+00 1.000000e+00
5.467734e+02 1.000000e+00 1.000000e+00
5.470235e+02 1.000000e+00 1.000000e+00
5.472736e+02 1.000000e+00 1.000000e+00
5.475238e+02 1.000000e+00 1.000000e+00
5.477739e+02 1.000000e+00 1.000000e+00
5.480240e+02 1.000000e+00 1.000000e+00
5.482741e+02 1.000000e+00 1.000000e+00
5.485243e+02 1.000000e+00 1.000000e+00
5.487744e+02 1.000000e+00 1.000000e+00
5.490245e+02 1.000000e+00 1.000000e+00
5.492746e+02 1.000000e+00 1.000000e+00
5.495248e+02 1.000000e+00 1.000000e+00
5.497749e+02 1.000000e+00 1.000000e+00
5.500250e+02 1.000000e+00 1.000000e+00
5.502751e+02 1.000000e+00 1.000000e+00
5.505253e+02 1.000000e+00 1.000000e+00
5.507754e+02 1.000000e+00 1.000000e+00
5.510255e+02 1.000000e+00 1.000000e+00
5.512756e+02 1.000000e+00 1.000000e+00
5.515258e+02 1.000000e+00 1.000000e+00
5.517759e+02 1.000000e+00 1.000000e+00
5.520260e+02 1.000000e+00 1.000000e+00
5.522761e+02 1.000000e+00 1.000000e+00
5.525263e+02 1.000000e+00 1.000000e+00
5.527764e+02 1.000000e+00 1.000000e+00
5.530265e+02 1.000000e+00 1.000000e+00
5.532766e+02 1.000000e+00 1.000000e+00
5.535268e+02 1.000000e+00 1.000000e+00
5.537769e+02 1.000000e+00 1.000000e+00
5.540270e+02 1.000000e+00 1.000000e+00
5.542771e+02 1.000000e+00 1.000000e+00
5.545273e+02 1.000000e+00 1.000000e+00
5.547774e+02 1.000000e+00 1.000000e+00
5.550275e+02 1.000000e+00 1.000000e+00
5.552776e+02 1.000000e+00 1.000000e+00
5.555278e+02 1.000000e+00 1.000000e+00
5.557779e+02 1.000000e+00 1.000000e+00
5.560280e+02 1.000000e+00 1.000000e+00
5.562781e+02 1.000000e+00 1.000000e+00
5.565283e+02 1.000000e+00 1.000000e+00
5.567784e+02 1.000000e+00 1.000000e+00
5.570285e+02 1.000000e+00 1.000000e+00
5.572786e+02 1.000000e+00 1.000000e+00
5.575288e+02 1.000000e+00 1.000000e+00
5.577789e+02 1.000000e+00 1.000000e+00
5.580290e+02 1.000000e+00 1.000000e+00
5.582791e+02 1.000000e+00 1.000000e+00
5.585293e+02 1.000000e+00 1.000000e+00
5.587794e+02 1.000000e+00 1.000000e+00
5.590295e+02 1.000000e+00 1.000000e+00
5.592796e+02 1.000000e+00 1.000000e+00
5.595298e+02 1.000000e+00 1.000000e+00
5.597799e+02 1.000000e+00 1.000000e+00
5.600300e+02 1.000000e+00 1.000000e+00
5.602801e+02 1.000000e+00 1.000000e+00
5.605303e+02 1.000000e+00 1.000000e+00
5.607804e+02 1.000000e+00 1.000000e+00
5.610305e+02 1.000000e+00 1.000000e+00
5.612806e+02 1.000000e+00 1.000000e+00
5.615308e+02 1.000000e+00 1.000000e+00
5.617809e+02 1.000000e+00 1.000000e+00
5.620310e+02 1.000000e+00 1.000000e+00
5.622811e+02 1.000000e+00 1.000000e+00
5.625313e+02 1.000000e+00 1.000000e+00
5.627814e+02 1.000000e+00 1.000000e+00
5.630315e+02 1.000000e+00 1.000000e+00
5.632816e+02 1.000000e+00 1.000000e+00
5.635318e+02 1.000000e+00 1.000000e+00
5.637819e+02 1.000000e+00 1.000000e+00
5.640320e+02 1.000000e+00 1.000000e+00
5.642821e+02 1.000000e+00 1.000000e+00
5.645323e+02 1.000000e+00 1.000000e+00
5.647824e+02 1.000000e+00 1.000000e+00
5.650325e+02 1.000000e+00 1.000000e+00
5.652826e+02 1.000000e+00 1.000000e+00
5.655328e+02 1.000000e+00 1.000000e+00
5.657829e+02 1.000000e+00 1.000000e+00
5.660330e+02 1.000000e+00 1.000000e+00
5.662831e+02 1.000000e+00 1.000000e+00
5.665333e+02 1.000000e+00 1.000000e+00
5.667834e+02 1.000000e+00 1.000000e+00
5.670335e+02 1.000000e+00 1.000000e+00
5.672836e+02 1.000000e+00 1.000000e+00
5.675338e+02 1.000000e+00 1.000000e+00
5.677839e+02 1.000000e+00 1.000000e+00
5.680340e+02 1.000000e+00 1.000000e+00
5.682841e+02 1.000000e+00 1.000000e+00
5.685343e+02 1.000000e+00 1.000000e+00
5.687844e+02 1.000000e+00 1.000000e+00
5.690345e+02 1.000000e+00 1.000000e+00
5.692846e+02 1.000000e+00 1.000000e+00
5.695348e+02 1.000000e+00 1.000000e+00
5.697849e+02 1.000000e+00 1.000000e+00
5.700350e+02 1.000000e+00 1.000000e+00
5.702851e+02 1.000000e+00 1.000000e+00
5.705353e+02 1.000000e+00 1.000000e+00
5.707854e+02 1.000000e+00 1.000000e+00
5.710355e+02 1.000000e+00 1.000000e+00
5.712856e+02 1.000000e+00 1.000000e+00
5.715358e+02 1.000000e+00 1.000000e+00
5.717859e+02 1.000000e+00 1.000000e+00
5.720360e+02 1.000000e+00 1.000000e+00
5.722861e+02 1.000000e+00 1.000000e+00
5.725363e+02 1.000000e+00 1.000000e+00
5.727864e+02 1.000000e+00 1.000000e+00
5.730365e+02 1.000000e+00 1.000000e+00
5.732866e+02 1.000000e+00 1.000000e+00
5.735368e+02 1.000000e+00 1.000000e+00
5.737869e+02 1.000000e+00 1.000000e+00
5.740370e+02 1.000000e+00 1.000000e+00
5.742871e+02 1.000000e+00 1.000000e+00
5.745373e+02 1.000000e+00 1.000000e+00
5.747874e+02 1.000000e+00 1.000000e+00
5.750375e+02 1.000000e+00 1.000000e+00
5.752876e+02 1.000000e+00 1.000000e+00
5.755378e+02 1.000000e+00 1.000000e+00
5.757879e+02 1.000000e+00 1.000000e+00
5.760380e+02 1.000000e+00 1.000000e+00
5.762881e+02 1.000000e+00 1.000000e+00
5.765383e+02 1.000000e+00 9.999999e-01
5.767884e+02 1.000000e+00 9.999999e-01
5.770385e+02 1.000000e+00 9.999999e-01
5.772886e+02 1.000000e+00 9.999999e-01
5.775388e+02 1.000000e+00 9.999999e-01
5.777889e+02 1.000000e+00 9.999999e-01
5.780390e+02 1.000000e+00 9.999999e-01
5.782891e+02 1.000000e+00 9.999999e-01
5.785393e+02 1.000000e+00 9.999999e-01
5.787894e+02 1.000000e+00 9.999999e-01
5.790395e+02 1.000000e+00 9.999999e-01
5.792896e+02 1.000000e+00 9.999999e-01
5.795398e+02 1.000000e+00 9.999999e-01
5.797899e+02 1.000000e+00 9.999999e-01
5.800400e+02 1.000000e+00 9.999999e-01
5.802901e+02 1.000000e+00 9.999999e-01
5.805403e+02 1.000000e+00 9.999999e-01
5.807904e+02 1.000000e+00 9.999999e-01
5.810405e+02 1.000000e+00 9.999999e-01
5.812906e+02 1.000000e+00 9.999999e-01
5.815408e+02 1.000000e+00 9.999999e-01
5.817909e+02 1.000000e+00 9.999999e-01
5.820410e+02 1.000000e+00 9.999999e-01
5.822911e+02 1.000000e+00 9.999999e-01
5.825413e+02 1.000000e+00 9.999999e-01
5.827914e+02 1.000000e+00 9.999999e-01
5.830415e+02 1.000000e+00 9.999999e-01
5.832916e+02 1.000000e+00 9.999999e-01
5.835418e+02 1.000000e+00 9.999999e-01
5.837919e+02 1.000000e+00 9.999999e-01
5.840420e+02 1.000000e+00 9.999999e-01
5.842921e+02 1.000000e+00 9.999999e-01
5.845423e+02 1.000000e+00 9.999999e-01
5.847924e+02 1.000000e+00 9.999999e-01
5.850425e+02 1.000000e+00 9.999999e-01
5.852926e+02 1.000000e+00 9.999999e-01
5.855428e+02 1.000000e+00 9.999999e-01
5.857929e+02 1.000000e+00 9.999999e-01
5.860430e+02 1.000000e+00 9.999999e-01
5.862931e+02 1.000000e+00 9.999999e-01
5.865433e+02 1.000000e+00 9.999999e-01
5.867934e+02 1.000000e+00 9.999999e-01
5.870435e+02 1.000000e+00 9.999999e-01
5.872936e+02 1.000000e+00 9.999999e-01
5.875438e+02 9.999999e-01 9.999998e-01
5.877939e+02 9.999999e-01 9.999998e-01
5.880440e+02 9.999999e-01 9.999998e-01
5.882941e+02 9.999999e-01 9.999998e-01
5.885443e+02 9.999999e-01 9.999998e-01
5.887944e+02 9.999999e-01 9.999998e-01
5.890445e+02 9.999999e-01 9.999998e-01
5.892946e+02 9.999999e-01 9.999998e-01
5.895448e+02 9.999999e-01 9.999998e-01
5.897949e+02 9.999999e-01 9.999998e-01
5.900450e+02 9.999999e-01 9.999998e-01
5.902951e+02 9.999999e-01 9.999998e-01
5.905453e+02 9.999999e-01 9.999998e-01
5.907954e+02 9.999999e-01 9.999998e-01
5.910455e+02 9.999999e-01 9.999998e-01
5.912956e+02 9.999999e-01 9.999998e-01
5.915458e+02 9.999999e-01 9.999998e-01
5.917959e+02 9.999999e-01 9.999998e-01
5.920460e+02 9.999999e-01 9.999998e-01
5.922961e+02 9.999999e-01 9.999998e-01
5.925463e+02 9.999999e-01 9.999998e-01
5.927964e+02 9.999999e-01 9.999997e-01
5.930465e+02 9.999999e-01 9.999997e-01
5.932966e+02 9.999999e-01 9.999997e-01
5.935468e+02 9.999999e-01 9.999997e-01
5.937969e+02 9.999999e-01 9.999997e-01
5.940470e+02 9.999999e-01 9.999997e-01
5.942971e+02 9.999999e-01 9.999997e-01
5.945473e+02 9.999999e-01 9.999997e-01
5.947974e+02 9.999999e-01 9.999997e-01
5.950475e+02 9.999999e-01 9.999997e-01
5.952976e+02 9.999999e-01 9.999997e-01
5.955478e+02 9.999999e-01 9.999997e-01
5.957979e+02 9.999999e-01 9.999997e-01
5.960480e+02 9.999999e-01 9.999997e-01
5.962981e+02 9.999999e-01 9.999996e-01
5.965483e+02 9.999999e-01 9.999996e-01
5.967984e+02 9.999999e-01 9.999996e-01
5.970485e+02 9.999999e-01 9.999996e-01
5.972986e+02 9.999999e-01 9.999996e-01
5.975488e+02 9.999999e-01 9.999996e-01
5.977989e+02 9.999999e-01 9.999996e-01
5.980490e+02 9.999999e-01 9.999996e-01
5.982991e+02 9.999999e-01 9.999996e-01
5.985493e+02 9.999999e-01 9.999996e-01
5.987994e+02 9.999998e-01 9.999995e-01
5.990495e+02 9.999998e-01 9.999995e-01
5.992996e+02 9.999998e-01 9.999995e-01
5.995498e+02 9.999998e-01 9.999995e-01
5.997999e+02 9.999998e-01 9.999995e-01
6.000500e+02 9.999998e-01 9.999995e-01
6.003002e+02 9.999998e-01 9.999995e-01
6.005503e+02 9.999998e-01 9.999995e-01
6.008004e+02 9.999998e-01 9.999995e-01
6.010505e+02 9.999998e-01 9.999994e-01
6.013007e+02 9.999998e-01 9.999994e-01
6.015508e+02 9.999998e-01 9.999994e-01
6.018009e+02 9.999998e-01 9.999994e-01
6.020510e+02 9.999998e-01 9.999994e-01
6.023012e+02 9.999998e-01 9.999994e-01
6.025513e+02 9.999998e-01 9.999994e-01
6.028014e+02 9.999998e-01 9.999993e-01
6.030515e+02 9.999998e-01 9.999993e-01
6.033017e+02 9.999998e-01 9.999993e-01
6.035518e+02 9.999998e-01 9.999993e-01
6.038019e+02 9.999998e-01 9.999993e-01
6.040520e+02 9.999998e-01 9.999993e-01
6.043022e+02 9.999997e-01 9.999992e-01
6.045523e+02 9.999997e-01 9.999992e-01
6.048024e+02 9.999997e-01 9.999992e-01
6.050525e+02 9.999997e-01 9.999992e-01
6.053027e+02 9.999997e-01 9.999992e-01
6.055528e+02 9.999997e-01 9.999991e-01
6.058029e+02 9.999997e-01 9.999991e-01
6.060530e+02 9.999997e-01 9.999991e-01
6.063032e+02 9.999997e-01 9.999991e-01
6.065533e+02 9.999997e-01 9.999991e-01
6.068034e+02 9.999997e-01 9.999990e-01
6.070535e+02 9.999997e-01 9.999990e-01
6.073037e+02 9.999997e-01 9.999990e-01
6.075538e+02 9.999997e-01 9.999990e-01
6.078039e+02 9.999996e-01 9.999989e-01
6.080540e+02 9.999996e-01 9.999989e-01
6.083042e+02 9.999996e-01 9.999989e-01
6.085543e+02 9.999996e-01 9.999989e-01
6.088044e+02 9.999996e-01 9.999988e-01
6.090545e+02 9.999996e-01 9.999988e-01
6.093047e+02 9.999996e-01 9.999988e-01
6.095548e+02 9.999996e-01 9.999987e-01
6.098049e+02 9.999996e-01 9.999987e-01
6.100550e+02 9.999996e-01 9.999987e-01
6.103052e+02 9.999996e-01 9.999987e-01
6.105553e+02 9.999995e-01 9.999986e-01
6.108054e+02 9.999995e-01 9.999986e-01
6.110555e+02 9.999995e-01 9.999986e-01
6.113057e+02 9.999995e-01 9.999985e-01
6.115558e+02 9.999995e-01 9.999985e-01
6.118059e+02 9.999995e-01 9.999984e-01
6.120560e+02 9.999995e-01 9.999984e-01
6.123062e+02 9.999995e-01 9.999984e-01
6.125563e+02 9.999994e-01 9.999983e-01
6.128064e+02 9.999994e-01 9.999983e-01
6.130565e+02 9.999994e-01 9.999983e-01
6.133067e+02 9.999994e-01 9.999982e-01
6.135568e+02 9.999994e-01 9.999982e-01
6.138069e+02 9.999994e-01 9.999981e-01
6.140570e+02 9.999994e-01 9.999981e-01
6.143072e+02 9.999993e-01 9.999980e-01
6.145573e+02 9.999993e-01 9.999980e-01
6.148074e+02 9.999993e-01 9.999979e-01
6.150575e+02 9.999993e-01 9.999979e-01
6.153077e+02 9.999993e-01 9.999978e-01
6.155578e+02 9.999993e-01 9.999978e-01
6.158079e+02 9.999992e-01 9.999977e-01
6.160580e+02 9.999992e-01 9.999977e-01
6.163082e+02 9.999992e-01 9.999976e-01
6.165583e+02 9.999992e-01 9.999976e-01
6.168084e+02 9.999992e-01 9.999975e-01
6.170585e+02 9.999992e-01 9.999975e-01
6.173087e+02 9.999991e-01 9.999974e-01
6.175588e+02 9.999991e-01 9.999973e-01
6.178089e+02 9.999991e-01 9.999973e-01
6.180590e+02 9.999991e-01 9.999972e-01
6.183092e+02 9.999990e-01 9.999971e-01
6.185593e+02 9.999990e-01 9.999971e-01
6.188094e+02 9.999990e-01 9.999970e-01
6.190595e+02 9.999990e-01 9.999969e-01
6.193097e+02 9.999990e-01 9.999969e-01
6.195598e+02 9.999989e-01 9.999968e-01
6.198099e+02 9.999989e-01 9.999967e-01
6.200600e+02 9.999989e-01 9.999966e-01
6.203102e+02 9.999989e-01 9.999966e-01
6.205603e+02 9.999988e-01 9.999965e-01
6.208104e+02 9.999988e-01 9.999964e-01
6.210605e+02 9.999988e-01 9.999963e-01
6.213107e+02 9.999987e-01 9.999962e-01
6.215608e+02 9.999987e-01 9.999961e-01
6.218109e+02 9.999987e-01 9.999961e-01
6.220610e+02 9.999987e-01 9.999960e-01
6.223112e+02 9.999986e-01 9.999959e-01
6.225613e+02 9.999986e-01 9.999958e-01
6.228114e+02 9.999986e-01 9.999957e-01
6.230615e+02 9.999985e-01 9.999956e-01
6.233117e+02 9.999985e-01 9.999955e-01
6.235618e+02 9.999985e-01 9.999954e-01
6.238119e+02 9.999984e-01 9.999953e-01
6.240620e+02 9.999984e-01 9.999951e-01
6.243122e+02 9.999983e-01 9.999950e-01
6.245623e+02 9.999983e-01 9.999949e-01
6.248124e+02 9.999983e-01 9.999948e-01
6.250625e+02 9.999982e-01 9.999947e-01
6.253127e+02 9.999982e-01 9.999945e-01
6.255628e+02 9.999981e-01 9.999944e-01
6.258129e+02 9.999981e-01 9.999943e-01
6.260630e+02 9.999981e-01 9.999942e-01
6.263132e+02 9.999980e-01 9.999940e-01
6.265633e+02 9.999980e-01 9.999939e-01
6.268134e+02 9.999979e-01 9.999937e-01
6.270635e+02 9.999979e-01 9.999936e-01
6.273137e+02 9.999978e-01 9.999934e-01
6.275638e+02 9.999978e-01 9.999933e-01
6.278139e+02 9.999977e-01 9.999931e-01
6.280640e+02 9.999977e-01 9.999930e-01
6.283142e+02 9.999976e-01 9.999928e-01
6.285643e+02 9.999976e-01 9.999927e-01
6.288144e+02 9.999975e-01 9.999925e-01
6.290645e+02 9.999974e-01 9.999923e-01
6.293147e+02 9.999974e-01 9.999921e-01
6.295648e+02 9.999973e-01 9.999919e-01
6.298149e+02 9.999973e-01 9.999918e-01
6.300650e+02 9.999972e-01 9.999916e-01
6.303152e+02 9.999971e-01 9.999914e-01
6.305653e+02 9.999971e-01 9.999912e-01
6.308154e+02 9.999970e-01 9.999910e-01
6.310655e+02 9.999969e-01 9.999908e-01
6.313157e+02 9.999969e-01 9.999906e-01
6.315658e+02 9.999968e-01 9.999903e-01
6.318159e+02 9.999967e-01 9.999901e-01
6.320660e+02 9.999966e-01 9.999899e-01
6.323162e+02 9.999966e-01 9.999897e-01
6.325663e+02 9.999965e-01 9.999894e-01
6.328164e+02 9.999964e-01 9.999892e-01
6.330665e+02 9.999963e-01 9.999889e-01
6.333167e+02 9.999962e-01 9.999887e-01
6.335668e+02 9.999961e-01 9.999884e-01
6.338169e+02 9.999960e-01 9.999881e-01
6.340670e+02 9.999960e-01 9.999879e-01
6.343172e+02 9.999959e-01 9.999876e-01
6.345673e+02 9.999958e-01 9.999873e-01
6.348174e+02 9.999957e-01 9.999870e-01
6.350675e+02 9.999956e-01 9.999867e-01
6.353177e+02 9.999955e-01 9.999864e-01
6.355678e+02 9.999954e-01 9.999861e-01
6.358179e+02 9.999953e-01 9.999858e-01
6.360680e+02 9.999952e-01 9.999855e-01
6.363182e+02 9.999950e-01 9.999851e-01
6.365683e+02 9.999949e-01 9.999848e-01
6.368184e+02 9.999948e-01 9.999844e-01
6.370685e+02 9.999947e-01 9.999841e-01
6.373187e+02 9.999946e-01 9.999837e-01
6.375688e+02 9.999945e-01 9.999833e-01
6.378189e+02 9.999943e-01 9.999830e-01
6.380690e+02 9.999942e-01 9.999826e-01
6.383192e+02 9.999941e-01 9.999822e-01
6.385693e+02 9.999939e-01 9.999818e-01
6.388194e+02 9.999938e-01 9.999814e-01
6.390695e+02 9.999936e-01 9.999809e-01
6.393197e+02 9.999935e-01 9.999805e-01
6.395698e+02 9.999934e-01 9.999801e-01
6.398199e+02 9.999932e-01 9.999796e-01
6.400700e+02 9.999930e-01 9.999791e-01
6.403202e+02 9.999929e-01 9.999787e-01
6.405703e+02 9.999927e-01 9.999782e-01
6.408204e+02 9.999926e-01 9.999777e-01
6.410705e+02 9.999924e-01 9.999772e-01
6.413207e+02 9.999922e-01 9.999767e-01
6.415708e+02 9.999920e-01 9.999761e-01
6.418209e+02 9.999919e-01 9.999756e-01
6.420710e+02 9.999917e-01 9.999750e-01
6.423212e+02 9.999915e-01 9.999745e-01
6.425713e+02 9.999913e-01 9.999739e-01
6.428214e+02 9.999911e-01 9.999733e-01
6.430715e+02 9.999909e-01 9.999727e-01
6.433217e+02 9.999907e-01 9.999721e-01
6.435718e+02 9.999905e-01 9.999714e-01
6.438219e+02 9.999903e-01 9.999708e-01
6.440720e+02 9.999901e-01 9.999701e-01
6.443222e+02 9.999898e-01 9.999695e-01
6.445723e+02 9.999896e-01 9.999688e-01
6.448224e+02 9.999894e-01 9.999681e-01
6.450725e+02 9.999891e-01 9.999673e-01
6.453227e+02 9.999889e-01 9.999666e-01
6.455728e+02 9.999886e-01 9.999659e-01
6.458229e+02 9.999884e-01 9.999651e-01
6.460730e+02 9.999881e-01 9.999643e-01
6.463232e+02 9.999878e-01 9.999635e-01
6.465733e+02 9.999876e-01 9.999627e-01
6.468234e+02 9.999873e-01 9.999618e-01
6.470735e+02 9.999870e-01 9.999610e-01
6.473237e+02 9.999867e-01 9.999601e-01
6.475738e+02 9.999864e-01 9.999592e-01
6.478239e+02 9.999861e-01 9.999583e-01
6.480740e+02 9.999858e-01 9.999573e-01
6.483242e+02 9.999855e-01 9.999564e-01
6.485743e+02 9.999851e-01 9.999554e-01
6.488244e+02 9.999848e-01 9.999544e-01
6.490745e+02 9.999845e-01 9.999534e-01
6.493247e+02 9.999841e-01 9.999523e-01
6.495748e+02 9.999838e-01 9.999513e-01
6.498249e+02 9.999834e-01 9.999502e-01
6.500750e+02 9.999830e-01 9.999491e-01
6.503252e+02 9.999827e-01 9.999479e-01
6.505753e+02 9.999823e-01 9.999468e-01
6.508254e+02 9.999819e-01 9.999456e-01
6.510755e+02 9.999815e-01 9.999444e-01
6.513257e+02 9.999811e-01 9.999431e-01
6.515758e+02 9.999806e-01 9.999418e-01
6.518259e+02 9.999802e-01 9.999406e-01
6.520760e+02 9.999798e-01 9.999392e-01
6.523262e+02 9.999793e-01 9.999379e-01
6.525763e+02 9.999788e-01 9.999365e-01
6.528264e+02 9.999784e-01 9.999351e-01
6.530765e+02 9.999779e-01 9.999336e-01
6.533267e+02 9.999774e-01 9.999321e-01
6.535768e+02 9.999769e-01 9.999306e-01
6.538269e+02 9.999764e-01 9.999291e-01
6.540770e+02 9.999759e-01 9.999275e-01
6.543272e+02 9.999753e-01 9.999259e-01
6.545773e+02 9.999748e-01 9.999242e-01
6.548274e+02 9.999742e-01 9.999226e-01
6.550775e+02 9.999736e-01 9.999208e-01
6.553277e+02 9.999730e-01 9.999191e-01
6.555778e+02 9.999725e-01 9.999173e-01
6.558279e+02 9.999718e-01 9.999155e-01
6.560780e+02 9.999712e-01 9.999136e-01
6.563282e+02 9.999706e-01 9.999117e-01
6.565783e+02 9.999699e-01 9.999097e-01
6.568284e+02 9.999693e-01 9.999077e-01
6.570785e+02 9.999686e-01 9.999057e-01
6.573287e+02 9.999679e-01 9.999036e-01
6.575788e+02 9.999672e-01 9.999014e-01
6.578289e+02 9.999664e-01 9.998993e-01
6.580790e+02 9.999657e-01 9.998970e-01
6.583292e+02 9.999649e-01 9.998948e-01
6.585793e+02 9.999642e-01 9.998924e-01
6.588294e+02 9.999634e-01 9.998901e-01
6.590795e+02 9.999626e-01 9.998876e-01
6.593297e+02 9.999617e-01 9.998852e-01
6.595798e+02 9.999609e-01 9.998826e-01
6.598299e+02 9.999600e-01 9.998800e-01
6.600800e+02 9.999592e-01 9.998774e-01
6.603302e+02 9.999583e-01 9.998747e-01
6.605803e+02 9.999573e-01 9.998719e-01
6.608304e+02 9.999564e-01 9.998691e-01
6.610805e+02 9.999554e-01 9.998662e-01
6.613307e+02 9.999545e-01 9.998633e-01
6.615808e+02 9.999535e-01 9.998603e-01
6.618309e+02 9.999524e-01 9.998572e-01
6.620810e+02 9.999514e-01 9.998541e-01
6.623312e+02 9.999503e-01 9.998509e-01
6.625813e+02 9.999492e-01 9.998476e-01
6.628314e+02 9.999481e-01 9.998442e-01
6.630815e+02 9.999470e-01 9.998408e-01
6.633317e+02 9.999458e-01 9.998373e-01
6.635818e+02 9.999446e-01 9.998338e-01
6.638319e+02 9.999434e-01 9.998301e-01
6.640820e+02 9.999422e-01 9.998264e-01
6.643322e+02 9.999409e-01 9.998226e-01
6.645823e+02 9.999396e-01 9.998187e-01
6.648324e+02 9.999383e-01 9.998148e-01
6.650825e+02 9.999369e-01 9.998107e-01
6.653327e+02 9.999356e-01 9.998066e-01
6.655828e+02 9.999342e-01 9.998023e-01
6.658329e+02 9.999327e-01 9.997980e-01
6.660830e+02 9.999312e-01 9.997936e-01
6.663332e+02 9.999297e-01 9.997891e-01
6.665833e+02 9.999282e-01 9.997845e-01
6.668334e+02 9.999266e-01 9.997798e-01
6.670835e+02 9.999250e-01 9.997750e-01
6.673337e+02 9.999234e-01 9.997701e-01
6.675838e+02 9.999217e-01 9.997651e-01
6.678339e+02 9.999200e-01 9.997600e-01
6.680840e+02 9.999183e-01 9.997547e-01
6.683342e+02 9.999165e-01 9.997494e-01
6.685843e+02 9.999147e-01 9.997439e-01
6.688344e+02 9.999128e-01 9.997384e-01
6.690845e+02 9.999110e-01 9.997327e-01
6.693347e+02 9.999090e-01 9.997269e-01
6.695848e+02 9.999070e-01 9.997209e-01
6.698349e+02 9.999050e-01 9.997149e-01
6.700850e+02 9.999030e-01 9.997087e-01
6.703352e+02 9.999009e-01 9.997024e-01
6.705853e+02 9.998987e-01 9.996959e-01
6.708354e+02 9.998965e-01 9.996893e-01
6.710855e+02 9.998943e-01 9.996826e-01
6.713357e+02 9.998920e-01 9.996757e-01
6.715858e+02 9.998896e-01 9.996687e-01
6.718359e+02 9.998872e-01 9.996615e-01
6.720860e+02 9.998848e-01 9.996542e-01
6.723362e+02 9.998823e-01 9.996467e-01
6.725863e+02 9.998798e-01 9.996391e-01
6.728364e+02 9.998772e-01 9.996313e-01
6.730865e+02 9.998745e-01 9.996233e-01
6.733367e+02 9.998718e-01 9.996152e-01
6.735868e+02 9.998690e-01 9.996069e-01
6.738369e+02 9.998662e-01 9.995984e-01
6.740870e+02 9.998633e-01 9.995897e-01
6.743372e+02 9.998604e-01 9.995809e-01
6.745873e+02 9.998574e-01 9.995718e-01
6.748374e+02 9.998543e-01 9.995626e-01
6.750875e+02 9.998511e-01 9.995532e-01
6.753377e+02 9.998479e-01 9.995436e-01
6.755878e+02 9.998447e-01 9.995337e-01
6.758379e+02 9.998413e-01 9.995237e-01
6.760880e+02 9.998379e-01 9.995135e-01
6.763382e+02 9.998344e-01 9.995030e-01
6.765883e+02 9.998309e-01 9.994923e-01
6.768384e+02 9.998272e-01 9.994814e-01
6.770885e+02 9.998235e-01 9.994703e-01
6.773387e+02 9.998197e-01 9.994589e-01
6.775888e+02 9.998159e-01 9.994473e-01
6.778389e+02 9.998119e-01 9.994354e-01
6.780890e+02 9.998079e-01 9.994233e-01
6.783392e+02 9.998038e-01 9.994110e-01
6.785893e+02 9.997996e-01 9.993983e-01
6.788394e+02 9.997953e-01 9.993855e-01
6.790895e+02 9.997909e-01 9.993723e-01
6.793397e+02 9.997864e-01 9.993589e-01
6.795898e+02 9.997818e-01 9.993452e-01
6.798399e+02 9.997772e-01 9.993311e-01
6.800900e+02 9.997724e-01 9.993169e-01
6.803402e+02 9.997675e-01 9.993023e-01
6.805903e+02 9.997626e-01 9.992873e-01
6.808404e+02 9.997575e-01 9.992721e-01
6.810905e+02 9.997523e-01 9.992566e-01
6.813407e+02 9.997470e-01 9.992407e-01
6.815908e+02 9.997416e-01 9.992245e-01
6.818409e+02 9.997361e-01 9.992080e-01
6.820910e+02 9.997305e-01 9.991911e-01
6.823412e+02 9.997248e-01 9.991739e-01
6.825913e+02 9.997189e-01 9.991563e-01
6.828414e+02 9.997129e-01 9.991383e-01
6.830915e+02 9.997068e-01 9.991200e-01
6.833417e+02 9.997006e-01 9.991013e-01
6.835918e+02 9.996942e-01 9.990822e-01
6.838419e+02 9.996877e-01 9.990627e-01
6.840920e+02 9.996810e-01 9.990428e-01
6.843422e+02 9.996743e-01 9.990224e-01
6.845923e+02 9.996674e-01 9.990017e-01
6.848424e+02 9.996603e-01 9.989805e-01
6.850925e+02 9.996531e-01 9.989588e-01
6.853427e+02 9.996457e-01 9.989368e-01
6.855928e+02 9.996382e-01 9.989142e-01
6.858429e+02 9.996305e-01 9.988912e-01
6.860930e+02 9.996227e-01 9.988677e-01
6.863432e+02 9.996147e-01 9.988438e-01
6.865933e+02 9.996066e-01 9.988193e-01
6.868434e+02 9.995982e-01 9.987943e-01
6.870935e+02 9.995897e-01 9.987688e-01
6.873437e+02 9.995811e-01 9.987428e-01
6.875938e+02 9.995722e-01 9.987162e-01
6.878439e+02 9.995632e-01 9.986891e-01
6.880940e+02 9.995539e-01 9.986614e-01
6.883442e+02 9.995445e-01 9.986332e-01
6.885943e+02 9.995349e-01 9.986043e-01
6.888444e+02 9.995251e-01 9.985749e-01
6.890945e+02 9.995151e-01 9.985448e-01
6.893447e+02 9.995048e-01 9.985142e-01
6.895948e+02 9.994944e-01 9.984829e-01
6.898449e+02 9.994837e-01 9.984509e-01
6.900950e+02 9.994729e-01 9.984183e-01
6.903452e+02 9.994618e-01 9.983850e-01
6.905953e+02 9.994504e-01 9.983510e-01
6.908454e+02 9.994389e-01 9.983164e-01
6.910955e+02 9.994271e-01 9.982810e-01
6.913457e+02 9.994150e-01 9.982449e-01
6.915958e+02 9.994027e-01 9.982080e-01
6.918459e+02 9.993902e-01 9.981704e-01
6.920960e+02 9.993774e-01 9.981320e-01
6.923462e+02 9.993643e-01 9.980928e-01
6.925963e+02 9.993510e-01 9.980528e-01
6.928464e+02 9.993374e-01 9.980120e-01
6.930965e+02 9.993235e-01 9.979703e-01
6.933467e+02 9.993093e-01 9.979278e-01
6.935968e+02 9.992948e-01 9.978845e-01
6.938469e+02 9.992801e-01 9.978402e-01
6.940970e+02 9.992650e-01 9.977950e-01
6.943472e+02 9.992496e-01 9.977489e-01
6.945973e+02 9.992339e-01 9.977018e-01
6.948474e+02 9.992179e-01 9.976538e-01
6.950975e+02 9.992016e-01 9.976048e-01
6.953477e+02 9.991849e-01 9.975548e-01
6.955978e+02 9.991678e-01 9.975038e-01
6.958479e+02 9.991505e-01 9.974517e-01
6.960980e+02 9.991327e-01 9.973986e-01
6.963482e+02 9.991146e-01 9.973443e-01
6.965983e+02 9.990962e-01 9.972890e-01
6.968484e+02 9.990773e-01 9.972325e-01
6.970985e+02 9.990581e-01 9.971749e-01
6.973487e+02 9.990385e-01 9.971161e-01
6.975988e+02 9.990185e-01 9.970561e-01
6.978489e+02 9.989980e-01 9.969949e-01
6.980990e+02 9.989772e-01 9.969325e-01
6.983492e+02 9.989559e-01 9.968687e-01
6.985993e+02 9.989342e-01 9.968037e-01
6.988494e+02 9.989121e-01 9.967374e-01
6.990995e+02 9.988895e-01 9.966696e-01
6.993497e+02 9.988664e-01 9.966006e-01
6.995998e+02 9.988429e-01 9.965301e-01
6.998499e+02 9.988189e-01 9.964582e-01
7.001001e+02 9.987944e-01 9.963848e-01
7.003502e+02 9.987694e-01 9.963099e-01
7.006003e+02 9.987438e-01 9.962335e-01
7.008504e+02 9.987178e-01 9.961556e-01
7.011006e+02 9.986913e-01 9.960761e-01
7.013507e+02 9.986642e-01 9.959950e-01
7.016008e+02 9.986365e-01 9.959122e-01
7.018509e+02 9.986083e-01 9.958277e-01
7.021011e+02 9.985796e-01 9.957416e-01
7.023512e+02 9.985502e-01 9.956537e-01
7.026013e+02 9.985202e-01 9.955640e-01
7.028514e+02 9.984897e-01 9.954726e-01
7.031016e+02 9.984585e-01 9.953792e-01
7.033517e+02 9.984267e-01 9.952840e-01
7.036018e+02 9.983942e-01 9.951869e-01
7.038519e+02 9.983611e-01 9.950878e-01
7.041021e+02 9.983273e-01 9.949867e-01
7.043522e+02 9.982929e-01 9.948836e-01
7.046023e+02 9.982577e-01 9.947784e-01
7.048524e+02 9.982218e-01 9.946711e-01
7.051026e+02 9.981852e-01 9.945616e-01
7.053527e+02 9.981479e-01 9.944500e-01
7.056028e+02 9.981098e-01 9.943360e-01
7.058529e+02 9.980710e-01 9.942199e-01
7.061031e+02 9.980313e-01 9.941013e-01
7.063532e+02 9.979909e-01 9.939804e-01
7.066033e+02 9.979497e-01 9.938571e-01
7.068534e+02 9.979076e-01 9.937313e-01
7.071036e+02 9.978647e-01 9.936030e-01
7.073537e+02 9.978209e-01 9.934721e-01
7.076038e+02 9.977762e-01 9.933386e-01
7.078539e+02 9.977306e-01 9.932024e-01
7.081041e+02 9.976842e-01 9.930635e-01
7.083542e+02 9.976368e-01 9.929218e-01
7.086043e+02 9.975884e-01 9.927773e-01
7.088544e+02 9.975391e-01 9.926300e-01
7.091046e+02 9.974887e-01 9.924797e-01
7.093547e+02 9.974374e-01 9.923263e-01
7.096048e+02 9.973851e-01 9.921700e-01
7.098549e+02 9.973317e-01 9.920105e-01
7.101051e+02 9.972772e-01 9.918479e-01
7.103552e+02 9.972216e-01 9.916820e-01
7.106053e+02 9.971650e-01 9.915128e-01
7.108554e+02 9.971072e-01 9.913403e-01
7.111056e+02 9.970482e-01 9.911643e-01
7.113557e+02 9.969881e-01 9.909849e-01
7.116058e+02 9.969268e-01 9.908019e-01
7.118559e+02 9.968642e-01 9.906153e-01
7.121061e+02 9.968004e-01 9.904250e-01
7.123562e+02 9.967354e-01 9.902309e-01
7.126063e+02 9.966690e-01 9.900330e-01
7.128564e+02 9.966013e-01 9.898312e-01
7.131066e+02 9.965323e-01 9.896254e-01
7.133567e+02 9.964619e-01 9.894155e-01
7.136068e+02 9.963901e-01 9.892015e-01
7.138569e+02 9.963169e-01 9.889833e-01
7.141071e+02 9.962422e-01 9.887608e-01
7.143572e+02 9.961661e-01 9.885339e-01
7.146073e+02 9.960884e-01 9.883026e-01
7.148574e+02 9.960092e-01 9.880667e-01
7.151076e+02 9.959285e-01 9.878261e-01
7.153577e+02 9.958461e-01 9.875809e-01
7.156078e+02 9.957621e-01 9.873309e-01
7.158579e+02 9.956764e-01 9.870759e-01
7.161081e+02 9.955891e-01 9.868160e-01
7.163582e+02 9.955000e-01 9.865509e-01
7.166083e+02 9.954092e-01 9.862807e-01
7.168584e+02 9.953166e-01 9.860053e-01
7.171086e+02 9.952221e-01 9.857244e-01
7.173587e+02 9.951258e-01 9.854381e-01
7.176088e+02 9.950276e-01 9.851462e-01
7.178589e+02 9.949275e-01 9.848486e-01
7.181091e+02 9.948254e-01 9.845452e-01
7.183592e+02 9.947213e-01 9.842359e-01
7.186093e+02 9.946152e-01 9.839206e-01
7.188594e+02 9.945069e-01 9.835992e-01
7.191096e+02 9.943966e-01 9.832716e-01
7.193597e+02 9.942841e-01 9.829376e-01
7.196098e+02 9.941693e-01 9.825971e-01
7.198599e+02 9.940524e-01 9.822501e-01
7.201101e+02 9.939331e-01 9.818963e-01
7.203602e+02 9.938115e-01 9.815357e-01
7.206103e+02 9.936876e-01 9.811682e-01
7.208604e+02 9.935612e-01 9.807936e-01
7.211106e+02 9.934323e-01 9.804118e-01
7.213607e+02 9.933009e-01 9.800226e-01
7.216108e+02 9.931670e-01 9.796259e-01
7.218609e+02 9.930305e-01 9.792217e-01
7.221111e+02 9.928913e-01 9.788096e-01
7.223612e+02 9.927494e-01 9.783897e-01
7.226113e+02 9.926047e-01 9.779617e-01
7.228614e+02 9.924572e-01 9.775256e-01
7.231116e+02 9.923069e-01 9.770811e-01
7.233617e+02 9.921537e-01 9.766281e-01
7.236118e+02 9.919974e-01 9.761665e-01
7.238619e+02 9.918382e-01 9.756961e-01
7.241121e+02 9.916759e-01 9.752168e-01
7.243622e+02 9.915104e-01 9.747283e-01
7.246123e+02 9.913417e-01 9.742306e-01
7.248624e+02 9.911698e-01 9.737234e-01
7.251126e+02 9.909945e-01 9.732066e-01
7.253627e+02 9.908159e-01 9.726801e-01
7.256128e+02 9.906338e-01 9.721435e-01
7.258629e+02 9.904483e-01 9.715969e-01
7.261131e+02 9.902591e-01 9.710399e-01
7.263632e+02 9.900663e-01 9.704725e-01
7.266133e+02 9.898698e-01 9.698944e-01
7.268634e+02 9.896696e-01 9.693054e-01
7.271136e+02 9.894655e-01 9.687054e-01
7.273637e+02 9.892575e-01 9.680941e-01
7.276138e+02 9.890455e-01 9.674714e-01
7.278639e+02 9.888294e-01 9.668370e-01
7.281141e+02 9.886092e-01 9.661908e-01
7.283642e+02 9.883848e-01 9.655326e-01
7.286143e+02 9.881562e-01 9.648621e-01
7.288644e+02 9.879231e-01 9.641791e-01
7.291146e+02 9.876857e-01 9.634834e-01
7.293647e+02 9.874437e-01 9.627749e-01
7.296148e+02 9.871971e-01 9.620532e-01
7.298649e+02 9.869458e-01 9.613183e-01
7.301151e+02 9.866898e-01 9.605697e-01
7.303652e+02 9.864289e-01 9.598073e-01
7.306153e+02 9.861630e-01 9.590309e-01
7.308654e+02 9.858922e-01 9.582403e-01
7.311156e+02 9.856162e-01 9.574351e-01
7.313657e+02 9.853349e-01 9.566153e-01
7.316158e+02 9.850484e-01 9.557804e-01
7.318659e+02 9.847565e-01 9.549302e-01
7.321161e+02 9.844591e-01 9.540646e-01
7.323662e+02 9.841561e-01 9.531833e-01
7.326163e+02 9.838474e-01 9.522859e-01
7.328664e+02 9.835329e-01 9.513723e-01
7.331166e+02 9.832125e-01 9.504421e-01
7.333667e+02 9.828861e-01 9.494952e-01
7.336168e+02 9.825536e-01 9.485312e-01
7.338669e+02 9.822149e-01 9.475498e-01
7.341171e+02 9.818699e-01 9.465508e-01
7.343672e+02 9.815184e-01 9.455339e-01
7.346173e+02 9.811604e-01 9.444988e-01
7.348674e+02 9.807957e-01 9.434452e-01
7.351176e+02 9.804243e-01 9.423729e-01
7.353677e+02 9.800459e-01 9.412815e-01
7.356178e+02 9.796606e-01 9.401708e-01
7.358679e+02 9.792681e-01 9.390404e-01
7.361181e+02 9.788684e-01 9.378900e-01
7.363682e+02 9.784612e-01 9.367193e-01
7.366183e+02 9.780466e-01 9.355281e-01
7.368684e+02 9.776244e-01 9.343160e-01
7.371186e+02 9.771943e-01 9.330827e-01
7.373687e+02 9.767564e-01 9.318278e-01
7.376188e+02 9.763105e-01 9.305511e-01
7.378689e+02 9.758564e-01 9.292522e-01
7.381191e+02 9.753939e-01 9.279308e-01
7.383692e+02 9.749231e-01 9.265865e-01
7.386193e+02 9.744436e-01 9.252191e-01
7.388694e+02 9.739555e-01 9.238282e-01
7.391196e+02 9.734584e-01 9.224134e-01
7.393697e+02 9.729524e-01 9.209744e-01
7.396198e+02 9.724371e-01 9.195109e-01
7.398699e+02 9.719126e-01 9.180225e-01
7.401201e+02 9.713786e-01 9.165089e-01
7.403702e+02 9.708349e-01 9.149697e-01
7.406203e+02 9.702815e-01 9.134046e-01
7.408704e+02 9.697181e-01 9.118131e-01
7.411206e+02 9.691446e-01 9.101950e-01
7.413707e+02 9.685608e-01 9.085499e-01
7.416208e+02 9.679666e-01 9.068775e-01
7.418709e+02 9.673618e-01 9.051772e-01
7.421211e+02 9.667462e-01 9.034489e-01
7.423712e+02 9.661197e-01 9.016921e-01
7.426213e+02 9.654820e-01 8.999065e-01
7.428714e+02 9.648331e-01 8.980917e-01
7.431216e+02 9.641727e-01 8.962472e-01
7.433717e+02 9.635006e-01 8.943729e-01
7.436218e+02 9.628167e-01 8.924682e-01
7.438719e+02 9.621208e-01 8.905328e-01
7.441221e+02 9.614127e-01 8.885664e-01
7.443722e+02 9.606922e-01 8.865685e-01
7.446223e+02 9.599591e-01 8.845388e-01
7.448724e+02 9.592132e-01 8.824769e-01
7.451226e+02 9.584544e-01 8.803825e-01
7.453727e+02 9.576824e-01 8.782551e-01
7.456228e+02 9.568971e-01 8.760944e-01
7.458729e+02 9.560982e-01 8.739000e-01
7.461231e+02 9.552855e-01 8.716717e-01
7.463732e+02 9.544588e-01 8.694088e-01
7.466233e+02 9.536180e-01 8.671113e-01
7.468734e+02 9.527628e-01 8.647786e-01
7.471236e+02 9.518930e-01 8.624103e-01
7.473737e+02 9.510085e-01 8.600063e-01
7.476238e+02 9.501089e-01 8.575660e-01
7.478739e+02 9.491940e-01 8.550891e-01
7.481241e+02 9.482638e-01 8.525753e-01
7.483742e+02 9.473179e-01 8.500243e-01
7.486243e+02 9.463561e-01 8.474356e-01
7.488744e+02 9.453782e-01 8.448090e-01
7.491246e+02 9.443839e-01 8.421441e-01
7.493747e+02 9.433731e-01 8.394406e-01
7.496248e+02 9.423456e-01 8.366982e-01
7.498749e+02 9.413010e-01 8.339165e-01
7.501251e+02 9.402393e-01 8.310952e-01
7.503752e+02 9.391600e-01 8.282341e-01
7.506253e+02 9.380631e-01 8.253329e-01
7.508754e+02 9.369482e-01 8.223911e-01
7.511256e+02 9.358152e-01 8.194087e-01
7.513757e+02 9.346638e-01 8.163852e-01
7.516258e+02 9.334938e-01 8.133204e-01
7.518759e+02 9.323049e-01 8.102141e-01
7.521261e+02 9.310970e-01 8.070660e-01
7.523762e+02 9.298696e-01 8.038758e-01
7.526263e+02 9.286228e-01 8.006435e-01
7.528764e+02 9.273561e-01 7.973686e-01
7.531266e+02 9.260693e-01 7.940510e-01
7.533767e+02 9.247623e-01 7.906906e-01
7.536268e+02 9.234347e-01 7.872870e-01
7.538769e+02 9.220864e-01 7.838403e-01
7.541271e+02 9.207171e-01 7.803501e-01
7.543772e+02 9.193265e-01 7.768164e-01
7.546273e+02 9.179144e-01 7.732390e-01
7.548774e+02 9.164806e-01 7.696178e-01
7.551276e+02 9.150249e-01 7.659527e-01
7.553777e+02 9.135469e-01 7.622436e-01
7.556278e+02 9.120465e-01 7.584905e-01
7.558779e+02 9.105234e-01 7.546932e-01
7.561281e+02 9.089774e-01 7.508518e-01
7.563782e+02 9.074083e-01 7.469662e-01
7.566283e+02 9.058157e-01 7.430364e-01
7.568784e+02 9.041996e-01 7.390624e-01
7.571286e+02 9.025596e-01 7.350443e-01
7.573787e+02 9.008955e-01 7.309821e-01
7.576288e+02 8.992071e-01 7.268759e-01
7.578789e+02 8.974942e-01 7.227258e-01
7.581291e+02 8.957566e-01 7.185319e-01
7.583792e+02 8.939940e-01 7.142943e-01
7.586293e+02 8.922062e-01 7.100131e-01
7.588794e+02 8.903930e-01 7.056887e-01
7.591296e+02 8.885541e-01 7.013210e-01
7.593797e+02 8.866895e-01 6.969105e-01
7.596298e+02 8.847988e-01 6.924573e-01
7.598799e+02 8.828819e-01 6.879617e-01
7.601301e+02 8.809385e-01 6.834239e-01
7.603802e+02 8.789685e-01 6.788444e-01
7.606303e+02 8.769717e-01 6.742234e-01
7.608804e+02 8.749479e-01 6.695614e-01
7.611306e+02 8.728969e-01 6.648586e-01
7.613807e+02 8.708185e-01 6.601157e-01
7.616308e+02 8.687126e-01 6.553328e-01
7.618809e+02 8.665790e-01 6.505107e-01
7.621311e+02 8.644175e-01 6.456497e-01
7.623812e+02 8.622280e-01 6.407504e-01
7.626313e+02 8.600103e-01 6.358133e-01
7.628814e+02 8.577642e-01 6.308391e-01
7.631316e+02 8.554897e-01 6.258283e-01
7.633817e+02 8.531866e-01 6.207815e-01
7.636318e+02 8.508548e-01 6.156995e-01
7.638819e+02 8.484941e-01 6.105830e-01
7.641321e+02 8.461045e-01 6.054325e-01
7.643822e+02 8.436858e-01 6.002490e-01
7.646323e+02 8.412380e-01 5.950332e-01
7.648824e+02 8.387609e-01 5.897859e-01
7.651326e+02 8.362545e-01 5.845078e-01
7.653827e+02 8.337186e-01 5.792000e-01
7.656328e+02 8.311533e-01 5.738632e-01
7.658829e+02 8.285585e-01 5.684984e-01
7.661331e+02 8.259341e-01 5.631066e-01
7.663832e+02 8.232801e-01 5.576886e-01
7.666333e+02 8.205964e-01 5.522456e-01
7.668834e+02 8.178831e-01 5.467785e-01
7.671336e+02 8.151401e-01 5.412883e-01
7.673837e+02 8.123675e-01 5.357762e-01
7.676338e+02 8.095652e-01 5.302432e-01
7.678839e+02 8.067333e-01 5.246905e-01
7.681341e+02 8.038717e-01 5.191192e-01
7.683842e+02 8.009806e-01 5.135304e-01
7.686343e+02 7.980600e-01 5.079255e-01
7.688844e+02 7.951099e-01 5.023055e-01
7.691346e+02 7.921305e-01 4.966718e-01
7.693847e+02 7.891218e-01 4.910255e-01
7.696348e+02 7.860839e-01 4.853680e-01
7.698849e+02 7.830170e-01 4.797006e-01
7.701351e+02 7.799211e-01 4.740245e-01
7.703852e+02 7.767963e-01 4.683411e-01
7.706353e+02 7.736430e-01 4.626517e-01
7.708854e+02 7.704611e-01 4.569577e-01
7.711356e+02 7.672508e-01 4.512605e-01
7.713857e+02 7.640125e-01 4.455614e-01
7.716358e+02 7.607462e-01 4.398619e-01
7.718859e+02 7.574521e-01 4.341633e-01
7.721361e+02 7.541305e-01 4.284671e-01
7.723862e+02 7.507817e-01 4.227747e-01
7.726363e+02 7.474058e-01 4.170875e-01
7.728864e+02 7.440032e-01 4.114070e-01
7.731366e+02 7.405740e-01 4.057345e-01
7.733867e+02 7.371187e-01 4.000716e-01
7.736368e+02 7.336374e-01 3.944197e-01
7.738869e+02 7.301306e-01 3.887802e-01
7.741371e+02 7.265985e-01 3.831546e-01
7.743872e+02 7.230415e-01 3.775444e-01
7.746373e+02 7.194599e-01 3.719508e-01
7.748874e+02 7.158541e-01 3.663755e-01
7.751376e+02 7.122245e-01 3.608198e-01
7.753877e+02 7.085715e-01 3.552851e-01
7.756378e+02 7.048955e-01 3.497728e-01
7.758879e+02 7.011968e-01 3.442844e-01
7.761381e+02 6.974760e-01 3.388211e-01
7.763882e+02 6.937335e-01 3.333845e-01
7.766383e+02 6.899697e-01 3.279758e-01
7.768884e+02 6.861850e-01 3.225963e-01
7.771386e+02 6.823801e-01 3.172475e-01
7.773887e+02 6.785553e-01 3.119306e-01
7.776388e+02 6.747112e-01 3.066468e-01
7.778889e+02 6.708482e-01 3.013975e-01
7.781391e+02 6.669670e-01 2.961838e-01
7.783892e+02 6.630679e-01 2.910070e-01
7.786393e+02 6.591517e-01 2.858683e-01
7.788894e+02 6.552188e-01 2.807688e-01
7.791396e+02 6.512698e-01 2.757096e-01
7.793897e+02 6.473053e-01 2.706919e-01
7.796398e+02 6.433258e-01 2.657168e-01
7.798899e+02 6.393320e-01 2.607852e-01
7.801401e+02 6.353245e-01 2.558981e-01
7.803902e+02 6.313038e-01 2.510567e-01
7.806403e+02 6.272706e-01 2.462617e-01
7.808904e+02 6.232255e-01 2.415141e-01
7.811406e+02 6.191692e-01 2.368148e-01
7.813907e+02 6.151022e-01 2.321646e-01
7.816408e+02 6.110253e-01 2.275644e-01
7.818909e+02 6.069390e-01 2.230148e-01
7.821411e+02 6.028441e-01 2.185165e-01
7.823912e+02 5.987412e-01 2.140704e-01
7.826413e+02 5.946310e-01 2.096771e-01
7.828914e+02 5.905141e-01 2.053370e-01
7.831416e+02 5.863912e-01 2.010509e-01
7.833917e+02 5.822630e-01 1.968193e-01
7.836418e+02 5.781302e-01 1.926426e-01
7.838919e+02 5.739935e-01 1.885212e-01
7.841421e+02 5.698535e-01 1.844557e-01
7.843922e+02 5.657110e-01 1.804464e-01
7.846423e+02 5.615666e-01 1.764936e-01
7.848924e+02 5.574210e-01 1.725976e-01
7.851426e+02 5.532749e-01 1.687587e-01
7.853927e+02 5.491290e-01 1.649771e-01
7.856428e+02 5.449840e-01 1.612529e-01
7.858929e+02 5.408406e-01 1.575864e-01
7.861431e+02 5.366995e-01 1.539775e-01
7.863932e+02 5.325613e-01 1.504265e-01
7.866433e+02 5.284267e-01 1.469332e-01
7.868934e+02 5.242965e-01 1.434978e-01
7.871436e+02 5.201712e-01 1.401201e-01
7.873937e+02 5.160516e-01 1.368000e-01
7.876438e+02 5.119383e-01 1.335376e-01
7.878939e+02 5.078320e-01 1.303325e-01
7.881441e+02 5.037334e-01 1.271847e-01
7.883942e+02 4.996431e-01 1.240940e-01
7.886443e+02 4.955617e-01 1.210600e-01
7.888944e+02 4.914900e-01 1.180826e-01
7.891446e+02 4.874284e-01 1.151613e-01
7.893947e+02 4.833777e-01 1.122960e-01
7.896448e+02 4.793385e-01 1.094862e-01
7.898949e+02 4.753113e-01 1.067315e-01
7.901451e+02 4.712968e-01 1.040316e-01
7.903952e+02 4.672957e-01 1.013860e-01
7.906453e+02 4.633083e-01 9.879429e-02
7.908954e+02 4.593355e-01 9.625592e-02
7.911456e+02 4.553776e-01 9.377044e-02
7.913957e+02 4.514353e-01 9.133731e-02
7.916458e+02 4.475091e-01 8.895599e-02
7.918959e+02 4.435996e-01 8.662593e-02
7.921461e+02 4.397072e-01 8.434656e-02
7.923962e+02 4.358326e-01 8.211728e-02
7.926463e+02 4.319761e-01 7.993748e-02
7.928964e+02 4.281384e-01 7.780654e-02
7.931466e+02 4.243198e-01 7.572384e-02
7.933967e+02 4.205209e-01 7.368872e-02
7.936468e+02 4.167421e-01 7.170052e-02
7.938969e+02 4.129838e-01 6.975858e-02
7.941471e+02 4.092466e-01 6.786223e-02
7.943972e+02 4.055308e-01 6.601076e-02
7.946473e+02 4.018368e-01 6.420351e-02
7.948974e+02 3.981650e-01 6.243975e-02
7.951476e+02 3.945158e-01 6.071880e-02
7.953977e+02 3.908897e-01 5.903993e-02
7.956478e+02 3.872869e-01 5.740244e-02
7.958979e+02 3.837078e-01 5.580562e-02
7.961481e+02 3.801527e-01 5.424873e-02
7.963982e+02 3.766220e-01 5.273107e-02
7.966483e+02 3.731160e-01 5.125191e-02
7.968984e+02 3.696350e-01 4.981054e-02
7.971486e+02 3.661792e-01 4.840622e-02
7.973987e+02 3.627489e-01 4.703825e-02
7.976488e+02 3.593445e-01 4.570591e-02
7.978989e+02 3.559661e-01 4.440848e-02
7.981491e+02 3.526139e-01 4.314526e-02
7.983992e+02 3.492883e-01 4.191553e-02
7.986493e+02 3.459894e-01 4.071860e-02
7.988994e+02 3.427174e-01 3.955377e-02
7.991496e+02 3.394725e-01 3.842034e-02
7.993997e+02 3.362548e-01 3.731763e-02
7.996498e+02 3.330646e-01 3.624497e-02
7.998999e+02 3.299020e-01 3.520167e-02
8.001501e+02 3.267672e-01 3.418706e-02
8.004002e+02 3.236601e-01 3.320050e-02
8.006503e+02 3.205811e-01 3.224133e-02
8.009005e+02 3.175301e-01 3.130891e-02
8.011506e+02 3.145073e-01 3.040260e-02
8.014007e+02 3.115127e-01 2.952177e-02
8.016508e+02 3.085465e-01 2.866581e-02
8.019010e+02 3.056087e-01 2.783411e-02
8.021511e+02 3.026992e-01 2.702607e-02
8.024012e+02 2.998183e-01 2.624110e-02
8.026513e+02 2.969659e-01 2.547862e-02
8.029015e+02 2.941420e-01 2.473806e-02
8.031516e+02 2.913467e-01 2.401885e-02
8.034017e+02 2.885799e-01 2.332045e-02
8.036518e+02 2.858416e-01 2.264231e-02
8.039020e+02 2.831318e-01 2.198391e-02
8.041521e+02 2.804506e-01 2.134471e-02
8.044022e+02 2.777978e-01 2.072422e-02
8.046523e+02 2.751734e-01 2.012192e-02
8.049025e+02 2.725774e-01 1.953733e-02
8.051526e+02 2.700098e-01 1.896996e-02
8.054027e+02 2.674703e-01 1.841935e-02
8.056528e+02 2.649590e-01 1.788503e-02
8.059030e+02 2.624758e-01 1.736656e-02
8.061531e+02 2.600207e-01 1.686348e-02
8.064032e+02 2.575934e-01 1.637538e-02
8.066533e+02 2.551939e-01 1.590182e-02
8.069035e+02 2.528221e-01 1.544240e-02
8.071536e+02 2.504779e-01 1.499671e-02
8.074037e+02 2.481612e-01 1.456437e-02
8.076538e+02 2.458718e-01 1.414498e-02
8.079040e+02 2.436095e-01 1.373817e-02
8.081541e+02 2.413744e-01 1.334359e-02
8.084042e+02 2.391662e-01 1.296086e-02
8.086543e+02 2.369847e-01 1.258965e-02
8.089045e+02 2.348299e-01 1.222962e-02
8.091546e+02 2.327015e-01 1.188044e-02
8.094047e+02 2.305994e-01 1.154179e-02
8.096548e+02 2.285234e-01 1.121335e-02
8.099050e+02 2.264735e-01 1.089482e-02
8.101551e+02 2.244492e-01 1.058590e-02
8.104052e+02 2.224507e-01 1.028631e-02
8.106553e+02 2.204775e-01 9.995768e-03
8.109055e+02 2.185296e-01 9.713996e-03
8.111556e+02 2.166067e-01 9.440732e-03
8.114057e+02 2.147087e-01 9.175717e-03
8.116558e+02 2.128353e-01 8.918702e-03
8.119060e+02 2.109864e-01 8.669441e-03
8.121561e+02 2.091618e-01 8.427698e-03
8.124062e+02 2.073613e-01 8.193243e-03
8.126563e+02 2.055847e-01 7.965852e-03
8.129065e+02 2.038317e-01 7.745310e-03
8.131566e+02 2.021021e-01 7.531404e-03
8.134067e+02 2.003958e-01 7.323930e-03
8.136568e+02 1.987125e-01 7.122689e-03
8.139070e+02 1.970521e-01 6.927490e-03
8.141571e+02 1.954143e-01 6.738144e-03
8.144072e+02 1.937988e-01 6.554470e-03
8.146573e+02 1.922055e-01 6.376292e-03
8.149075e+02 1.906342e-01 6.203440e-03
8.151576e+02 1.890847e-01 6.035748e-03
8.154077e+02 1.875566e-01 5.873054e-03
8.156578e+02 1.860499e-01 5.715204e-03
8.159080e+02 1.845643e-01 5.562046e-03
8.161581e+02 1.830995e-01 5.413434e-03
8.164082e+02 1.816554e-01 5.269226e-03
8.166583e+02 1.802317e-01 5.129285e-03
8.169085e+02 1.788282e-01 4.993477e-03
8.171586e+02 1.774447e-01 4.861674e-03
8.174087e+02 1.760809e-01 4.733749e-03
8.176588e+02 1.747367e-01 4.609582e-03
8.179090e+02 1.734118e-01 4.489056e-03
8.181591e+02 1.721061e-01 4.372057e-03
8.184092e+02 1.708192e-01 4.258474e-03
8.186593e+02 1.695510e-01 4.148201e-03
8.189095e+02 1.683013e-01 4.041134e-03
8.191596e+02 1.670698e-01 3.937174e-03
8.194097e+02 1.658563e-01 3.836224e-03
8.196598e+02 1.646606e-01 3.738189e-03
8.199100e+02 1.634826e-01 3.642980e-03
8.201601e+02 1.623219e-01 3.550507e-03
8.204102e+02 1.611783e-01 3.460686e-03
8.206603e+02 1.600517e-01 3.373435e-03
8.209105e+02 1.589419e-01 3.288673e-03
8.211606e+02 1.578486e-01 3.206324e-03
8.214107e+02 1.567717e-01 3.126313e-03
8.216608e+02 1.557108e-01 3.048566e-03
8.219110e+02 1.546659e-01 2.973015e-03
8.221611e+02 1.536367e-01 2.899592e-03
8.224112e+02 1.526230e-01 2.828231e-03
8.226613e+02 1.516247e-01 2.758867e-03
8.229115e+02 1.506414e-01 2.691441e-03
8.231616e+02 1.496730e-01 2.625892e-03
8.234117e+02 1.487194e-01 2.562163e-03
8.236618e+02 1.477803e-01 2.500198e-03
8.239120e+02 1.468555e-01 2.439944e-03
8.241621e+02 1.459449e-01 2.381347e-03
8.244122e+02 1.450482e-01 2.324358e-03
8.246623e+02 1.441652e-01 2.268928e-03
8.249125e+02 1.432959e-01 2.215009e-03
8.251626e+02 1.424399e-01 2.162556e-03
8.254127e+02 1.415971e-01 2.111524e-03
8.256628e+02 1.407673e-01 2.061870e-03
8.259130e+02 1.399504e-01 2.013553e-03
8.261631e+02 1.391462e-01 1.966533e-03
8.264132e+02 1.383544e-01 1.920771e-03
8.266633e+02 1.375749e-01 1.876229e-03
8.269135e+02 1.368076e-01 1.832871e-03
8.271636e+02 1.360523e-01 1.790662e-03
8.274137e+02 1.353087e-01 1.749567e-03
8.276638e+02 1.345768e-01 1.709553e-03
8.279140e+02 1.338563e-01 1.670589e-03
8.281641e+02 1.331471e-01 1.632644e-03
8.284142e+02 1.324491e-01 1.595687e-03
8.286643e+02 1.317620e-01 1.559689e-03
8.289145e+02 1.310858e-01 1.524623e-03
8.291646e+02 1.304202e-01 1.490461e-03
8.294147e+02 1.297651e-01 1.457177e-03
8.296648e+02 1.291204e-01 1.424745e-03
8.299150e+02 1.284859e-01 1.393141e-03
8.301651e+02 1.278614e-01 1.362341e-03
8.304152e+02 1.272468e-01 1.332321e-03
8.306653e+02 1.266420e-01 1.303060e-03
8.309155e+02 1.260468e-01 1.274535e-03
8.311656e+02 1.254611e-01 1.246726e-03
8.314157e+02 1.248846e-01 1.219612e-03
8.316658e+02 1.243174e-01 1.193173e-03
8.319160e+02 1.237592e-01 1.167390e-03
8.321661e+02 1.232100e-01 1.142246e-03
8.324162e+02 1.226695e-01 1.117720e-03
8.326663e+02 1.221376e-01 1.093798e-03
8.329165e+02 1.216143e-01 1.070460e-03
8.331666e+02 1.210994e-01 1.047692e-03
8.334167e+02 1.205927e-01 1.025478e-03
8.336668e+02 1.200941e-01 1.003801e-03
8.339170e+02 1.196036e-01 9.826475e-04
8.341671e+02 1.191209e-01 9.620028e-04
8.344172e+02 1.186460e-01 9.418529e-04
8.346673e+02 1.181788e-01 9.221842e-04
8.349175e+02 1.177191e-01 9.029836e-04
8.351676e+02 1.172668e-01 8.842384e-04
8.354177e+02 1.168218e-01 8.659363e-04
8.356678e+02 1.163840e-01 8.480653e-04
8.359180e+02 1.159532e-01 8.306138e-04
8.361681e+02 1.155294e-01 8.135704e-04
8.364182e+02 1.151125e-01 7.969244e-04
8.366683e+02 1.147023e-01 7.806651e-04
8.369185e+02 1.142988e-01 7.647822e-04
8.371686e+02 1.139018e-01 7.492658e-04
8.374187e+02 1.135113e-01 7.341062e-04
8.376688e+02 1.131271e-01 7.192940e-04
8.379190e+02 1.127491e-01 7.048201e-04
8.381691e+02 1.123772e-01 6.906757e-04
8.384192e+02 1.120114e-01 6.768522e-04
8.386693e+02 1.116516e-01 6.633412e-04
8.389195e+02 1.112976e-01 6.501347e-04
8.391696e+02 1.109494e-01 6.372249e-04
8.394197e+02 1.106068e-01 6.246040e-04
8.396698e+02 1.102698e-01 6.122648e-04
8.399200e+02 1.099383e-01 6.002000e-04
8.401701e+02 1.096122e-01 5.884027e-04
8.404202e+02 1.092915e-01 5.768660e-04
8.406703e+02 1.089759e-01 5.655835e-04
8.409205e+02 1.086655e-01 5.545487e-04
8.411706e+02 1.083602e-01 5.437553e-04
8.414207e+02 1.080599e-01 5.331975e-04
8.416708e+02 1.077645e-01 5.228692e-04
8.419210e+02 1.074739e-01 5.127648e-04
8.421711e+02 1.071880e-01 5.028788e-04
8.424212e+02 1.069068e-01 4.932058e-04
8.426713e+02 1.066303e-01 4.837406e-04
8.429215e+02 1.063582e-01 4.744780e-04
8.431716e+02 1.060906e-01 4.654132e-04
8.434217e+02 1.058274e-01 4.565412e-04
8.436718e+02 1.055685e-01 4.478576e-04
8.439220e+02 1.053139e-01 4.393576e-04
8.441721e+02 1.050634e-01 4.310369e-04
8.444222e+02 1.048170e-01 4.228912e-04
8.446723e+02 1.045747e-01 4.149164e-04
8.449225e+02 1.043363e-01 4.071082e-04
8.451726e+02 1.041018e-01 3.994628e-04
8.454227e+02 1.038712e-01 3.919764e-04
8.456728e+02 1.036444e-01 3.846452e-04
8.459230e+02 1.034213e-01 3.774655e-04
8.461731e+02 1.032018e-01 3.704338e-04
8.464232e+02 1.029860e-01 3.635466e-04
8.466733e+02 1.027737e-01 3.568006e-04
8.469235e+02 1.025649e-01 3.501925e-04
8.471736e+02 1.023595e-01 3.437191e-04
8.474237e+02 1.021575e-01 3.373774e-04
8.476738e+02 1.019588e-01 3.311642e-04
8.479240e+02 1.017634e-01 3.250767e-04
8.481741e+02 1.015712e-01 3.191120e-04
8.484242e+02 1.013821e-01 3.132673e-04
8.486743e+02 1.011962e-01 3.075399e-04
8.489245e+02 1.010133e-01 3.019271e-04
8.491746e+02 1.008334e-01 2.964263e-04
8.494247e+02 1.006564e-01 2.910351e-04
8.496748e+02 1.004824e-01 2.857510e-04
8.499250e+02 1.003113e-01 2.805716e-04
8.501751e+02 1.001429e-01 2.754946e-04
8.504252e+02 9.997734e-02 2.705176e-04
8.506753e+02 9.981449e-02 2.656386e-04
8.509255e+02 9.965431e-02 2.608553e-04
8.511756e+02 9.949677e-02 2.561656e-04
8.514257e+02 9.934182e-02 2.515676e-04
8.516758e+02 9.918941e-02 2.470591e-04
8.519260e+02 9.903952e-02 2.426383e-04
8.521761e+02 9.889209e-02 2.383032e-04
8.524262e+02 9.874708e-02 2.340520e-04
8.526763e+02 9.860446e-02 2.298829e-04
8.529265e+02 9.846418e-02 2.257941e-04
8.531766e+02 9.832622e-02 2.217839e-04
8.534267e+02 9.819052e-02 2.178507e-04
8.536768e+02 9.805705e-02 2.139927e-04
8.539270e+02 9.792578e-02 2.102084e-04
8.541771e+02 9.779667e-02 2.064962e-04
8.544272e+02 9.766968e-02 2.028546e-04
8.546773e+02 9.754478e-02 1.992822e-04
8.549275e+02 9.742193e-02 1.957774e-04
8.551776e+02 9.730110e-02 1.923388e-04
8.554277e+02 9.718226e-02 1.889651e-04
8.556778e+02 9.706538e-02 1.856550e-04
8.559280e+02 9.695041e-02 1.824070e-04
8.561781e+02 9.683734e-02 1.792199e-04
8.564282e+02 9.672612e-02 1.760925e-04
8.566783e+02 9.661674e-02 1.730235e-04
8.569285e+02 9.650915e-02 1.700117e-04
8.571786e+02 9.640333e-02 1.670560e-04
8.574287e+02 9.629925e-02 1.641552e-04
8.576788e+02 9.619688e-02 1.613081e-04
8.579290e+02 9.609619e-02 1.585138e-04
8.581791e+02 9.599716e-02 1.557710e-04
8.584292e+02 9.589975e-02 1.530789e-04
8.586793e+02 9.580395e-02 1.504363e-04
8.589295e+02 9.570972e-02 1.478423e-04
8.591796e+02 9.561703e-02 1.452958e-04
8.594297e+02 9.552587e-02 1.427960e-04
8.596798e+02 9.543621e-02 1.403419e-04
8.599300e+02 9.534802e-02 1.379326e-04
8.601801e+02 9.526127e-02 1.355672e-04
8.604302e+02 9.517595e-02 1.332449e-04
8.606803e+02 9.509203e-02 1.309647e-04
8.609305e+02 9.500949e-02 1.287258e-04
8.611806e+02 9.492830e-02 1.265275e-04
8.614307e+02 9.484845e-02 1.243690e-04
8.616808e+02 9.476990e-02 1.222494e-04
8.619310e+02 9.469265e-02 1.201679e-04
8.621811e+02 9.461666e-02 1.181240e-04
8.624312e+02 9.454192e-02 1.161167e-04
8.626813e+02 9.446840e-02 1.141455e-04
8.629315e+02 9.439609e-02 1.122096e-04
8.631816e+02 9.432496e-02 1.103083e-04
8.634317e+02 9.425500e-02 1.084410e-04
8.636818e+02 9.418619e-02 1.066070e-04
8.639320e+02 9.411850e-02 1.048056e-04
8.641821e+02 9.405193e-02 1.030363e-04
8.644322e+02 9.398644e-02 1.012984e-04
8.646823e+02 9.392203e-02 9.959137e-05
8.649325e+02 9.385867e-02 9.791455e-05
8.651826e+02 9.379635e-02 9.626740e-05
8.654327e+02 9.373504e-02 9.464934e-05
8.656828e+02 9.367475e-02 9.305984e-05
8.659330e+02 9.361544e-02 9.149834e-05
8.661831e+02 9.355710e-02 8.996433e-05
8.664332e+02 9.349971e-02 8.845727e-05
8.666833e+02 9.344326e-02 8.697668e-05
8.669335e+02 9.338774e-02 8.552204e-05
8.671836e+02 9.333312e-02 8.409287e-05
8.674337e+02 9.327940e-02 8.268871e-05
8.676838e+02 9.322656e-02 8.130907e-05
8.679340e+02 9.317458e-02 7.995351e-05
8.681841e+02 9.312344e-02 7.862157e-05
8.684342e+02 9.307315e-02 7.731282e-05
8.686843e+02 9.302367e-02 7.602682e-05
8.689345e+02 9.297501e-02 7.476316e-05
8.691846e+02 9.292713e-02 7.352143e-05
8.694347e+02 9.288004e-02 7.230121e-05
8.696848e+02 9.283372e-02 7.110212e-05
8.699350e+02 9.278816e-02 6.992376e-05
8.701851e+02 9.274333e-02 6.876576e-05
8.704352e+02 9.269924e-02 6.762773e-05
8.706853e+02 9.265587e-02 6.650933e-05
8.709355e+02 9.261320e-02 6.541018e-05
8.711856e+02 9.257123e-02 6.432994e-05
8.714357e+02 9.252995e-02 6.326826e-05
8.716858e+02 9.248934e-02 6.222481e-05
8.719360e+02 9.244939e-02 6.119925e-05
8.721861e+02 9.241009e-02 6.019127e-05
8.724362e+02 9.237143e-02 5.920053e-05
8.726863e+02 9.233340e-02 5.822674e-05
8.729365e+02 9.229598e-02 5.726958e-05
8.731866e+02 9.225918e-02 5.632876e-05
8.734367e+02 9.222298e-02 5.540398e-05
8.736868e+02 9.218736e-02 5.449495e-05
8.739370e+02 9.215233e-02 5.360139e-05
8.741871e+02 9.211786e-02 5.272303e-05
8.744372e+02 9.208396e-02 5.185959e-05
8.746873e+02 9.205060e-02 5.101081e-05
8.749375e+02 9.201779e-02 5.017642e-05
8.751876e+02 9.198551e-02 4.935617e-05
8.754377e+02 9.195376e-02 4.854980e-05
8.756878e+02 9.192252e-02 4.775707e-05
8.759380e+02 9.189179e-02 4.697775e-05
8.761881e+02 9.186155e-02 4.621158e-05
8.764382e+02 9.183181e-02 4.545834e-05
8.766883e+02 9.180255e-02 4.471779e-05
8.769385e+02 9.177377e-02 4.398972e-05
8.771886e+02 9.174545e-02 4.327391e-05
8.774387e+02 9.171759e-02 4.257013e-05
8.776888e+02 9.169019e-02 4.187818e-05
8.779390e+02 9.166322e-02 4.119785e-05
8.781891e+02 9.163670e-02 4.052893e-05
8.784392e+02 9.161060e-02 3.987123e-05
8.786893e+02 9.158493e-02 3.922455e-05
8.789395e+02 9.155967e-02 3.858869e-05
8.791896e+02 9.153482e-02 3.796347e-05
8.794397e+02 9.151037e-02 3.734870e-05
8.796898e+02 9.148632e-02 3.674420e-05
8.799400e+02 9.146266e-02 3.614979e-05
8.801901e+02 9.143938e-02 3.556529e-05
8.804402e+02 9.141648e-02 3.499053e-05
8.806903e+02 9.139395e-02 3.442535e-05
8.809405e+02 9.137178e-02 3.386957e-05
8.811906e+02 9.134997e-02 3.332304e-05
8.814407e+02 9.132851e-02 3.278559e-05
8.816908e+02 9.130740e-02 3.225707e-05
8.819410e+02 9.128663e-02 3.173732e-05
8.821911e+02 9.126619e-02 3.122620e-05
8.824412e+02 9.124609e-02 3.072354e-05
8.826913e+02 9.122631e-02 3.022921e-05
8.829415e+02 9.120685e-02 2.974307e-05
8.831916e+02 9.118770e-02 2.926497e-05
8.834417e+02 9.116886e-02 2.879477e-05
8.836918e+02 9.115032e-02 2.833234e-05
8.839420e+02 9.113209e-02 2.787755e-05
8.841921e+02 9.111415e-02 2.743027e-05
8.844422e+02 9.109649e-02 2.699036e-05
8.846923e+02 9.107912e-02 2.655770e-05
8.849425e+02 9.106203e-02 2.613217e-05
8.851926e+02 9.104522e-02 2.571364e-05
8.854427e+02 9.102867e-02 2.530200e-05
8.856928e+02 9.101240e-02 2.489713e-05
8.859430e+02 9.099638e-02 2.449891e-05
8.861931e+02 9.098062e-02 2.410723e-05
8.864432e+02 9.096512e-02 2.372198e-05
8.866933e+02 9.094986e-02 2.334306e-05
8.869435e+02 9.093485e-02 2.297034e-05
8.871936e+02 9.092008e-02 2.260373e-05
8.874437e+02 9.090555e-02 2.224313e-05
8.876938e+02 9.089125e-02 2.188842e-05
8.879440e+02 9.087718e-02 2.153952e-05
8.881941e+02 9.086333e-02 2.119633e-05
8.884442e+02 9.084971e-02 2.085874e-05
8.886943e+02 9.083631e-02 2.052667e-05
8.889445e+02 9.082312e-02 2.020002e-05
8.891946e+02 9.081014e-02 1.987869e-05
8.894447e+02 9.079737e-02 1.956261e-05
8.896948e+02 9.078481e-02 1.925168e-05
8.899450e+02 9.077245e-02 1.894581e-05
8.901951e+02 9.076028e-02 1.864493e-05
8.904452e+02 9.074831e-02 1.834894e-05
8.906953e+02 9.073653e-02 1.805776e-05
8.909455e+02 9.072494e-02 1.777132e-05
8.911956e+02 9.071354e-02 1.748953e-05
8.914457e+02 9.070231e-02 1.721232e-05
8.916958e+02 9.069127e-02 1.693961e-05
8.919460e+02 9.068041e-02 1.667132e-05
8.921961e+02 9.066971e-02 1.640738e-05
8.924462e+02 9.065919e-02 1.614772e-05
8.926963e+02 9.064884e-02 1.589227e-05
8.929465e+02 9.063865e-02 1.564096e-05
8.931966e+02 9.062862e-02 1.539371e-05
8.934467e+02 9.061876e-02 1.515046e-05
8.936968e+02 9.060905e-02 1.491115e-05
8.939470e+02 9.059950e-02 1.467570e-05
8.941971e+02 9.059010e-02 1.444406e-05
8.944472e+02 9.058084e-02 1.421616e-05
8.946973e+02 9.057174e-02 1.399194e-05
8.949475e+02 9.056278e-02 1.377133e-05
8.951976e+02 9.055397e-02 1.355428e-05
8.954477e+02 9.054529e-02 1.334073e-05
8.956978e+02 9.053675e-02 1.313063e-05
8.959480e+02 9.052835e-02 1.292390e-05
8.961981e+02 9.052008e-02 1.272050e-05
8.964482e+02 9.051195e-02 1.252038e-05
8.966983e+02 9.050394e-02 1.232348e-05
8.969485e+02 9.049606e-02 1.212974e-05
8.971986e+02 9.048831e-02 1.193911e-05
8.974487e+02 9.048068e-02 1.175154e-05
8.976988e+02 9.047317e-02 1.156699e-05
8.979490e+02 9.046578e-02 1.138540e-05
8.981991e+02 9.045851e-02 1.120672e-05
8.984492e+02 9.045135e-02 1.103091e-05
8.986993e+02 9.044431e-02 1.085792e-05
8.989495e+02 9.043737e-02 1.068770e-05
8.991996e+02 9.043055e-02 1.052020e-05
8.994497e+02 9.042384e-02 1.035539e-05
8.996998e+02 9.041723e-02 1.019321e-05
8.999500e+02 9.041073e-02 1.003363e-05
9.002001e+02 9.040433e-02 9.876597e-06
9.004502e+02 9.039803e-02 9.722076e-06
9.007004e+02 9.039183e-02 9.570024e-06
9.009505e+02 9.038573e-02 9.420401e-06
9.012006e+02 9.037973e-02 9.273167e-06
9.014507e+02 9.037382e-02 9.128282e-06
9.017009e+02 9.036801e-02 8.985709e-06
9.019510e+02 9.036228e-02 8.845409e-06
9.022011e+02 9.035665e-02 8.707345e-06
9.024512e+02 9.035111e-02 8.571482e-06
9.027014e+02 9.034565e-02 8.437782e-06
9.029515e+02 9.034028e-02 8.306211e-06
9.032016e+02 9.033500e-02 8.176735e-06
9.034517e+02 9.032980e-02 8.049318e-06
9.037019e+02 9.032468e-02 7.923928e-06
9.039520e+02 9.031964e-02 7.800531e-06
9.042021e+02 9.031468e-02 7.679095e-06
9.044522e+02 9.030980e-02 7.559588e-06
9.047024e+02 9.030500e-02 7.441980e-06
9.049525e+02 9.030027e-02 7.326238e-06
9.052026e+02 9.029562e-02 7.212333e-06
9.054527e+02 9.029104e-02 7.100234e-06
9.057029e+02 9.028653e-02 6.989913e-06
9.059530e+02 9.028209e-02 6.881341e-06
9.062031e+02 9.027772e-02 6.774490e-06
9.064532e+02 9.027343e-02 6.669331e-06
9.067034e+02 9.026920e-02 6.565837e-06
9.069535e+02 9.026503e-02 6.463981e-06
9.072036e+02 9.026093e-02 6.363737e-06
9.074537e+02 9.025690e-02 6.265078e-06
9.077039e+02 9.025293e-02 6.167979e-06
9.079540e+02 9.024902e-02 6.072416e-06
9.082041e+02 9.024518e-02 5.978362e-06
9.084542e+02 9.024139e-02 5.885794e-06
9.087044e+02 9.023766e-02 5.794687e-06
9.089545e+02 9.023399e-02 5.705019e-06
9.092046e+02 9.023038e-02 5.616765e-06
9.094547e+02 9.022683e-02 5.529903e-06
9.097049e+02 9.022333e-02 5.444411e-06
9.099550e+02 9.021989e-02 5.360267e-06
9.102051e+02 9.021650e-02 5.277449e-06
9.104552e+02 9.021316e-02 5.195935e-06
9.107054e+02 9.020988e-02 5.115704e-06
9.109555e+02 9.020665e-02 5.036737e-06
9.112056e+02 9.020347e-02 4.959012e-06
9.114557e+02 9.020033e-02 4.882510e-06
9.117059e+02 9.019725e-02 4.807211e-06
9.119560e+02 9.019422e-02 4.733096e-06
9.122061e+02 9.019123e-02 4.660145e-06
9.124562e+02 9.018829e-02 4.588341e-06
9.127064e+02 9.018539e-02 4.517664e-06
9.129565e+02 9.018255e-02 4.448097e-06
9.132066e+02 9.017974e-02 4.379621e-06
9.134567e+02 9.017698e-02 4.312220e-06
9.137069e+02 9.017426e-02 4.245876e-06
9.139570e+02 9.017159e-02 4.180573e-06
9.142071e+02 9.016895e-02 4.116292e-06
9.144572e+02 9.016636e-02 4.053019e-06
9.147074e+02 9.016381e-02 3.990738e-06
9.149575e+02 9.016130e-02 3.929431e-06
9.152076e+02 9.015883e-02 3.869084e-06
9.154577e+02 9.015639e-02 3.809682e-06
9.157079e+02 9.015399e-02 3.751208e-06
9.159580e+02 9.015164e-02 3.693650e-06
9.162081e+02 9.014931e-02 3.636991e-06
9.164582e+02 9.014703e-02 3.581217e-06
9.167084e+02 9.014478e-02 3.526315e-06
9.169585e+02 9.014256e-02 3.472271e-06
9.172086e+02 9.014038e-02 3.419070e-06
9.174587e+02 9.013823e-02 3.366700e-06
9.177089e+02 9.013612e-02 3.315147e-06
9.179590e+02 9.013404e-02 3.264399e-06
9.182091e+02 9.013199e-02 3.214441e-06
9.184592e+02 9.012997e-02 3.165263e-06
9.187094e+02 9.012799e-02 3.116851e-06
9.189595e+02 9.012604e-02 3.069193e-06
9.192096e+02 9.012411e-02 3.022277e-06
9.194597e+02 9.012222e-02 2.976092e-06
9.197099e+02 9.012035e-02 2.930626e-06
9.199600e+02 9.011852e-02 2.885868e-06
9.202101e+02 9.011671e-02 2.841806e-06
9.204602e+02 9.011493e-02 2.798429e-06
9.207104e+02 9.011318e-02 2.755726e-06
9.209605e+02 9.011145e-02 2.713687e-06
9.212106e+02 9.010976e-02 2.672301e-06
9.214607e+02 9.010809e-02 2.631558e-06
9.217109e+02 9.010644e-02 2.591448e-06
9.219610e+02 9.010482e-02 2.551960e-06
9.222111e+02 9.010323e-02 2.513085e-06
9.224612e+02 9.010166e-02 2.474814e-06
9.227114e+02 9.010011e-02 2.437135e-06
9.229615e+02 9.009859e-02 2.400041e-06
9.232116e+02 9.009709e-02 2.363522e-06
9.234617e+02 9.009561e-02 2.327569e-06
9.237119e+02 9.009416e-02 2.292173e-06
9.239620e+02 9.009273e-02 2.257325e-06
9.242121e+02 9.009132e-02 2.223016e-06
9.244622e+02 9.008994e-02 2.189239e-06
9.247124e+02 9.008857e-02 2.155984e-06
9.249625e+02 9.008723e-02 2.123243e-06
9.252126e+02 9.008591e-02 2.091009e-06
9.254627e+02 9.008460e-02 2.059273e-06
9.257129e+02 9.008332e-02 2.028028e-06
9.259630e+02 9.008206e-02 1.997265e-06
9.262131e+02 9.008081e-02 1.966977e-06
9.264632e+02 9.007959e-02 1.937157e-06
9.267134e+02 9.007838e-02 1.907798e-06
9.269635e+02 9.007720e-02 1.878891e-06
9.272136e+02 9.007603e-02 1.850430e-06
9.274637e+02 9.007488e-02 1.822409e-06
9.277139e+02 9.007375e-02 1.794819e-06
9.279640e+02 9.007263e-02 1.767655e-06
9.282141e+02 9.007153e-02 1.740909e-06
9.284642e+02 9.007045e-02 1.714575e-06
9.287144e+02 9.006939e-02 1.688647e-06
9.289645e+02 9.006834e-02 1.663118e-06
9.292146e+02 9.006731e-02 1.637982e-06
9.294647e+02 9.006629e-02 1.613232e-06
9.297149e+02 9.006529e-02 1.588864e-06
9.299650e+02 9.006431e-02 1.564870e-06
9.302151e+02 9.006333e-02 1.541245e-06
9.304652e+02 9.006238e-02 1.517983e-06
9.307154e+02 9.006144e-02 1.495078e-06
9.309655e+02 9.006051e-02 1.472526e-06
9.312156e+02 9.005960e-02 1.450319e-06
9.314657e+02 9.005870e-02 1.428454e-06
9.317159e+02 9.005782e-02 1.406924e-06
9.319660e+02 9.005695e-02 1.385724e-06
9.322161e+02 9.005609e-02 1.364850e-06
9.324662e+02 9.005525e-02 1.344296e-06
9.327164e+02 9.005442e-02 1.324057e-06
9.329665e+02 9.005360e-02 1.304128e-06
9.332166e+02 9.005279e-02 1.284504e-06
9.334667e+02 9.005200e-02 1.265181e-06
9.337169e+02 9.005122e-02 1.246154e-06
9.339670e+02 9.005045e-02 1.227418e-06
9.342171e+02 9.004969e-02 1.208969e-06
9.344672e+02 9.004894e-02 1.190802e-06
9.347174e+02 9.004821e-02 1.172913e-06
9.349675e+02 9.004748e-02 1.155298e-06
9.352176e+02 9.004677e-02 1.137951e-06
9.354677e+02 9.004607e-02 1.120870e-06
9.357179e+02 9.004538e-02 1.104050e-06
9.359680e+02 9.004470e-02 1.087487e-06
9.362181e+02 9.004403e-02 1.071177e-06
9.364682e+02 9.004337e-02 1.055116e-06
9.367184e+02 9.004272e-02 1.039300e-06
9.369685e+02 9.004208e-02 1.023725e-06
9.372186e+02 9.004145e-02 1.008388e-06
9.374687e+02 9.004083e-02 9.932841e-07
9.377189e+02 9.004022e-02 9.784110e-07
9.379690e+02 9.003961e-02 9.637645e-07
9.382191e+02 9.003902e-02 9.493413e-07
9.384692e+02 9.003844e-02 9.351377e-07
9.387194e+02 9.003786e-02 9.211503e-07
9.389695e+02 9.003730e-02 9.073760e-07
9.392196e+02 9.003674e-02 8.938112e-07
9.394697e+02 9.003619e-02 8.804529e-07
9.397199e+02 9.003565e-02 8.672977e-07
9.399700e+02 9.003512e-02 8.543426e-07
9.402201e+02 9.003459e-02 8.415845e-07
9.404702e+02 9.003408e-02 8.290202e-07
9.407204e+02 9.003357e-02 8.166469e-07
9.409705e+02 9.003307e-02 8.044615e-07
9.412206e+02 9.003258e-02 7.924612e-07
9.414707e+02 9.003209e-02 7.806430e-07
9.417209e+02 9.003161e-02 7.690043e-07
9.419710e+02 9.003114e-02 7.575421e-07
9.422211e+02 9.003068e-02 7.462538e-07
9.424712e+02 9.003022e-02 7.351367e-07
9.427214e+02 9.002977e-02 7.241881e-07
9.429715e+02 9.002933e-02 7.134055e-07
9.432216e+02 9.002889e-02 7.027863e-07
9.434717e+02 9.002846e-02 6.923279e-07
9.437219e+02 9.002804e-02 6.820279e-07
9.439720e+02 9.002762e-02 6.718839e-07
9.442221e+02 9.002721e-02 6.618934e-07
9.444722e+02 9.002681e-02 6.520542e-07
9.447224e+02 9.002641e-02 6.423637e-07
9.449725e+02 9.002602e-02 6.328198e-07
9.452226e+02 9.002563e-02 6.234202e-07
9.454727e+02 9.002525e-02 6.141627e-07
9.457229e+02 9.002487e-02 6.050452e-07
9.459730e+02 9.002450e-02 5.960653e-07
9.462231e+02 9.002414e-02 5.872211e-07
9.464732e+02 9.002378e-02 5.785104e-07
9.467234e+02 9.002343e-02 5.699312e-07
9.469735e+02 9.002308e-02 5.614815e-07
9.472236e+02 9.002274e-02 5.531593e-07
9.474737e+02 9.002240e-02 5.449626e-07
9.477239e+02 9.002207e-02 5.368895e-07
9.479740e+02 9.002175e-02 5.289381e-07
9.482241e+02 9.002142e-02 5.211066e-07
9.484742e+02 9.002111e-02 5.133930e-07
9.487244e+02 9.002079e-02 5.057957e-07
9.489745e+02 9.002049e-02 4.983127e-07
9.492246e+02 9.002018e-02 4.909424e-07
9.494747e+02 9.001989e-02 4.836830e-07
9.497249e+02 9.001959e-02 4.765329e-07
9.499750e+02 9.001930e-02 4.694903e-07
9.502251e+02 9.001902e-02 4.625537e-07
9.504752e+02 9.001874e-02 4.557213e-07
9.507254e+02 9.001846e-02 4.489917e-07
9.509755e+02 9.001819e-02 4.423631e-07
9.512256e+02 9.001792e-02 4.358342e-07
9.514757e+02 9.001765e-02 4.294033e-07
9.517259e+02 9.001739e-02 4.230689e-07
9.519760e+02 9.001714e-02 4.168297e-07
9.522261e+02 9.001689e-02 4.106841e-07
9.524762e+02 9.001664e-02 4.046306e-07
9.527264e+02 9.001639e-02 3.986680e-07
9.529765e+02 9.001615e-02 3.927948e-07
9.532266e+02 9.001591e-02 3.870096e-07
9.534767e+02 9.001568e-02 3.813112e-07
9.537269e+02 9.001545e-02 3.756981e-07
9.539770e+02 9.001522e-02 3.701691e-07
9.542271e+02 9.001500e-02 3.647229e-07
9.544772e+02 9.001478e-02 3.593582e-07
9.547274e+02 9.001456e-02 3.540738e-07
9.549775e+02 9.001434e-02 3.488685e-07
9.552276e+02 9.001413e-02 3.437411e-07
9.554777e+02 9.001393e-02 3.386904e-07
9.557279e+02 9.001372e-02 3.337151e-07
9.559780e+02 9.001352e-02 3.288143e-07
9.562281e+02 9.001332e-02 3.239866e-07
9.564782e+02 9.001313e-02 3.192311e-07
9.567284e+02 9.001293e-02 3.145467e-07
9.569785e+02 9.001274e-02 3.099321e-07
9.572286e+02 9.001256e-02 3.053865e-07
9.574787e+02 9.001237e-02 3.009087e-07
9.577289e+02 9.001219e-02 2.964977e-07
9.579790e+02 9.001201e-02 2.921525e-07
9.582291e+02 9.001184e-02 2.878721e-07
9.584792e+02 9.001166e-02 2.836555e-07
9.587294e+02 9.001149e-02 2.795017e-07
9.589795e+02 9.001132e-02 2.754099e-07
9.592296e+02 9.001116e-02 2.713790e-07
9.594797e+02 9.001100e-02 2.674081e-07
9.597299e+02 9.001083e-02 2.634964e-07
9.599800e+02 9.001068e-02 2.596428e-07
9.602301e+02 9.001052e-02 2.558467e-07
9.604802e+02 9.001037e-02 2.521070e-07
9.607304e+02 9.001021e-02 2.484229e-07
9.609805e+02 9.001007e-02 2.447936e-07
9.612306e+02 9.000992e-02 2.412182e-07
9.614807e+02 9.000977e-02 2.376960e-07
9.617309e+02 9.000963e-02 2.342261e-07
9.619810e+02 9.000949e-02 2.308078e-07
9.622311e+02 9.000935e-02 2.274402e-07
9.624812e+02 9.000922e-02 2.241226e-07
9.627314e+02 9.000908e-02 2.208543e-07
9.629815e+02 9.000895e-02 2.176344e-07
9.632316e+02 9.000882e-02 2.144624e-07
9.634817e+02 9.000869e-02 2.113373e-07
9.637319e+02 9.000856e-02 2.082586e-07
9.639820e+02 9.000844e-02 2.052256e-07
9.642321e+02 9.000832e-02 2.022374e-07
9.644822e+02 9.000819e-02 1.992936e-07
9.647324e+02 9.000808e-02 1.963933e-07
9.649825e+02 9.000796e-02 1.935360e-07
9.652326e+02 9.000784e-02 1.907210e-07
9.654827e+02 9.000773e-02 1.879477e-07
9.657329e+02 9.000762e-02 1.852154e-07
9.659830e+02 9.000751e-02 1.825235e-07
9.662331e+02 9.000740e-02 1.798714e-07
9.664832e+02 9.000729e-02 1.772585e-07
9.667334e+02 9.000718e-02 1.746842e-07
9.669835e+02 9.000708e-02 1.721480e-07
9.672336e+02 9.000698e-02 1.696493e-07
9.674837e+02 9.000687e-02 1.671874e-07
9.677339e+02 9.000677e-02 1.647619e-07
9.679840e+02 9.000668e-02 1.623722e-07
9.682341e+02 9.000658e-02 1.600178e-07
9.684842e+02 9.000648e-02 1.576981e-07
9.687344e+02 9.000639e-02 1.554126e-07
9.689845e+02 9.000630e-02 1.531609e-07
9.692346e+02 9.000621e-02 1.509423e-07
9.694847e+02 9.000612e-02 1.487564e-07
9.697349e+02 9.000603e-02 1.466027e-07
9.699850e+02 9.000594e-02 1.444808e-07
9.702351e+02 9.000586e-02 1.423901e-07
9.704852e+02 9.000577e-02 1.403302e-07
9.707354e+02 9.000569e-02 1.383006e-07
9.709855e+02 9.000560e-02 1.363009e-07
9.712356e+02 9.000552e-02 1.343306e-07
9.714857e+02 9.000544e-02 1.323893e-07
9.717359e+02 9.000537e-02 1.304765e-07
9.719860e+02 9.000529e-02 1.285918e-07
9.722361e+02 9.000521e-02 1.267349e-07
9.724862e+02 9.000514e-02 1.249052e-07
9.727364e+02 9.000506e-02 1.231024e-07
9.729865e+02 9.000499e-02 1.213261e-07
9.732366e+02 9.000492e-02 1.195758e-07
9.734867e+02 9.000485e-02 1.178513e-07
9.737369e+02 9.000478e-02 1.161520e-07
9.739870e+02 9.000471e-02 1.144777e-07
9.742371e+02 9.000464e-02 1.128280e-07
9.744872e+02 9.000457e-02 1.112024e-07
9.747374e+02 9.000451e-02 1.096006e-07
9.749875e+02 9.000444e-02 1.080224e-07
9.752376e+02 9.000438e-02 1.064672e-07
9.754877e+02 9.000431e-02 1.049349e-07
9.757379e+02 9.000425e-02 1.034250e-07
9.759880e+02 9.000419e-02 1.019371e-07
9.762381e+02 9.000413e-02 1.004711e-07
9.764882e+02 9.000407e-02 9.902652e-08
9.767384e+02 9.000401e-02 9.760307e-08
9.769885e+02 9.000396e-02 9.620044e-08
9.772386e+02 9.000390e-02 9.481831e-08
9.774887e+02 9.000384e-02 9.345639e-08
9.777389e+02 9.000379e-02 9.211438e-08
9.779890e+02 9.000373e-02 9.079197e-08
9.782391e+02 9.000368e-02 8.948888e-08
9.784892e+02 9.000363e-02 8.820481e-08
9.787394e+02 9.000358e-02 8.693950e-08
9.789895e+02 9.000352e-02 8.569265e-08
9.792396e+02 9.000347e-02 8.446400e-08
9.794897e+02 9.000342e-02 8.325327e-08
9.797399e+02 9.000337e-02 8.206019e-08
9.799900e+02 9.000333e-02 8.088452e-08
9.802401e+02 9.000328e-02 7.972598e-08
9.804902e+02 9.000323e-02 7.858433e-08
9.807404e+02 9.000319e-02 7.745931e-08
9.809905e+02 9.000314e-02 7.635067e-08
9.812406e+02 9.000309e-02 7.525818e-08
9.814907e+02 9.000305e-02 7.418160e-08
9.817409e+02 9.000301e-02 7.312069e-08
9.819910e+02 9.000296e-02 7.207521e-08
9.822411e+02 9.000292e-02 7.104494e-08
9.824912e+02 9.000288e-02 7.002966e-08
9.827414e+02 9.000284e-02 6.902914e-08
9.829915e+02 9.000280e-02 6.804316e-08
9.832416e+02 9.000276e-02 6.707152e-08
9.834917e+02 9.000272e-02 6.611399e-08
9.837419e+02 9.000268e-02 6.517037e-08
9.839920e+02 9.000264e-02 6.424045e-08
9.842421e+02 9.000260e-02 6.332403e-08
9.844922e+02 9.000257e-02 6.242091e-08
9.847424e+02 9.000253e-02 6.153090e-08
9.849925e+02 9.000249e-02 6.065380e-08
9.852426e+02 9.000246e-02 5.978942e-08
9.854927e+02 9.000242e-02 5.893758e-08
9.857429e+02 9.000239e-02 5.809808e-08
9.859930e+02 9.000236e-02 5.727075e-08
9.862431e+02 9.000232e-02 5.645541e-08
9.864932e+02 9.000229e-02 5.565187e-08
9.867434e+02 9.000226e-02 5.485998e-08
9.869935e+02 9.000222e-02 5.407955e-08
9.872436e+02 9.000219e-02 5.331041e-08
9.874937e+02 9.000216e-02 5.255240e-08
9.877439e+02 9.000213e-02 5.180536e-08
9.879940e+02 9.000210e-02 5.106913e-08
9.882441e+02 9.000207e-02 5.034354e-08
9.884942e+02 9.000204e-02 4.962844e-08
9.887444e+02 9.000201e-02 4.892367e-08
9.889945e+02 9.000198e-02 4.822909e-08
9.892446e+02 9.000196e-02 4.754454e-08
9.894947e+02 9.000193e-02 4.686988e-08
9.897449e+02 9.000190e-02 4.620496e-08
9.899950e+02 9.000187e-02 4.554963e-08
9.902451e+02 9.000185e-02 4.490376e-08
9.904952e+02 9.000182e-02 4.426721e-08
9.907454e+02 9.000179e-02 4.363984e-08
9.909955e+02 9.000177e-02 4.302152e-08
9.912456e+02 9.000174e-02 4.241211e-08
9.914957e+02 9.000172e-02 4.181148e-08
9.917459e+02 9.000170e-02 4.121951e-08
9.919960e+02 9.000167e-02 4.063607e-08
9.922461e+02 9.000165e-02 4.006103e-08
9.924962e+02 9.000162e-02 3.949426e-08
9.927464e+02 9.000160e-02 3.893566e-08
9.929965e+02 9.000158e-02 3.838509e-08
9.932466e+02 9.000156e-02 3.784245e-08
9.934967e+02 9.000153e-02 3.730761e-08
9.937469e+02 9.000151e-02 3.678046e-08
9.939970e+02 9.000149e-02 3.626089e-08
9.942471e+02 9.000147e-02 3.574879e-08
9.944972e+02 9.000145e-02 3.524405e-08
9.947474e+02 9.000143e-02 3.474655e-08
9.949975e+02 9.000141e-02 3.425621e-08
9.952476e+02 9.000139e-02 3.377290e-08
9.954977e+02 9.000137e-02 3.329653e-08
9.957479e+02 9.000135e-02 3.282700e-08
9.959980e+02 9.000133e-02 3.236420e-08
9.962481e+02 9.000131e-02 3.190804e-08
9.964982e+02 9.000129e-02 3.145842e-08
9.967484e+02 9.000128e-02 3.101525e-08
9.969985e+02 9.000126e-02 3.057844e-08
9.972486e+02 9.000124e-02 3.014788e-08
9.974987e+02 9.000122e-02 2.972349e-08
9.977489e+02 9.000121e-02 2.930517e-08
9.979990e+02 9.000119e-02 2.889285e-08
9.982491e+02 9.000117e-02 2.848643e-08
9.984992e+02 9.000115e-02 2.808583e-08
9.987494e+02 9.000114e-02 2.769096e-08
9.989995e+02 9.000112e-02 2.730174e-08
9.992496e+02 9.000111e-02 2.691808e-08
9.994997e+02 9.000109e-02 2.653991e-08
9.997499e+02 9.000108e-02 2.616714e-08
1.000000e+03 9.000106e-02 2.579971e-08
