# Models: Van-Genuchten(2) Mualem_liq(3) Pow(4)
# Names: p_c(1) s_l(2) k_rl(3) tau_l(4)
1.000000e+02 1.000000e+00 1.000000e+00 1.000000e+00
1.016249e+02 1.000000e+00 1.000000e+00 1.000000e+00
1.032761e+02 1.000000e+00 1.000000e+00 1.000000e+00
1.049542e+02 1.000000e+00 1.000000e+00 1.000000e+00
1.066596e+02 1.000000e+00 1.000000e+00 1.000000e+00
1.083927e+02 1.000000e+00 1.000000e+00 1.000000e+00
1.101539e+02 1.000000e+00 1.000000e+00 1.000000e+00
1.119438e+02 1.000000e+00 1.000000e+00 1.000000e+00
1.137627e+02 1.000000e+00 1.000000e+00 1.000000e+00
1.156112e+02 1.000000e+00 1.000000e+00 1.000000e+00
1.174898e+02 1.000000e+00 1.000000e+00 1.000000e+00
1.193988e+02 1.000000e+00 1.000000e+00 1.000000e+00
1.213389e+02 1.000000e+00 1.000000e+00 1.000000e+00
1.233105e+02 1.000000e+00 1.000000e+00 1.000000e+00
1.253141e+02 1.000000e+00 1.000000e+00 1.000000e+00
1.273503e+02 1.000000e+00 1.000000e+00 1.000000e+00
1.294196e+02 1.000000e+00 1.000000e+00 1.000000e+00
1.315225e+02 1.000000e+00 1.000000e+00 1.000000e+00
1.336596e+02 1.000000e+00 1.000000e+00 1.000000e+00
1.358313e+02 1.000000e+00 1.000000e+00 1.000000e+00
1.380384e+02 1.000000e+00 1.000000e+00 1.000000e+00
1.402814e+02 1.000000e+00 1.000000e+00 1.000000e+00
1.425608e+02 1.000000e+00 1.000000e+00 1.000000e+00
1.448772e+02 1.000000e+00 1.000000e+00 1.000000e+00
1.472313e+02 1.000000e+00 1.000000e+00 1.000000e+00
1.496236e+02 1.000000e+00 1.000000e+00 1.000000e+00
1.520548e+02 1.000000e+00 1.000000e+00 1.000000e+00
1.545254e+02 1.000000e+00 1.000000e+00 1.000000e+00
1.570363e+02 1.000000e+00 1.000000e+00 1.000000e+00
1.595879e+02 1.000000e+00 1.000000e+00 1.000000e+00
1.621810e+02 1.000000e+00 1.000000e+00 1.000000e+00
1.648162e+02 1.000000e+00 1.000000e+00 1.000000e+00
1.674943e+02 1.000000e+00 1.000000e+00 1.000000e+00
1.702159e+02 1.000000e+00 1.000000e+00 1.000000e+00
1.729816e+02 1.000000e+00 1.000000e+00 1.000000e+00
1.757924e+02 1.000000e+00 1.000000e+00 1.000000e+00
1.786488e+02 1.000000e+00 1.000000e+00 1.000000e+00
1.815516e+02 1.000000e+00 1.000000e+00 1.000000e+00
1.845015e+02 1.000000e+00 1.000000e+00 1.000000e+00
1.874995e+02 1.000000e+00 1.000000e+00 1.000000e+00
1.905461e+02 1.000000e+00 1.000000e+00 1.000000e+00
1.936422e+02 1.000000e+00 1.000000e+00 1.000000e+00
1.967886e+02 1.000000e+00 1.000000e+00 1.000000e+00
1.999862e+02 1.000000e+00 1.000000e+00 1.000000e+00
2.032357e+02 1.000000e+00 1.000000e+00 1.000000e+00
2.065380e+02 1.000000e+00 1.000000e+00 1.000000e+00
2.098940e+02 1.000000e+00 1.000000e+00 1.000000e+00
2.133045e+02 1.000000e+00 1.000000e+00 1.000000e+00
2.167704e+02 1.000000e+00 1.000000e+00 1.000000e+00
2.202926e+02 1.000000e+00 1.000000e+00 1.000000e+00
2.238721e+02 1.000000e+00 1.000000e+00 1.000000e+00
2.275097e+02 1.000000e+00 1.000000e+00 1.000000e+00
2.312065e+02 1.000000e+00 1.000000e+00 1.000000e+00
2.349633e+02 1.000000e+00 1.000000e+00 1.000000e+00
2.387811e+02 1.000000e+00 1.000000e+00 1.000000e+00
2.426610e+02 1.000000e+00 1.000000e+00 1.000000e+00
2.466039e+02 1.000000e+00 1.000000e+00 1.000000e+00
2.506109e+02 1.000000e+00 1.000000e+00 1.000000e+00
2.546830e+02 1.000000e+00 1.000000e+00 1.000000e+00
2.588213e+02 1.000000e+00 1.000000e+00 1.000000e+00
2.630268e+02 1.000000e+00 1.000000e+00 1.000000e+00
2.673006e+02 1.000000e+00 1.000000e+00 1.000000e+00
2.716439e+02 1.000000e+00 1.000000e+00 1.000000e+00
2.760578e+02 1.000000e+00 1.000000e+00 1.000000e+00
2.805434e+02 1.000000e+00 1.000000e+00 1.000000e+00
2.851018e+02 1.000000e+00 1.000000e+00 1.000000e+00
2.897344e+02 1.000000e+00 1.000000e+00 1.000000e+00
2.944422e+02 1.000000e+00 1.000000e+00 1.000000e+00
2.992265e+02 1.000000e+00 1.000000e+00 1.000000e+00
3.040885e+02 1.000000e+00 1.000000e+00 1.000000e+00
3.090295e+02 1.000000e+00 1.000000e+00 1.000000e+00
3.140509e+02 1.000000e+00 1.000000e+00 1.000000e+00
3.191538e+02 1.000000e+00 1.000000e+00 1.000000e+00
3.243396e+02 1.000000e+00 1.000000e+00 1.000000e+00
3.296097e+02 1.000000e+00 1.000000e+00 1.000000e+00
3.349654e+02 1.000000e+00 1.000000e+00 1.000000e+00
3.404082e+02 1.000000e+00 1.000000e+00 1.000000e+00
3.459394e+02 1.000000e+00 1.000000e+00 1.000000e+00
3.515604e+02 1.000000e+00 1.000000e+00 1.000000e+00
3.572728e+02 1.000000e+00 1.000000e+00 1.000000e+00
3.630781e+02 1.000000e+00 1.000000e+00 1.000000e+00
3.689776e+02 1.000000e+00 1.000000e+00 1.000000e+00
3.749730e+02 1.000000e+00 1.000000e+00 1.000000e+00
3.810658e+02 1.000000e+00 1.000000e+00 1.000000e+00
3.872576e+02 1.000000e+00 1.000000e+00 1.000000e+00
3.935501e+02 1.000000e+00 1.000000e+00 1.000000e+00
3.999447e+02 1.000000e+00 1.000000e+00 1.000000e+00
4.064433e+02 1.000000e+00 1.000000e+00 1.000000e+00
4.130475e+02 1.000000e+00 1.000000e+00 1.000000e+00
4.197590e+02 1.000000e+00 1.000000e+00 1.000000e+00
4.265795e+02 1.000000e+00 1.000000e+00 1.000000e+00
4.335109e+02 1.000000e+00 1.000000e+00 1.000000e+00
4.405549e+02 1.000000e+00 1.000000e+00 1.000000e+00
4.477133e+02 1.000000e+00 1.000000e+00 1.000000e+00
4.549881e+02 1.000000e+00 1.000000e+00 1.000000e+00
4.623810e+02 1.000000e+00 1.000000e+00 1.000000e+00
4.698941e+02 1.000000e+00 1.000000e+00 1.000000e+00
4.775293e+02 1.000000e+00 1.000000e+00 1.000000e+00
4.852885e+02 1.000000e+00 1.000000e+00 1.000000e+00
4.931738e+02 1.000000e+00 1.000000e+00 1.000000e+00
5.011872e+02 1.000000e+00 1.000000e+00 1.000000e+00
5.093309e+02 1.000000e+00 1.000000e+00 1.000000e+00
5.176068e+02 1.000000e+00 1.000000e+00 1.000000e+00
5.260173e+02 1.000000e+00 1.000000e+00 1.000000e+00
5.345644e+02 1.000000e+00 1.000000e+00 1.000000e+00
5.432503e+02 1.000000e+00 1.000000e+00 1.000000e+00
5.520774e+02 1.000000e+00 1.000000e+00 1.000000e+00
5.610480e+02 1.000000e+00 1.000000e+00 1.000000e+00
5.701643e+02 1.000000e+00 1.000000e+00 1.000000e+00
5.794287e+02 1.000000e+00 1.000000e+00 1.000000e+00
5.888437e+02 1.000000e+00 1.000000e+00 1.000000e+00
5.984116e+02 1.000000e+00 1.000000e+00 1.000000e+00
6.081350e+02 1.000000e+00 1.000000e+00 1.000000e+00
6.180164e+02 1.000000e+00 1.000000e+00 1.000000e+00
6.280584e+02 1.000000e+00 1.000000e+00 1.000000e+00
6.382635e+02 1.000000e+00 1.000000e+00 1.000000e+00
6.486344e+02 1.000000e+00 1.000000e+00 1.000000e+00
6.591739e+02 1.000000e+00 1.000000e+00 1.000000e+00
6.698846e+02 1.000000e+00 1.000000e+00 1.000000e+00
6.807694e+02 1.000000e+00 1.000000e+00 1.000000e+00
6.918310e+02 9.999999e-01 9.999978e-01 1.000000e+00
7.030723e+02 9.999999e-01 9.999978e-01 1.000000e+00
7.144963e+02 9.999999e-01 9.999978e-01 1.000000e+00
7.261060e+02 9.999999e-01 9.999978e-01 1.000000e+00
7.379042e+02 9.999999e-01 9.999978e-01 1.000000e+00
7.498942e+02 9.999999e-01 9.999978e-01 1.000000e+00
7.620790e+02 9.999999e-01 9.999978e-01 1.000000e+00
7.744618e+02 9.999999e-01 9.999978e-01 1.000000e+00
7.870458e+02 9.999999e-01 9.999978e-01 1.000000e+00
7.998343e+02 9.999998e-01 9.999960e-01 9.999999e-01
8.128305e+02 9.999998e-01 9.999960e-01 9.999999e-01
8.260379e+02 9.999998e-01 9.999960e-01 9.999999e-01
8.394600e+02 9.999998e-01 9.999960e-01 9.999999e-01
8.531001e+02 9.999998e-01 9.999960e-01 9.999999e-01
8.669619e+02 9.999997e-01 9.999944e-01 9.999999e-01
8.810489e+02 9.999997e-01 9.999944e-01 9.999999e-01
8.953648e+02 9.999997e-01 9.999944e-01 9.999999e-01
9.099133e+02 9.999996e-01 9.999928e-01 9.999998e-01
9.246982e+02 9.999996e-01 9.999928e-01 9.999998e-01
9.397233e+02 9.999995e-01 9.999912e-01 9.999998e-01
9.549926e+02 9.999995e-01 9.999912e-01 9.999998e-01
9.705100e+02 9.999994e-01 9.999897e-01 9.999997e-01
9.862795e+02 9.999993e-01 9.999883e-01 9.999997e-01
1.002305e+03 9.999992e-01 9.999868e-01 9.999996e-01
1.018591e+03 9.999991e-01 9.999854e-01 9.999996e-01
1.035142e+03 9.999990e-01 9.999840e-01 9.999995e-01
1.051962e+03 9.999989e-01 9.999826e-01 9.999995e-01
1.069055e+03 9.999988e-01 9.999813e-01 9.999995e-01
1.086426e+03 9.999986e-01 9.999786e-01 9.999994e-01
1.104079e+03 9.999985e-01 9.999773e-01 9.999993e-01
1.122018e+03 9.999983e-01 9.999747e-01 9.999992e-01
1.140250e+03 9.999981e-01 9.999721e-01 9.999991e-01
1.158777e+03 9.999978e-01 9.999683e-01 9.999990e-01
1.177606e+03 9.999976e-01 9.999659e-01 9.999989e-01
1.196741e+03 9.999973e-01 9.999622e-01 9.999988e-01
1.216186e+03 9.999969e-01 9.999574e-01 9.999986e-01
1.235947e+03 9.999965e-01 9.999527e-01 9.999984e-01
1.256030e+03 9.999961e-01 9.999480e-01 9.999982e-01
1.276439e+03 9.999956e-01 9.999423e-01 9.999980e-01
1.297179e+03 9.999951e-01 9.999367e-01 9.999978e-01
1.318257e+03 9.999945e-01 9.999300e-01 9.999975e-01
1.339677e+03 9.999938e-01 9.999223e-01 9.999972e-01
1.361445e+03 9.999930e-01 9.999137e-01 9.999968e-01
1.383566e+03 9.999922e-01 9.999052e-01 9.999965e-01
1.406048e+03 9.999912e-01 9.998948e-01 9.999960e-01
1.428894e+03 9.999902e-01 9.998845e-01 9.999956e-01
1.452112e+03 9.999889e-01 9.998713e-01 9.999950e-01
1.475707e+03 9.999876e-01 9.998583e-01 9.999944e-01
1.499685e+03 9.999861e-01 9.998436e-01 9.999937e-01
1.524053e+03 9.999843e-01 9.998262e-01 9.999929e-01
1.548817e+03 9.999824e-01 9.998081e-01 9.999921e-01
1.573983e+03 9.999802e-01 9.997874e-01 9.999911e-01
1.599558e+03 9.999778e-01 9.997652e-01 9.999900e-01
1.625549e+03 9.999751e-01 9.997406e-01 9.999888e-01
1.651962e+03 9.999720e-01 9.997128e-01 9.999874e-01
1.678804e+03 9.999686e-01 9.996828e-01 9.999859e-01
1.706082e+03 9.999647e-01 9.996489e-01 9.999841e-01
1.733804e+03 9.999604e-01 9.996120e-01 9.999822e-01
1.761976e+03 9.999555e-01 9.995707e-01 9.999800e-01
1.790606e+03 9.999500e-01 9.995250e-01 9.999775e-01
1.819701e+03 9.999439e-01 9.994751e-01 9.999748e-01
1.849269e+03 9.999370e-01 9.994194e-01 9.999716e-01
1.879317e+03 9.999292e-01 9.993575e-01 9.999681e-01
1.909853e+03 9.999205e-01 9.992894e-01 9.999642e-01
1.940886e+03 9.999107e-01 9.992139e-01 9.999598e-01
1.972423e+03 9.998997e-01 9.991304e-01 9.999549e-01
2.004472e+03 9.998874e-01 9.990385e-01 9.999493e-01
2.037042e+03 9.998735e-01 9.989361e-01 9.999431e-01
2.070141e+03 9.998580e-01 9.988237e-01 9.999361e-01
2.103778e+03 9.998405e-01 9.986986e-01 9.999282e-01
2.137962e+03 9.998209e-01 9.985607e-01 9.999194e-01
2.172701e+03 9.997988e-01 9.984075e-01 9.999095e-01
2.208005e+03 9.997741e-01 9.982388e-01 9.998983e-01
2.243882e+03 9.997463e-01 9.980517e-01 9.998858e-01
2.280342e+03 9.997151e-01 9.978449e-01 9.998718e-01
2.317395e+03 9.996800e-01 9.976158e-01 9.998560e-01
2.355049e+03 9.996407e-01 9.973630e-01 9.998383e-01
2.393316e+03 9.995965e-01 9.970830e-01 9.998184e-01
2.432204e+03 9.995468e-01 9.967728e-01 9.997960e-01
2.471724e+03 9.994911e-01 9.964303e-01 9.997710e-01
2.511886e+03 9.994285e-01 9.960512e-01 9.997428e-01
2.552701e+03 9.993582e-01 9.956317e-01 9.997111e-01
2.594179e+03 9.992793e-01 9.951680e-01 9.996756e-01
2.636331e+03 9.991907e-01 9.946550e-01 9.996357e-01
2.679168e+03 9.990913e-01 9.940880e-01 9.995910e-01
2.722701e+03 9.989796e-01 9.934604e-01 9.995407e-01
2.766942e+03 9.988541e-01 9.927659e-01 9.994842e-01
2.811901e+03 9.987133e-01 9.919983e-01 9.994208e-01
2.857591e+03 9.985552e-01 9.911493e-01 9.993496e-01
2.904023e+03 9.983778e-01 9.902110e-01 9.992697e-01
2.951209e+03 9.981786e-01 9.891732e-01 9.991800e-01
2.999163e+03 9.979549e-01 9.880254e-01 9.990792e-01
3.047895e+03 9.977039e-01 9.867570e-01 9.989661e-01
3.097419e+03 9.974221e-01 9.853545e-01 9.988391e-01
3.147748e+03 9.971059e-01 9.838049e-01 9.986966e-01
3.198895e+03 9.967510e-01 9.820923e-01 9.985366e-01
3.250873e+03 9.963528e-01 9.802003e-01 9.983571e-01
3.303695e+03 9.959060e-01 9.781103e-01 9.981556e-01
3.357376e+03 9.954047e-01 9.758018e-01 9.979295e-01
3.411929e+03 9.948424e-01 9.732532e-01 9.976758e-01
3.467369e+03 9.942118e-01 9.704402e-01 9.973912e-01
3.523709e+03 9.935045e-01 9.673355e-01 9.970718e-01
3.580964e+03 9.927115e-01 9.639108e-01 9.967136e-01
3.639150e+03 9.918226e-01 9.601347e-01 9.963119e-01
3.698282e+03 9.908263e-01 9.559722e-01 9.958614e-01
3.758374e+03 9.897100e-01 9.513866e-01 9.953563e-01
3.819443e+03 9.884595e-01 9.463372e-01 9.947902e-01
3.881504e+03 9.870593e-01 9.407812e-01 9.941558e-01
3.944573e+03 9.854919e-01 9.346714e-01 9.934451e-01
4.008667e+03 9.837380e-01 9.279575e-01 9.926491e-01
4.073803e+03 9.817763e-01 9.205864e-01 9.917578e-01
4.139997e+03 9.795832e-01 9.125009e-01 9.907603e-01
4.207266e+03 9.771329e-01 9.036417e-01 9.896443e-01
4.275629e+03 9.743968e-01 8.939458e-01 9.883963e-01
4.345102e+03 9.713437e-01 8.833480e-01 9.870015e-01
4.415704e+03 9.679395e-01 8.717814e-01 9.854434e-01
4.487454e+03 9.641469e-01 8.591771e-01 9.837040e-01
4.560369e+03 9.599257e-01 8.454669e-01 9.817636e-01
4.634469e+03 9.552325e-01 8.305835e-01 9.796007e-01
4.709773e+03 9.500205e-01 8.144615e-01 9.771919e-01
4.786301e+03 9.442399e-01 7.970403e-01 9.745117e-01
4.864072e+03 9.378380e-01 7.782656e-01 9.715329e-01
4.943107e+03 9.307591e-01 7.580915e-01 9.682261e-01
5.023426e+03 9.229455e-01 7.364843e-01 9.645600e-01
5.105050e+03 9.143376e-01 7.134244e-01 9.605013e-01
5.188000e+03 9.048749e-01 6.889105e-01 9.560153e-01
5.272299e+03 8.944966e-01 6.629616e-01 9.510655e-01
5.357967e+03 8.831435e-01 6.356224e-01 9.456144e-01
5.445027e+03 8.707587e-01 6.069645e-01 9.396238e-01
5.533501e+03 8.572895e-01 5.770895e-01 9.330553e-01
5.623413e+03 8.426890e-01 5.461308e-01 9.258706e-01
5.714786e+03 8.269188e-01 5.142552e-01 9.180330e-01
5.807644e+03 8.099504e-01 4.816616e-01 9.095075e-01
5.902011e+03 7.917678e-01 4.485792e-01 9.002622e-01
5.997911e+03 7.723698e-01 4.152643e-01 8.902693e-01
6.095369e+03 7.517717e-01 3.819945e-01 8.795058e-01
6.194411e+03 7.300069e-01 3.490607e-01 8.679549e-01
6.295062e+03 7.071288e-01 3.167601e-01 8.556070e-01
6.397348e+03 6.832108e-01 2.853848e-01 8.424607e-01
6.501297e+03 6.583463e-01 2.552117e-01 8.285228e-01
6.606934e+03 6.326489e-01 2.264938e-01 8.138104e-01
6.714289e+03 6.062489e-01 1.994484e-01 7.983493e-01
6.823387e+03 5.792934e-01 1.742525e-01 7.821758e-01
6.934258e+03 5.519407e-01 1.510347e-01 7.653350e-01
7.046931e+03 5.243578e-01 1.298737e-01 7.478810e-01
7.161434e+03 4.967165e-01 1.107983e-01 7.298756e-01
7.277798e+03 4.691879e-01 9.378938e-02 7.113872e-01
7.396053e+03 4.419392e-01 7.878541e-02 6.924894e-01
7.516229e+03 4.151296e-01 6.568901e-02 6.732598e-01
7.638358e+03 3.889059e-01 5.437430e-02 6.537776e-01
7.762471e+03 3.634006e-01 4.469555e-02 6.341230e-01
7.888601e+03 3.387289e-01 3.649487e-02 6.143750e-01
8.016781e+03 3.149878e-01 2.960968e-02 5.946100e-01
8.147043e+03 2.922558e-01 2.387904e-02 5.749015e-01
8.279422e+03 2.705918e-01 1.914830e-02 5.553178e-01
8.413951e+03 2.500372e-01 1.527314e-02 5.359226e-01
8.550667e+03 2.306156e-01 1.212166e-02 5.167731e-01
8.689604e+03 2.123356e-01 9.576011e-03 4.979208e-01
8.830799e+03 1.951917e-01 7.532560e-03 4.794106e-01
8.974288e+03 1.791670e-01 5.901760e-03 4.612816e-01
9.120108e+03 1.642341e-01 4.607207e-03 4.435663e-01
9.268298e+03 1.503579e-01 3.584619e-03 4.262916e-01
9.418896e+03 1.374968e-01 2.780486e-03 4.094790e-01
9.571941e+03 1.256048e-01 2.150745e-03 3.931450e-01
9.727472e+03 1.146325e-01 1.659420e-03 3.773015e-01
9.885531e+03 1.045285e-01 1.277390e-03 3.619559e-01
1.004616e+04 9.524050e-02 9.812581e-04 3.471121e-01
1.020939e+04 8.671691e-02 7.523675e-04 3.327719e-01
1.037528e+04 7.890539e-02 5.758795e-04 3.189319e-01
1.054387e+04 7.175599e-02 4.401114e-04 3.055879e-01
1.071519e+04 6.522086e-02 3.358916e-04 2.927345e-01
1.088930e+04 5.925304e-02 2.560300e-04 2.803624e-01
1.106624e+04 5.380867e-02 1.949379e-04 2.684624e-01
1.124605e+04 4.884628e-02 1.482754e-04 2.570243e-01
1.142878e+04 4.432659e-02 1.126813e-04 2.460362e-01
1.161449e+04 4.021268e-02 8.556123e-05 2.354851e-01
1.180321e+04 3.647083e-02 6.492220e-05 2.253593e-01
1.199499e+04 3.306924e-02 4.923030e-05 2.156457e-01
1.218990e+04 2.997819e-02 3.730885e-05 2.063300e-01
1.238797e+04 2.717089e-02 2.825994e-05 1.973998e-01
1.258925e+04 2.462229e-02 2.139608e-05 1.888417e-01
1.279381e+04 2.230919e-02 1.619245e-05 1.806416e-01
1.300170e+04 2.021053e-02 1.224974e-05 1.727866e-01
1.321296e+04 1.830709e-02 9.264083e-06 1.652642e-01
1.342765e+04 1.658112e-02 7.004107e-06 1.580616e-01
1.364583e+04 1.501637e-02 5.294041e-06 1.511660e-01
1.386756e+04 1.359807e-02 4.000539e-06 1.445655e-01
1.409289e+04 1.231277e-02 3.022454e-06 1.382484e-01
1.432188e+04 1.114819e-02 2.283082e-06 1.322032e-01
1.455459e+04 1.009313e-02 1.724293e-06 1.264188e-01
1.479108e+04 9.137421e-03 1.302079e-06 1.208845e-01
1.503142e+04 8.271770e-03 9.831111e-07 1.155897e-01
1.527566e+04 7.487814e-03 7.421974e-07 1.105248e-01
1.552387e+04 6.777887e-03 5.602606e-07 1.056799e-01
1.577611e+04 6.135061e-03 4.228844e-07 1.010459e-01
1.603245e+04 5.553026e-03 3.191660e-07 9.661362e-02
1.629296e+04 5.026059e-03 2.408669e-07 9.237457e-02
1.655770e+04 4.548992e-03 1.817649e-07 8.832056e-02
1.682674e+04 4.117119e-03 1.371571e-07 8.444366e-02
1.710015e+04 3.726176e-03 1.034915e-07 8.073624e-02
1.737801e+04 3.372287e-03 7.808494e-08 7.719089e-02
1.766038e+04 3.051966e-03 5.891340e-08 7.380076e-02
1.794734e+04 2.762031e-03 4.444716e-08 7.055907e-02
1.823896e+04 2.499611e-03 3.353211e-08 6.745942e-02
1.853532e+04 2.262098e-03 2.529674e-08 6.449561e-02
1.883649e+04 2.047136e-03 1.908352e-08 6.166177e-02
1.914256e+04 1.852582e-03 1.439595e-08 5.895218e-02
1.945360e+04 1.676506e-03 1.085961e-08 5.636147e-02
1.976970e+04 1.517152e-03 8.191771e-09 5.388441e-02
2.009093e+04 1.372939e-03 6.179264e-09 5.151611e-02
2.041738e+04 1.242427e-03 4.661107e-09 4.925178e-02
2.074914e+04 1.124314e-03 3.515876e-09 4.708683e-02
2.108628e+04 1.017428e-03 2.652018e-09 4.501701e-02
2.142891e+04 9.206970e-04 2.000373e-09 4.303804e-02
2.177710e+04 8.331614e-04 1.508843e-09 4.114605e-02
2.213095e+04 7.539455e-04 1.138080e-09 3.933716e-02
2.249055e+04 6.822594e-04 8.584170e-10 3.760774e-02
2.285599e+04 6.173883e-04 6.474734e-10 3.595434e-02
2.322737e+04 5.586838e-04 4.883626e-10 3.437358e-02
2.360478e+04 5.055608e-04 3.683511e-10 3.286231e-02
2.398833e+04 4.574874e-04 2.778287e-10 3.141743e-02
2.437811e+04 4.139849e-04 2.095518e-10 3.003606e-02
2.477422e+04 3.746188e-04 1.580538e-10 2.871543e-02
2.517677e+04 3.389953e-04 1.192109e-10 2.745283e-02
2.558586e+04 3.067591e-04 8.991370e-11 2.624574e-02
2.600160e+04 2.775879e-04 6.781629e-11 2.509171e-02
2.642409e+04 2.511909e-04 5.114969e-11 2.398843e-02
2.685344e+04 2.273041e-04 3.857910e-11 2.293365e-02
2.728978e+04 2.056880e-04 2.909755e-11 2.192522e-02
2.773320e+04 1.861279e-04 2.194640e-11 2.096115e-02
2.818383e+04 1.684276e-04 1.655267e-11 2.003946e-02
2.864178e+04 1.524105e-04 1.248453e-11 1.915829e-02
2.910717e+04 1.379166e-04 9.416223e-12 1.831587e-02
2.958012e+04 1.248010e-04 7.102002e-12 1.751048e-02
3.006076e+04 1.129326e-04 5.356538e-12 1.674051e-02
3.054921e+04 1.021928e-04 4.040050e-12 1.600439e-02
3.104560e+04 9.247422e-05 3.047107e-12 1.530063e-02
3.155005e+04 8.367998e-05 2.298212e-12 1.462782e-02
3.206269e+04 7.572214e-05 1.733379e-12 1.398461e-02
3.258367e+04 6.852094e-05 1.307359e-12 1.336966e-02
3.311311e+04 6.200462e-05 9.860450e-13 1.278176e-02
3.365116e+04 5.610792e-05 7.436986e-13 1.221971e-02
3.419794e+04 5.077211e-05 5.609186e-13 1.168238e-02
3.475362e+04 4.594360e-05 4.230573e-13 1.116866e-02
3.531832e+04 4.157435e-05 3.190806e-13 1.067755e-02
3.589219e+04 3.762065e-05 2.406593e-13 1.020803e-02
3.647539e+04 3.404291e-05 1.815113e-13 9.759150e-03
3.706807e+04 3.080539e-05 1.369001e-13 9.330008e-03
3.767038e+04 2.787577e-05 1.032534e-13 8.919738e-03
3.828247e+04 2.522478e-05 7.787636e-14 8.527512e-03
3.890451e+04 2.282588e-05 5.873622e-14 8.152530e-03
3.953666e+04 2.065511e-05 4.430022e-14 7.794036e-03
4.017908e+04 1.869079e-05 3.341230e-14 7.451307e-03
4.083194e+04 1.691327e-05 2.520032e-14 7.123647e-03
4.149540e+04 1.530481e-05 1.900672e-14 6.810399e-03
4.216965e+04 1.384930e-05 1.433530e-14 6.510922e-03
4.285485e+04 1.253222e-05 1.081203e-14 6.224617e-03
4.355119e+04 1.134039e-05 8.154684e-15 5.950899e-03
4.425884e+04 1.026191e-05 6.150462e-15 5.689220e-03
4.497799e+04 9.285985e-06 4.638816e-15 5.439044e-03
4.570882e+04 8.402881e-06 3.498708e-15 5.199873e-03
4.645153e+04 7.603756e-06 2.638807e-15 4.971217e-03
4.720630e+04 6.880637e-06 1.990256e-15 4.752618e-03
4.797334e+04 6.226281e-06 1.501098e-15 4.543630e-03
4.875285e+04 5.634150e-06 1.132161e-15 4.343830e-03
4.954502e+04 5.098336e-06 8.539027e-16 4.152817e-03
5.035006e+04 4.613479e-06 6.440338e-16 3.970204e-03
5.116818e+04 4.174733e-06 4.857459e-16 3.795622e-03
5.199960e+04 3.777710e-06 3.663607e-16 3.628715e-03
5.284453e+04 3.418443e-06 2.763173e-16 3.469147e-03
5.370318e+04 3.093347e-06 2.084054e-16 3.316598e-03
5.457579e+04 2.799165e-06 1.571841e-16 3.170756e-03
5.546257e+04 2.532962e-06 1.185520e-16 3.031328e-03
5.636377e+04 2.292073e-06 8.941458e-17 2.898029e-03
5.727960e+04 2.074096e-06 6.743875e-17 2.770595e-03
5.821032e+04 1.876847e-06 5.086389e-17 2.648762e-03
5.915616e+04 1.698356e-06 3.836270e-17 2.532287e-03
6.011737e+04 1.536841e-06 2.893408e-17 2.420934e-03
6.109420e+04 1.390685e-06 2.182274e-17 2.314477e-03
6.208690e+04 1.258429e-06 1.645921e-17 2.212702e-03
6.309573e+04 1.138751e-06 1.241393e-17 2.115402e-03
6.412096e+04 1.030454e-06 9.362866e-18 2.022381e-03
6.516284e+04 9.324568e-07 7.061698e-18 1.933450e-03
6.622165e+04 8.437791e-07 5.326099e-18 1.848430e-03
6.729767e+04 7.635343e-07 4.017063e-18 1.767148e-03
6.839116e+04 6.909219e-07 3.029771e-18 1.689441e-03
6.950243e+04 6.252142e-07 2.285122e-18 1.615150e-03
7.063176e+04 5.657552e-07 1.723490e-18 1.544126e-03
7.177943e+04 5.119514e-07 1.299898e-18 1.476226e-03
7.294575e+04 4.632643e-07 9.804138e-19 1.411312e-03
7.413102e+04 4.192074e-07 7.394516e-19 1.349252e-03
7.533556e+04 3.793400e-07 5.577106e-19 1.289920e-03
7.655966e+04 3.432644e-07 4.206387e-19 1.233198e-03
7.780366e+04 3.106194e-07 3.172552e-19 1.178970e-03
7.906786e+04 2.810793e-07 2.392817e-19 1.127127e-03
8.035261e+04 2.543483e-07 1.804718e-19 1.077564e-03
8.165824e+04 2.301594e-07 1.361160e-19 1.030180e-03
8.298508e+04 2.082709e-07 1.026618e-19 9.848790e-04
8.433348e+04 1.884641e-07 7.742993e-20 9.415706e-04
8.570378e+04 1.705410e-07 5.839953e-20 9.001667e-04
8.709636e+04 1.543223e-07 4.404626e-20 8.605833e-04
8.851156e+04 1.396461e-07 3.322074e-20 8.227407e-04
8.994976e+04 1.263656e-07 2.505587e-20 7.865620e-04
9.141132e+04 1.143481e-07 1.889774e-20 7.519744e-04
9.289664e+04 1.034734e-07 1.425309e-20 7.189074e-04
9.440609e+04 9.363295e-08 1.075001e-20 6.872946e-04
9.594006e+04 8.472837e-08 8.107920e-21 6.570720e-04
9.749896e+04 7.667060e-08 6.115184e-21 6.281784e-04
9.908319e+04 6.937914e-08 4.612216e-21 6.005553e-04
1.006932e+05 6.278095e-08 3.478618e-21 5.741463e-04
1.023293e+05 5.681052e-08 2.623670e-21 5.488996e-04
1.039920e+05 5.140782e-08 1.978839e-21 5.247629e-04
1.056818e+05 4.651870e-08 1.492471e-21 5.016865e-04
1.073989e+05 4.209493e-08 1.125673e-21 4.796268e-04
1.091440e+05 3.809164e-08 8.490080e-22 4.585359e-04
1.109175e+05 3.446897e-08 6.403360e-22 4.383719e-04
1.127197e+05 3.119104e-08 4.829613e-22 4.190959e-04
1.145513e+05 2.822466e-08 3.642580e-22 4.006664e-04
1.164126e+05 2.554047e-08 2.747322e-22 3.830478e-04
1.183042e+05 2.311148e-08 2.072080e-22 3.662035e-04
1.202264e+05 2.091365e-08 1.562832e-22 3.501011e-04
1.221800e+05 1.892466e-08 1.178711e-22 3.347053e-04
1.241652e+05 1.712496e-08 8.890200e-23 3.199877e-04
1.261828e+05 1.549629e-08 6.705117e-23 3.059162e-04
1.282331e+05 1.402258e-08 5.057161e-23 2.924641e-04
1.303167e+05 1.268903e-08 3.814242e-23 2.796036e-04
1.324342e+05 1.148227e-08 2.876778e-23 2.673083e-04
1.345860e+05 1.039033e-08 2.169756e-23 2.555543e-04
1.367729e+05 9.402178e-09 1.636471e-23 2.443165e-04
1.389953e+05 8.508012e-09 1.234262e-23 2.335730e-04
1.412538e+05 7.698887e-09 9.309085e-24 2.233020e-04
1.435489e+05 6.966740e-09 7.021204e-24 2.134830e-04
1.458814e+05 6.304190e-09 5.295543e-24 2.040954e-04
1.482518e+05 5.704649e-09 3.994018e-24 1.951206e-04
1.506607e+05 5.162130e-09 3.012377e-24 1.865405e-04
1.531087e+05 4.671212e-09 2.272018e-24 1.783378e-04
1.555966e+05 4.226960e-09 1.713592e-24 1.704954e-04
1.581248e+05 3.824977e-09 1.292437e-24 1.629983e-04
1.606941e+05 3.461220e-09 9.747891e-25 1.558307e-04
1.633052e+05 3.132050e-09 7.352058e-25 1.489783e-04
1.659587e+05 2.834188e-09 5.545103e-25 1.424272e-04
1.686553e+05 2.564654e-09 4.182244e-25 1.361642e-04
1.713957e+05 2.320755e-09 3.154361e-25 1.301767e-04
1.741807e+05 2.100045e-09 2.379075e-25 1.244523e-04
1.770109e+05 1.900329e-09 1.794363e-25 1.189797e-04
1.798871e+05 1.719605e-09 1.353345e-25 1.137478e-04
1.828100e+05 1.556070e-09 1.020730e-25 1.087460e-04
1.857804e+05 1.408087e-09 7.698583e-26 1.039641e-04
1.887991e+05 1.274176e-09 5.806454e-26 9.939241e-05
1.918669e+05 1.152998e-09 4.379335e-26 9.502171e-05
1.949845e+05 1.043346e-09 3.303012e-26 9.084327e-05
1.981527e+05 9.441236e-10 2.491216e-26 8.684863e-05
2.013724e+05 8.543368e-10 1.878924e-26 8.302963e-05
2.046445e+05 7.730869e-10 1.417118e-26 7.937847e-05
2.079697e+05 6.995655e-10 1.068830e-26 7.588794e-05
2.113489e+05 6.330366e-10 8.061399e-27 7.255093e-05
2.147830e+05 5.728348e-10 6.080148e-27 6.936066e-05
2.182730e+05 5.183567e-10 4.585716e-27 6.631059e-05
2.218196e+05 4.690610e-10 3.458680e-27 6.339474e-05
2.254239e+05 4.244525e-10 2.608656e-27 6.060704e-05
2.290868e+05 3.840859e-10 1.967478e-27 5.794190e-05
2.328091e+05 3.475595e-10 1.483935e-27 5.539405e-05
2.365920e+05 3.145057e-10 1.119218e-27 5.295815e-05
2.404363e+05 2.845959e-10 8.441206e-28 5.062941e-05
2.443431e+05 2.575303e-10 6.366579e-28 4.840305e-05
2.483133e+05 2.330392e-10 4.801866e-28 4.627464e-05
2.523481e+05 2.108767e-10 3.621698e-28 4.423977e-05
2.564484e+05 1.908222e-10 2.731524e-28 4.229441e-05
2.606154e+05 1.726746e-10 2.060246e-28 4.043457e-05
2.648500e+05 1.562532e-10 1.553867e-28 3.865654e-05
2.691535e+05 1.413932e-10 1.171929e-28 3.695667e-05
2.735269e+05 1.279465e-10 8.839173e-29 3.533156e-05
2.779713e+05 1.157788e-10 6.666628e-29 3.377793e-05
2.824880e+05 1.047680e-10 5.027897e-29 3.229259e-05
2.870781e+05 9.480438e-11 3.792301e-29 3.087257e-05
2.917427e+05 8.578845e-11 2.860138e-29 2.951501e-05
2.964831e+05 7.762992e-11 2.157265e-29 2.821715e-05
3.013006e+05 7.024717e-11 1.627130e-29 2.697634e-05
3.061963e+05 6.356663e-11 1.227242e-29 2.579011e-05
3.111716e+05 5.752135e-11 9.255101e-30 2.465603e-05
3.162278e+05 5.205093e-11 6.980751e-30 2.357180e-05
3.213661e+05 4.710082e-11 5.266095e-30 2.253527e-05
3.265878e+05 4.262153e-11 3.971254e-30 2.154433e-05
3.318945e+05 3.856812e-11 2.994948e-30 2.059695e-05
3.372873e+05 3.490028e-11 2.259151e-30 1.969124e-05
3.427678e+05 3.158121e-11 1.703425e-30 1.882535e-05
3.483373e+05 2.857781e-11 1.284970e-30 1.799753e-05
3.539973e+05 2.586004e-11 9.690855e-31 1.720613e-05
3.597493e+05 2.340071e-11 7.308348e-31 1.644951e-05
3.655948e+05 2.117526e-11 5.514258e-31 1.572617e-05
3.715352e+05 1.916148e-11 4.157899e-31 1.503464e-05
3.775722e+05 1.733919e-11 3.136403e-31 1.437351e-05
3.837072e+05 1.569022e-11 2.365239e-31 1.374147e-05
3.899420e+05 1.419805e-11 1.784214e-31 1.313720e-05
3.962780e+05 1.284781e-11 1.345321e-31 1.255952e-05
4.027170e+05 1.162597e-11 1.014932e-31 1.200724e-05
4.092607e+05 1.052031e-11 7.657851e-32 1.147923e-05
4.159106e+05 9.519823e-12 5.772399e-32 1.097446e-05
4.226686e+05 8.614477e-12 4.353596e-32 1.049187e-05
4.295364e+05 7.795231e-12 3.278194e-32 1.003051e-05
4.365158e+05 7.053895e-12 2.477841e-32 9.589436e-06
4.436086e+05 6.383062e-12 1.865593e-32 9.167757e-06
4.508167e+05 5.776022e-12 1.410370e-32 8.764618e-06
4.581419e+05 5.226714e-12 1.062360e-32 8.379207e-06
4.655861e+05 4.729648e-12 8.020649e-33 8.010746e-06
4.731513e+05 4.279850e-12 6.047734e-33 7.658485e-06
4.808393e+05 3.872836e-12 4.547899e-33 7.321720e-06
4.886524e+05 3.504520e-12 3.438027e-33 6.999755e-06
4.965923e+05 3.171239e-12 2.597478e-33 6.691955e-06
5.046613e+05 2.869649e-12 1.955139e-33 6.397686e-06
5.128614e+05 2.596742e-12 1.480336e-33 6.116359e-06
5.211947e+05 2.349789e-12 1.115700e-33 5.847403e-06
5.296634e+05 2.126322e-12 8.385761e-34 5.590274e-06
5.382698e+05 1.924105e-12 6.302855e-34 5.344449e-06
5.470160e+05 1.741120e-12 4.755838e-34 5.109435e-06
5.559043e+05 1.575537e-12 3.574555e-34 4.884756e-06
5.649370e+05 1.425702e-12 2.722154e-34 4.669958e-06
5.741165e+05 1.290116e-12 2.049772e-34 4.464604e-06
5.834451e+05 1.167425e-12 1.553397e-34 4.268281e-06
5.929253e+05 1.056401e-12 1.167555e-34 4.080590e-06
6.025596e+05 9.559359e-13 8.707083e-35 3.901153e-06
6.123504e+05 8.650253e-13 6.621586e-35 3.729606e-06
6.223003e+05 7.827603e-13 5.042579e-35 3.565603e-06
6.324119e+05 7.083186e-13 3.734541e-35 3.408811e-06
6.426877e+05 6.409570e-13 2.771958e-35 3.258915e-06
6.531306e+05 5.800009e-13 2.162805e-35 3.115609e-06
6.637431e+05 5.248422e-13 1.575192e-35 2.978605e-06
6.745280e+05 4.749293e-13 1.226598e-35 2.847627e-06
6.854882e+05 4.297629e-13 9.340987e-36 2.722407e-06
6.966265e+05 3.888919e-13 6.917950e-36 2.602693e-06
7.079458e+05 3.519077e-13 5.330432e-36 2.488244e-06
7.194490e+05 3.184408e-13 4.006428e-36 2.378827e-06
7.311391e+05 2.881567e-13 3.202434e-36 2.274222e-06
7.430191e+05 2.607528e-13 2.272177e-36 2.174218e-06
7.550922e+05 2.359549e-13 1.730345e-36 2.078610e-06
7.673615e+05 2.135152e-13 1.281496e-36 1.987206e-06
7.798301e+05 1.932097e-13 9.156334e-37 1.899822e-06
7.925013e+05 1.748352e-13 7.421597e-37 1.816281e-06
8.053784e+05 1.582082e-13 4.902696e-37 1.736413e-06
8.184648e+05 1.431623e-13 3.777633e-37 1.660057e-06
8.317638e+05 1.295474e-13 3.593518e-37 1.587058e-06
8.452788e+05 1.172274e-13 2.700940e-37 1.517271e-06
8.590135e+05 1.060789e-13 1.967121e-37 1.450551e-06
8.729714e+05 9.599061e-14 1.374793e-37 1.386765e-06
8.871560e+05 8.686181e-14 9.081862e-38 1.325785e-06
9.015711e+05 7.860116e-14 5.529106e-38 1.267486e-06
9.162205e+05 7.112607e-14 5.259626e-38 1.211750e-06
9.311079e+05 6.436189e-14 2.814345e-38 1.158465e-06
9.462372e+05 5.824099e-14 2.677179e-38 1.107523e-06
9.616123e+05 5.270220e-14 2.546697e-38 1.058822e-06
9.772372e+05 4.769017e-14 2.422576e-38 1.012262e-06
9.931160e+05 4.315479e-14 2.304504e-38 9.677497e-07
1.009253e+06 3.905067e-14 9.743045e-39 9.251940e-07
1.025652e+06 3.533692e-14 9.268187e-39 8.845103e-07
1.042317e+06 3.197643e-14 8.816484e-39 8.456166e-07
1.059254e+06 2.893531e-14 8.386766e-39 8.084304e-07
1.076465e+06 2.618360e-14 7.978020e-39 7.728820e-07
1.093956e+06 2.369353e-14 1.897297e-39 7.388961e-07
1.111732e+06 2.144017e-14 1.804823e-39 7.064033e-07
1.129796e+06 1.940120e-14 1.716860e-39 6.753406e-07
1.148154e+06 1.755610e-14 1.633182e-39 6.456433e-07
1.166810e+06 1.588649e-14 1.553583e-39 6.172521e-07
1.185769e+06 1.437568e-14 1.477865e-39 5.901097e-07
1.205036e+06 1.300854e-14 1.405836e-39 5.641607e-07
1.224616e+06 1.177143e-14 1.337319e-39 5.393531e-07
1.244515e+06 1.065192e-14 1.272139e-39 5.156352e-07
1.264736e+06 9.638947e-15 0.000000e+00 4.929619e-07
1.285287e+06 8.722242e-15 0.000000e+00 4.712840e-07
1.306171e+06 7.892755e-15 0.000000e+00 4.505603e-07
1.327394e+06 7.142163e-15 0.000000e+00 4.307481e-07
1.348963e+06 6.462918e-15 0.000000e+00 4.118062e-07
1.370882e+06 5.848283e-15 0.000000e+00 3.936976e-07
1.393157e+06 5.292105e-15 0.000000e+00 3.763854e-07
1.415794e+06 4.788819e-15 0.000000e+00 3.598345e-07
1.438799e+06 4.333393e-15 0.000000e+00 3.440112e-07
1.462177e+06 3.921292e-15 0.000000e+00 3.288843e-07
1.485936e+06 3.548364e-15 0.000000e+00 3.144218e-07
1.510080e+06 3.210917e-15 0.000000e+00 3.005959e-07
1.534617e+06 2.905553e-15 0.000000e+00 2.873776e-07
1.559553e+06 2.629226e-15 0.000000e+00 2.747404e-07
1.584893e+06 2.379190e-15 0.000000e+00 2.626595e-07
1.610646e+06 2.152922e-15 0.000000e+00 2.511093e-07
1.636817e+06 1.948175e-15 0.000000e+00 2.400671e-07
1.663413e+06 1.762902e-15 0.000000e+00 2.295106e-07
1.690441e+06 1.595250e-15 0.000000e+00 2.194183e-07
1.717908e+06 1.443542e-15 0.000000e+00 2.097699e-07
1.745822e+06 1.306258e-15 0.000000e+00 2.005456e-07
1.774189e+06 1.182033e-15 0.000000e+00 1.917270e-07
1.803018e+06 1.069617e-15 0.000000e+00 1.832959e-07
1.832314e+06 9.678977e-16 0.000000e+00 1.752360e-07
1.862087e+06 8.758486e-16 0.000000e+00 1.675302e-07
1.892344e+06 7.925530e-16 0.000000e+00 1.601632e-07
1.923092e+06 7.171805e-16 0.000000e+00 1.531203e-07
1.954339e+06 6.489773e-16 0.000000e+00 1.463873e-07
1.986095e+06 5.872577e-16 0.000000e+00 1.399500e-07
2.018366e+06 5.314095e-16 0.000000e+00 1.337960e-07
2.051162e+06 4.808716e-16 0.000000e+00 1.279125e-07
2.084491e+06 4.351397e-16 0.000000e+00 1.222877e-07
2.118361e+06 3.937577e-16 0.000000e+00 1.169104e-07
2.152782e+06 3.563104e-16 0.000000e+00 1.117694e-07
2.187762e+06 3.224248e-16 0.000000e+00 1.068545e-07
2.223310e+06 2.917620e-16 0.000000e+00 1.021558e-07
2.259436e+06 2.640150e-16 0.000000e+00 9.766363e-08
2.296149e+06 2.389068e-16 0.000000e+00 9.336903e-08
2.333458e+06 2.161867e-16 0.000000e+00 8.926332e-08
2.371374e+06 1.956269e-16 0.000000e+00 8.533808e-08
2.409905e+06 1.770229e-16 0.000000e+00 8.158555e-08
2.449063e+06 1.601877e-16 0.000000e+00 7.799794e-08
2.488857e+06 1.449537e-16 0.000000e+00 7.456812e-08
2.529298e+06 1.311683e-16 0.000000e+00 7.128908e-08
2.570396e+06 1.186940e-16 0.000000e+00 6.815425e-08
2.612161e+06 1.074062e-16 0.000000e+00 6.515732e-08
2.654606e+06 9.719153e-17 0.000000e+00 6.229207e-08
2.697739e+06 8.794867e-17 0.000000e+00 5.955294e-08
2.741574e+06 7.958460e-17 0.000000e+00 5.693418e-08
2.786121e+06 7.201601e-17 0.000000e+00 5.443059e-08
2.831392e+06 6.516717e-17 0.000000e+00 5.203709e-08
2.877398e+06 5.896975e-17 0.000000e+00 4.974887e-08
2.924152e+06 5.336165e-17 0.000000e+00 4.756124e-08
2.971666e+06 4.828685e-17 0.000000e+00 4.546979e-08
3.019952e+06 4.369469e-17 0.000000e+00 4.347033e-08
3.069022e+06 3.953929e-17 0.000000e+00 4.155880e-08
3.118890e+06 3.577903e-17 0.000000e+00 3.973131e-08
3.169567e+06 3.237645e-17 0.000000e+00 3.798421e-08
3.221069e+06 2.929737e-17 0.000000e+00 3.631390e-08
3.273407e+06 2.651117e-17 0.000000e+00 3.471707e-08
3.326596e+06 2.398990e-17 0.000000e+00 3.319042e-08
3.380648e+06 2.170847e-17 0.000000e+00 3.173096e-08
3.435579e+06 1.964397e-17 0.000000e+00 3.033564e-08
3.491403e+06 1.777579e-17 0.000000e+00 2.900167e-08
3.548134e+06 1.608529e-17 0.000000e+00 2.772637e-08
3.605786e+06 1.455557e-17 0.000000e+00 2.650716e-08
3.664376e+06 1.317130e-17 0.000000e+00 2.534153e-08
3.723917e+06 1.191870e-17 0.000000e+00 2.422719e-08
3.784426e+06 1.078521e-17 0.000000e+00 2.316183e-08
3.845918e+06 9.759527e-18 0.000000e+00 2.214333e-08
3.908409e+06 8.831386e-18 0.000000e+00 2.116962e-08
3.971915e+06 7.991517e-18 0.000000e+00 2.023873e-08
4.036454e+06 7.231507e-18 0.000000e+00 1.934875e-08
4.102041e+06 6.543783e-18 0.000000e+00 1.849792e-08
4.168694e+06 5.921460e-18 0.000000e+00 1.768451e-08
4.236430e+06 5.358320e-18 0.000000e+00 1.690686e-08
4.305266e+06 4.848741e-18 0.000000e+00 1.616341e-08
4.375221e+06 4.387619e-18 0.000000e+00 1.545265e-08
4.446313e+06 3.970349e-18 0.000000e+00 1.477314e-08
4.518559e+06 3.592768e-18 0.000000e+00 1.412353e-08
4.591980e+06 3.251090e-18 0.000000e+00 1.350246e-08
4.666594e+06 2.941906e-18 0.000000e+00 1.290871e-08
4.742420e+06 2.662127e-18 0.000000e+00 1.234107e-08
4.819478e+06 2.408956e-18 0.000000e+00 1.179840e-08
4.897788e+06 2.179862e-18 0.000000e+00 1.127958e-08
4.977371e+06 1.972554e-18 0.000000e+00 1.078358e-08
5.058247e+06 1.784961e-18 0.000000e+00 1.030939e-08
5.140437e+06 1.615209e-18 0.000000e+00 9.856051e-09
5.223962e+06 1.461601e-18 0.000000e+00 9.422648e-09
5.308844e+06 1.322602e-18 0.000000e+00 9.008306e-09
5.395106e+06 1.196820e-18 0.000000e+00 8.612178e-09
5.482770e+06 1.083001e-18 0.000000e+00 8.233471e-09
5.571857e+06 9.800069e-19 0.000000e+00 7.871420e-09
5.662393e+06 8.868064e-19 0.000000e+00 7.525285e-09
5.754399e+06 8.024705e-19 0.000000e+00 7.194375e-09
5.847901e+06 7.261541e-19 0.000000e+00 6.878012e-09
5.942922e+06 6.570958e-19 0.000000e+00 6.575563e-09
6.039486e+06 5.946056e-19 0.000000e+00 6.286415e-09
6.137620e+06 5.380578e-19 0.000000e+00 6.009980e-09
6.237348e+06 4.868880e-19 0.000000e+00 5.745702e-09
6.338697e+06 4.405842e-19 0.000000e+00 5.493043e-09
6.441693e+06 3.986839e-19 0.000000e+00 5.251494e-09
6.546362e+06 3.607686e-19 0.000000e+00 5.020569e-09
6.652732e+06 3.264590e-19 0.000000e+00 4.799797e-09
6.760830e+06 2.954124e-19 0.000000e+00 4.588734e-09
6.870684e+06 2.673185e-19 0.000000e+00 4.386954e-09
6.982324e+06 2.418961e-19 0.000000e+00 4.194044e-09
7.095778e+06 2.188914e-19 0.000000e+00 4.009617e-09
7.211075e+06 1.980746e-19 0.000000e+00 3.833301e-09
7.328245e+06 1.792376e-19 0.000000e+00 3.664739e-09
7.447320e+06 1.621918e-19 0.000000e+00 3.503588e-09
7.568329e+06 1.467672e-19 0.000000e+00 3.349524e-09
7.691304e+06 1.328095e-19 0.000000e+00 3.202234e-09
7.816278e+06 1.201791e-19 0.000000e+00 3.061421e-09
7.943282e+06 1.087499e-19 0.000000e+00 2.926800e-09
8.072350e+06 9.840768e-20 0.000000e+00 2.798099e-09
8.203515e+06 8.904900e-20 0.000000e+00 2.675057e-09
8.336812e+06 8.058029e-20 0.000000e+00 2.557425e-09
8.472274e+06 7.291702e-20 0.000000e+00 2.444967e-09
8.609938e+06 6.598250e-20 0.000000e+00 2.337453e-09
8.749838e+06 5.970749e-20 0.000000e+00 2.234668e-09
8.892011e+06 5.402925e-20 0.000000e+00 2.136402e-09
9.036495e+06 4.889099e-20 0.000000e+00 2.042457e-09
9.183326e+06 4.424140e-20 0.000000e+00 1.952644e-09
9.332543e+06 4.003399e-20 0.000000e+00 1.866779e-09
9.484185e+06 3.622670e-20 0.000000e+00 1.784691e-09
9.638290e+06 3.278151e-20 0.000000e+00 1.706212e-09
9.794900e+06 2.966394e-20 0.000000e+00 1.631184e-09
9.954054e+06 2.684287e-20 0.000000e+00 1.559456e-09
1.011579e+07 2.429015e-20 0.000000e+00 1.490883e-09
1.028016e+07 2.198010e-20 0.000000e+00 1.425323e-09
1.044720e+07 1.988976e-20 0.000000e+00 1.362647e-09
1.061696e+07 1.799815e-20 0.000000e+00 1.302724e-09
1.078947e+07 1.628652e-20 0.000000e+00 1.245440e-09
1.096478e+07 1.473769e-20 0.000000e+00 1.190675e-09
1.114295e+07 1.333607e-20 0.000000e+00 1.138315e-09
1.132400e+07 1.206785e-20 0.000000e+00 1.088262e-09
1.150800e+07 1.092018e-20 0.000000e+00 1.040407e-09
1.169499e+07 9.881658e-21 0.000000e+00 9.946572e-10
1.188502e+07 8.941892e-21 0.000000e+00 9.509184e-10
1.207814e+07 8.091491e-21 0.000000e+00 9.091025e-10
1.227439e+07 7.321995e-21 0.000000e+00 8.691270e-10
1.247384e+07 6.625640e-21 0.000000e+00 8.309072e-10
1.267652e+07 5.995544e-21 0.000000e+00 7.943701e-10
1.288250e+07 5.425353e-21 0.000000e+00 7.594385e-10
1.309182e+07 4.909404e-21 0.000000e+00 7.260440e-10
1.330454e+07 4.442524e-21 0.000000e+00 6.941182e-10
1.352073e+07 4.020018e-21 0.000000e+00 6.635942e-10
1.374042e+07 3.637717e-21 0.000000e+00 6.344144e-10
1.396368e+07 3.291771e-21 0.000000e+00 6.065175e-10
1.419058e+07 2.978708e-21 0.000000e+00 5.798459e-10
1.442115e+07 2.695439e-21 0.000000e+00 5.543490e-10
1.465548e+07 2.439094e-21 0.000000e+00 5.299719e-10
1.489361e+07 2.207136e-21 0.000000e+00 5.066676e-10
1.513561e+07 1.997236e-21 0.000000e+00 4.843878e-10
1.538155e+07 1.807292e-21 0.000000e+00 4.630872e-10
1.563148e+07 1.635416e-21 0.000000e+00 4.427236e-10
1.588547e+07 1.479887e-21 0.000000e+00 4.232557e-10
1.614359e+07 1.339147e-21 0.000000e+00 4.046436e-10
1.640590e+07 1.211793e-21 0.000000e+00 3.868502e-10
1.667247e+07 1.096552e-21 0.000000e+00 3.698394e-10
1.694338e+07 9.922671e-22 0.000000e+00 3.535761e-10
1.721869e+07 8.979006e-22 0.000000e+00 3.380280e-10
1.749847e+07 8.125095e-22 0.000000e+00 3.231639e-10
1.778279e+07 7.352407e-22 0.000000e+00 3.089536e-10
1.807174e+07 6.653177e-22 0.000000e+00 2.953678e-10
1.836538e+07 6.020456e-22 0.000000e+00 2.823795e-10
1.866380e+07 5.447892e-22 0.000000e+00 2.699621e-10
1.896706e+07 4.929794e-22 0.000000e+00 2.580911e-10
1.927525e+07 4.460965e-22 0.000000e+00 2.467419e-10
1.958845e+07 4.036719e-22 0.000000e+00 2.358918e-10
1.990673e+07 3.652829e-22 0.000000e+00 2.255190e-10
2.023019e+07 3.305439e-22 0.000000e+00 2.156022e-10
2.055891e+07 2.991082e-22 0.000000e+00 2.061212e-10
2.089296e+07 2.706631e-22 0.000000e+00 1.970575e-10
2.123244e+07 2.449230e-22 0.000000e+00 1.883924e-10
2.157744e+07 2.216305e-22 0.000000e+00 1.801081e-10
2.192805e+07 2.005529e-22 0.000000e+00 1.721881e-10
2.228435e+07 1.814801e-22 0.000000e+00 1.646164e-10
2.264644e+07 1.642212e-22 0.000000e+00 1.573777e-10
2.301442e+07 1.486034e-22 0.000000e+00 1.504572e-10
2.338837e+07 1.344712e-22 0.000000e+00 1.438412e-10
2.376840e+07 1.216828e-22 0.000000e+00 1.375160e-10
2.415461e+07 1.101105e-22 0.000000e+00 1.314689e-10
2.454709e+07 9.963888e-23 0.000000e+00 1.256878e-10
2.494595e+07 9.016306e-23 0.000000e+00 1.201608e-10
2.535129e+07 8.158842e-23 0.000000e+00 1.148769e-10
2.576321e+07 7.382936e-23 0.000000e+00 1.098255e-10
2.618183e+07 6.680807e-23 0.000000e+00 1.049961e-10
2.660725e+07 6.045455e-23 0.000000e+00 1.003790e-10
2.703958e+07 5.470529e-23 0.000000e+00 9.596507e-11
2.747894e+07 4.950272e-23 0.000000e+00 9.174514e-11
2.792544e+07 4.479492e-23 0.000000e+00 8.771077e-11
2.837919e+07 4.053489e-23 0.000000e+00 8.385386e-11
2.884032e+07 3.667993e-23 0.000000e+00 8.016648e-11
2.930893e+07 3.319167e-23 0.000000e+00 7.664134e-11
2.978516e+07 3.003512e-23 0.000000e+00 7.327119e-11
3.026913e+07 2.717874e-23 0.000000e+00 7.004920e-11
3.076097e+07 2.459398e-23 0.000000e+00 6.696887e-11
3.126079e+07 2.225508e-23 0.000000e+00 6.402405e-11
3.176874e+07 2.013859e-23 0.000000e+00 6.120869e-11
3.228494e+07 1.822338e-23 0.000000e+00 5.851713e-11
3.280953e+07 1.649031e-23 0.000000e+00 5.594393e-11
3.334264e+07 1.492207e-23 0.000000e+00 5.348390e-11
3.388442e+07 1.350295e-23 0.000000e+00 5.113201e-11
3.443499e+07 1.221882e-23 0.000000e+00 4.888360e-11
3.499452e+07 1.105678e-23 0.000000e+00 4.673399e-11
3.556313e+07 1.000528e-23 0.000000e+00 4.467897e-11
3.614099e+07 9.053753e-24 0.000000e+00 4.271426e-11
3.672823e+07 8.192736e-24 0.000000e+00 4.083598e-11
3.732502e+07 7.413591e-24 0.000000e+00 3.904028e-11
3.793150e+07 6.708553e-24 0.000000e+00 3.732355e-11
3.854784e+07 6.070558e-24 0.000000e+00 3.568230e-11
3.917419e+07 5.493243e-24 0.000000e+00 3.411324e-11
3.981072e+07 4.970828e-24 0.000000e+00 3.261316e-11
4.045759e+07 4.498098e-24 0.000000e+00 3.117906e-11
4.111497e+07 4.070325e-24 0.000000e+00 2.980802e-11
4.178304e+07 3.683229e-24 0.000000e+00 2.849725e-11
4.246196e+07 3.332949e-24 0.000000e+00 2.724413e-11
4.315191e+07 3.015982e-24 0.000000e+00 2.604611e-11
4.385307e+07 2.729160e-24 0.000000e+00 2.490079e-11
4.456562e+07 2.469615e-24 0.000000e+00 2.380582e-11
4.528976e+07 2.234749e-24 0.000000e+00 2.275899e-11
4.602566e+07 2.022222e-24 0.000000e+00 2.175820e-11
4.677351e+07 1.829908e-24 0.000000e+00 2.080143e-11
4.753352e+07 1.655881e-24 0.000000e+00 1.988672e-11
4.830588e+07 1.498404e-24 0.000000e+00 1.901223e-11
4.909079e+07 1.355904e-24 0.000000e+00 1.817620e-11
4.988845e+07 1.226956e-24 0.000000e+00 1.737693e-11
5.069907e+07 1.110271e-24 0.000000e+00 1.661281e-11
5.152286e+07 1.004683e-24 0.000000e+00 1.588229e-11
5.236004e+07 9.091366e-25 0.000000e+00 1.518389e-11
5.321083e+07 8.226758e-25 0.000000e+00 1.451620e-11
5.407543e+07 7.444389e-25 0.000000e+00 1.387788e-11
5.495409e+07 6.736415e-25 0.000000e+00 1.326762e-11
5.584702e+07 6.095775e-25 0.000000e+00 1.268420e-11
5.675446e+07 5.516060e-25 0.000000e+00 1.212643e-11
5.767665e+07 4.991474e-25 0.000000e+00 1.159319e-11
5.861382e+07 4.516778e-25 0.000000e+00 1.108340e-11
5.956621e+07 4.087231e-25 0.000000e+00 1.059603e-11
6.053409e+07 3.698527e-25 0.000000e+00 1.013008e-11
6.151769e+07 3.346793e-25 0.000000e+00 9.684629e-12
6.251727e+07 3.028509e-25 0.000000e+00 9.258763e-12
6.353309e+07 2.740495e-25 0.000000e+00 8.851626e-12
6.456542e+07 2.479871e-25 0.000000e+00 8.462391e-12
6.561453e+07 2.244031e-25 0.000000e+00 8.090269e-12
6.668068e+07 2.030621e-25 0.000000e+00 7.734513e-12
6.776415e+07 1.837507e-25 0.000000e+00 7.394402e-12
6.886523e+07 1.662758e-25 0.000000e+00 7.069246e-12
6.998420e+07 1.504627e-25 0.000000e+00 6.758386e-12
7.112135e+07 1.361536e-25 0.000000e+00 6.461199e-12
7.227698e+07 1.232052e-25 0.000000e+00 6.177078e-12
7.345139e+07 1.114882e-25 0.000000e+00 5.905450e-12
7.464488e+07 1.008855e-25 0.000000e+00 5.645767e-12
7.585776e+07 9.129119e-26 0.000000e+00 5.397504e-12
7.709035e+07 8.260928e-26 0.000000e+00 5.160158e-12
7.834296e+07 7.475308e-26 0.000000e+00 4.933250e-12
7.961594e+07 6.764392e-26 0.000000e+00 4.716317e-12
8.090959e+07 6.121093e-26 0.000000e+00 4.508925e-12
8.222426e+07 5.538971e-26 0.000000e+00 4.310653e-12
8.356030e+07 5.012207e-26 0.000000e+00 4.121099e-12
8.491805e+07 4.535539e-26 0.000000e+00 3.939880e-12
8.629785e+07 4.104206e-26 0.000000e+00 3.766631e-12
8.770008e+07 3.713890e-26 0.000000e+00 3.601000e-12
8.912509e+07 3.360695e-26 0.000000e+00 3.442652e-12
9.057326e+07 3.041088e-26 0.000000e+00 3.291266e-12
9.204496e+07 2.751876e-26 0.000000e+00 3.146538e-12
9.354057e+07 2.490169e-26 0.000000e+00 3.008174e-12
9.506048e+07 2.253351e-26 0.000000e+00 2.875895e-12
9.660509e+07 2.039055e-26 0.000000e+00 2.749432e-12
9.817479e+07 1.845139e-26 0.000000e+00 2.628531e-12
9.977001e+07 1.669663e-26 0.000000e+00 2.512945e-12
1.013911e+08 1.510880e-26 0.000000e+00 2.402445e-12
1.030386e+08 1.367191e-26 0.000000e+00 2.296800e-12
1.047129e+08 1.237165e-26 0.000000e+00 2.195798e-12
1.064143e+08 1.119513e-26 0.000000e+00 2.099245e-12
1.081434e+08 1.013045e-26 0.000000e+00 2.006933e-12
1.099006e+08 9.167028e-27 0.000000e+00 1.918681e-12
1.116863e+08 8.295251e-27 0.000000e+00 1.834312e-12
1.135011e+08 7.506345e-27 0.000000e+00 1.753650e-12
1.153453e+08 6.792499e-27 0.000000e+00 1.676538e-12
1.172195e+08 6.146527e-27 0.000000e+00 1.602815e-12
1.191242e+08 5.561974e-27 0.000000e+00 1.532333e-12
1.210598e+08 5.033027e-27 0.000000e+00 1.464951e-12
1.230269e+08 4.554372e-27 0.000000e+00 1.400531e-12
1.250259e+08 4.121251e-27 0.000000e+00 1.338946e-12
1.270574e+08 3.729316e-27 0.000000e+00 1.280068e-12
1.291219e+08 3.374656e-27 0.000000e+00 1.223780e-12
1.312200e+08 3.053717e-27 0.000000e+00 1.169965e-12
1.333521e+08 2.763311e-27 0.000000e+00 1.118519e-12
1.355189e+08 2.500517e-27 0.000000e+00 1.069334e-12
1.377209e+08 2.262715e-27 0.000000e+00 1.022312e-12
1.399587e+08 2.047527e-27 0.000000e+00 9.773572e-13
1.422329e+08 1.852800e-27 0.000000e+00 9.343785e-13
1.445440e+08 1.676596e-27 0.000000e+00 8.932907e-13
1.468926e+08 1.517153e-27 0.000000e+00 8.540105e-13
1.492794e+08 1.372871e-27 0.000000e+00 8.164571e-13
1.517050e+08 1.242309e-27 0.000000e+00 7.805547e-13
1.541700e+08 1.124164e-27 0.000000e+00 7.462311e-13
1.566751e+08 1.017253e-27 0.000000e+00 7.134163e-13
1.592209e+08 9.205100e-28 0.000000e+00 6.820447e-13
1.618080e+08 8.329694e-28 0.000000e+00 6.520533e-13
1.644372e+08 7.537521e-28 0.000000e+00 6.233800e-13
1.671091e+08 6.820691e-28 0.000000e+00 5.959678e-13
1.698244e+08 6.172036e-28 0.000000e+00 5.697611e-13
1.725838e+08 5.585072e-28 0.000000e+00 5.447070e-13
1.753881e+08 5.053918e-28 0.000000e+00 5.207541e-13
1.782379e+08 4.573289e-28 0.000000e+00 4.978550e-13
1.811340e+08 4.138368e-28 0.000000e+00 4.759629e-13
1.840772e+08 3.744803e-28 0.000000e+00 4.550332e-13
1.870682e+08 3.388669e-28 0.000000e+00 4.350239e-13
1.901078e+08 3.066404e-28 0.000000e+00 4.158945e-13
1.931968e+08 2.774785e-28 0.000000e+00 3.976062e-13
1.963360e+08 2.510900e-28 0.000000e+00 3.801222e-13
1.995262e+08 2.272110e-28 0.000000e+00 3.634069e-13
2.027683e+08 2.056026e-28 0.000000e+00 3.474264e-13
2.060630e+08 1.860497e-28 0.000000e+00 3.321491e-13
2.094112e+08 1.683564e-28 0.000000e+00 3.175436e-13
2.128139e+08 1.523453e-28 0.000000e+00 3.035799e-13
2.162719e+08 1.378569e-28 0.000000e+00 2.902304e-13
2.197860e+08 1.247466e-28 0.000000e+00 2.774680e-13
2.233572e+08 1.128832e-28 0.000000e+00 2.652670e-13
2.269865e+08 1.021477e-28 0.000000e+00 2.536021e-13
2.306747e+08 9.243346e-29 0.000000e+00 2.424505e-13
2.344229e+08 8.364284e-29 0.000000e+00 2.317891e-13
2.382319e+08 7.568843e-29 0.000000e+00 2.215967e-13
2.421029e+08 6.849029e-29 0.000000e+00 2.118522e-13
2.460368e+08 6.197671e-29 0.000000e+00 2.025363e-13
2.500345e+08 5.608276e-29 0.000000e+00 1.936303e-13
2.540973e+08 5.074914e-29 0.000000e+00 1.851156e-13
2.582260e+08 4.592289e-29 0.000000e+00 1.769755e-13
2.624219e+08 4.155550e-29 0.000000e+00 1.691932e-13
2.666859e+08 3.760353e-29 0.000000e+00 1.617532e-13
2.710192e+08 3.402739e-29 0.000000e+00 1.546404e-13
2.754229e+08 3.079135e-29 0.000000e+00 1.478403e-13
2.798981e+08 2.786309e-29 0.000000e+00 1.413394e-13
2.844461e+08 2.521326e-29 0.000000e+00 1.351242e-13
2.890680e+08 2.281544e-29 0.000000e+00 1.291823e-13
2.937650e+08 2.064565e-29 0.000000e+00 1.235017e-13
2.985383e+08 1.868223e-29 0.000000e+00 1.180709e-13
3.033891e+08 1.690554e-29 0.000000e+00 1.128790e-13
3.083188e+08 1.529780e-29 0.000000e+00 1.079153e-13
3.133286e+08 1.384295e-29 0.000000e+00 1.031699e-13
3.184198e+08 1.252647e-29 0.000000e+00 9.863315e-14
3.235937e+08 1.133519e-29 0.000000e+00 9.429593e-14
3.288516e+08 1.025721e-29 0.000000e+00 9.014947e-14
3.341950e+08 9.281738e-30 0.000000e+00 8.618530e-14
3.396253e+08 8.399023e-30 0.000000e+00 8.239540e-14
3.451437e+08 7.600275e-30 0.000000e+00 7.877224e-14
3.507519e+08 6.877471e-30 0.000000e+00 7.530832e-14
3.564511e+08 6.223422e-30 0.000000e+00 7.199679e-14
3.622430e+08 5.631563e-30 0.000000e+00 6.883083e-14
3.681290e+08 5.095993e-30 0.000000e+00 6.580410e-14
3.741106e+08 4.611359e-30 0.000000e+00 6.291048e-14
3.801894e+08 4.172813e-30 0.000000e+00 6.014410e-14
3.863670e+08 3.775973e-30 0.000000e+00 5.749936e-14
3.926449e+08 3.416876e-30 0.000000e+00 5.497094e-14
3.990249e+08 3.091925e-30 0.000000e+00 5.255367e-14
4.055085e+08 2.797881e-30 0.000000e+00 5.024272e-14
4.120975e+08 2.531798e-30 0.000000e+00 4.803337e-14
4.187936e+08 2.291019e-30 0.000000e+00 4.592117e-14
4.255984e+08 2.073142e-30 0.000000e+00 4.390188e-14
4.325138e+08 1.875984e-30 0.000000e+00 4.197137e-14
4.395416e+08 1.697575e-30 0.000000e+00 4.012574e-14
4.466836e+08 1.536133e-30 0.000000e+00 3.836127e-14
4.539416e+08 1.390046e-30 0.000000e+00 3.667441e-14
4.613176e+08 1.257850e-30 0.000000e+00 3.506170e-14
4.688134e+08 1.138227e-30 0.000000e+00 3.351992e-14
4.764310e+08 1.029980e-30 0.000000e+00 3.204594e-14
4.841724e+08 9.320277e-31 0.000000e+00 3.063677e-14
4.920395e+08 8.433914e-31 0.000000e+00 2.928958e-14
5.000345e+08 7.631839e-31 0.000000e+00 2.800162e-14
5.081594e+08 6.906042e-31 0.000000e+00 2.677029e-14
5.164164e+08 6.249264e-31 0.000000e+00 2.559311e-14
5.248075e+08 5.654950e-31 0.000000e+00 2.446769e-14
5.333349e+08 5.117160e-31 0.000000e+00 2.339177e-14
5.420009e+08 4.630511e-31 0.000000e+00 2.236315e-14
5.508077e+08 4.190144e-31 0.000000e+00 2.137977e-14
5.597576e+08 3.791657e-31 0.000000e+00 2.043963e-14
5.688529e+08 3.431067e-31 0.000000e+00 1.954084e-14
5.780960e+08 3.104768e-31 0.000000e+00 1.868156e-14
5.874894e+08 2.809498e-31 0.000000e+00 1.786006e-14
5.970353e+08 2.542313e-31 0.000000e+00 1.707470e-14
6.067363e+08 2.300537e-31 0.000000e+00 1.632387e-14
6.165950e+08 2.081752e-31 0.000000e+00 1.560605e-14
6.266139e+08 1.883774e-31 0.000000e+00 1.491980e-14
6.367955e+08 1.704626e-31 0.000000e+00 1.426373e-14
6.471426e+08 1.542514e-31 0.000000e+00 1.363651e-14
6.576578e+08 1.395819e-31 0.000000e+00 1.303686e-14
6.683439e+08 1.263075e-31 0.000000e+00 1.246359e-14
6.792036e+08 1.142955e-31 0.000000e+00 1.191552e-14
6.902398e+08 1.034258e-31 0.000000e+00 1.139155e-14
7.014553e+08 9.358990e-32 0.000000e+00 1.089063e-14
7.128530e+08 8.468941e-32 0.000000e+00 1.041173e-14
7.244360e+08 7.663530e-32 0.000000e+00 9.953893e-15
7.362071e+08 6.934721e-32 0.000000e+00 9.516189e-15
7.481695e+08 6.275221e-32 0.000000e+00 9.097730e-15
7.603263e+08 5.678438e-32 0.000000e+00 8.697671e-15
7.726806e+08 5.138412e-32 0.000000e+00 8.315206e-15
7.852356e+08 4.649745e-32 0.000000e+00 7.949560e-15
7.979947e+08 4.207547e-32 0.000000e+00 7.599990e-15
8.109611e+08 3.807403e-32 0.000000e+00 7.265792e-15
8.241381e+08 3.445316e-32 0.000000e+00 6.946293e-15
8.375293e+08 3.117661e-32 0.000000e+00 6.640840e-15
8.511380e+08 2.821169e-32 0.000000e+00 6.348821e-15
8.649679e+08 2.552872e-32 0.000000e+00 6.069642e-15
8.790225e+08 2.310091e-32 0.000000e+00 5.802740e-15
8.933055e+08 2.090398e-32 0.000000e+00 5.547573e-15
9.078205e+08 1.891599e-32 0.000000e+00 5.303628e-15
9.225714e+08 1.711706e-32 0.000000e+00 5.070411e-15
9.375620e+08 1.548920e-32 0.000000e+00 4.847447e-15
9.527962e+08 1.401616e-32 0.000000e+00 4.634289e-15
9.682779e+08 1.268320e-32 0.000000e+00 4.430502e-15
9.840111e+08 1.147702e-32 0.000000e+00 4.235680e-15
1.000000e+09 1.038554e-32 0.000000e+00 4.049422e-15
