0.0    2.3538352E-03
7516.8    2.2581071E-03
15034.0    2.1691701E-03
22550.8    2.0866363E-03
30067.6    2.0101183E-03
37584.7    1.9392286E-03
45101.5    1.8735795E-03
52618.3    1.8127835E-03
60135.1    1.7564530E-03
67652.3    1.7042003E-03
75169.1    1.6556382E-03
82685.9    1.6103787E-03
90203.0    1.5680345E-03
97719.8    1.5282181E-03
105236.6    1.4905416E-03
112753.8    1.4546177E-03
120270.6    1.4200588E-03
127787.4    1.3864773E-03
135304.6    1.3534871E-03
142821.4    1.3208395E-03
150338.2    1.2885274E-03
157855.3    1.2565683E-03
165372.1    1.2249799E-03
172888.9    1.1937795E-03
180405.7    1.1629848E-03
187922.9    1.1326130E-03
195439.7    1.1026821E-03
202956.5    1.0732092E-03
210473.6    1.0442120E-03
217990.4    1.0157081E-03
225507.2    9.8771490E-04
233024.4    9.6024980E-04
240541.2    9.3333070E-04
248058.0    9.0697480E-04
255575.2    8.8119960E-04
263092.0    8.5602290E-04
270608.8    8.3146200E-04
278125.9    8.0753450E-04
285642.7    7.8425780E-04
293159.5    7.6164960E-04
300676.3    7.3972730E-04
308193.5    7.1850850E-04
315710.3    6.9801070E-04
323227.1    6.7825100E-04
330744.2    6.5923040E-04
338261.0    6.4093040E-04
345777.8    6.2333150E-04
353295.0    6.0641440E-04
360811.8    5.9015970E-04
368328.6    5.7454800E-04
375845.8    5.5955970E-04
383362.6    5.4517570E-04
390879.4    5.3137620E-04
398396.5    5.1814230E-04
405913.3    5.0545410E-04
413430.1    4.9329250E-04
420946.9    4.8163800E-04
428464.1    4.7047110E-04
435980.9    4.5977250E-04
443497.7    4.4952290E-04
451014.8    4.3970270E-04
458531.6    4.3029250E-04
466048.4    4.2127300E-04
473565.6    4.1262480E-04
481082.4    4.0432840E-04
488599.2    3.9636430E-04
496116.4    3.8871340E-04
503633.2    3.8135610E-04
511150.0    3.7427290E-04
518666.8    3.6744460E-04
526183.9    3.6085170E-04
533700.7    3.5447460E-04
541217.5    3.4829420E-04
548734.7    3.4229110E-04
556251.5    3.3644560E-04
563768.3    3.3073840E-04
571285.4    3.2515030E-04
578802.2    3.1966170E-04
586319.0    3.1425310E-04
593836.2    3.0890870E-04
601353.0    3.0362510E-04
608869.8    2.9840230E-04
616387.0    2.9324010E-04
623903.8    2.8813840E-04
631420.6    2.8309710E-04
638937.4    2.7811600E-04
646454.5    2.7319510E-04
653971.3    2.6833410E-04
661488.1    2.6353280E-04
669005.3    2.5879150E-04
676522.1    2.5410960E-04
684038.9    2.4948730E-04
691556.0    2.4492420E-04
699072.8    2.4042030E-04
706589.6    2.3597560E-04
714106.8    2.3158980E-04
721623.6    2.2726280E-04
729140.4    2.2299450E-04
