# Models: Van-Genuchten(2) Mualem_liq(3) Pow(4)
# Names: p_c(1) s_l(2) k_rl(3) tau_l(4)
1.000000e+02 9.999998e-01 9.985154e-01 9.999996e-01
1.016249e+02 9.999998e-01 9.985154e-01 9.999996e-01
1.032761e+02 9.999998e-01 9.985154e-01 9.999996e-01
1.049542e+02 9.999998e-01 9.985154e-01 9.999996e-01
1.066596e+02 9.999998e-01 9.985154e-01 9.999996e-01
1.083927e+02 9.999998e-01 9.985154e-01 9.999996e-01
1.101539e+02 9.999998e-01 9.985154e-01 9.999996e-01
1.119438e+02 9.999998e-01 9.985154e-01 9.999996e-01
1.137627e+02 9.999998e-01 9.985154e-01 9.999996e-01
1.156112e+02 9.999998e-01 9.985154e-01 9.999996e-01
1.174898e+02 9.999998e-01 9.985154e-01 9.999996e-01
1.193988e+02 9.999998e-01 9.985154e-01 9.999996e-01
1.213389e+02 9.999998e-01 9.985154e-01 9.999996e-01
1.233105e+02 9.999998e-01 9.985154e-01 9.999996e-01
1.253141e+02 9.999998e-01 9.985154e-01 9.999996e-01
1.273503e+02 9.999997e-01 9.981894e-01 9.999994e-01
1.294196e+02 9.999997e-01 9.981894e-01 9.999994e-01
1.315225e+02 9.999997e-01 9.981894e-01 9.999994e-01
1.336596e+02 9.999997e-01 9.981894e-01 9.999994e-01
1.358313e+02 9.999997e-01 9.981894e-01 9.999994e-01
1.380384e+02 9.999997e-01 9.981894e-01 9.999994e-01
1.402814e+02 9.999997e-01 9.981894e-01 9.999994e-01
1.425608e+02 9.999997e-01 9.981894e-01 9.999994e-01
1.448772e+02 9.999997e-01 9.981894e-01 9.999994e-01
1.472313e+02 9.999997e-01 9.981894e-01 9.999994e-01
1.496236e+02 9.999997e-01 9.981894e-01 9.999994e-01
1.520548e+02 9.999996e-01 9.979156e-01 9.999992e-01
1.545254e+02 9.999996e-01 9.979156e-01 9.999992e-01
1.570363e+02 9.999996e-01 9.979156e-01 9.999992e-01
1.595879e+02 9.999996e-01 9.979156e-01 9.999992e-01
1.621810e+02 9.999996e-01 9.979156e-01 9.999992e-01
1.648162e+02 9.999996e-01 9.979156e-01 9.999992e-01
1.674943e+02 9.999996e-01 9.979156e-01 9.999992e-01
1.702159e+02 9.999996e-01 9.979156e-01 9.999992e-01
1.729816e+02 9.999995e-01 9.976749e-01 9.999991e-01
1.757924e+02 9.999995e-01 9.976749e-01 9.999991e-01
1.786488e+02 9.999995e-01 9.976749e-01 9.999991e-01
1.815516e+02 9.999995e-01 9.976749e-01 9.999991e-01
1.845015e+02 9.999995e-01 9.976749e-01 9.999991e-01
1.874995e+02 9.999995e-01 9.976749e-01 9.999991e-01
1.905461e+02 9.999994e-01 9.974579e-01 9.999989e-01
1.936422e+02 9.999994e-01 9.974579e-01 9.999989e-01
1.967886e+02 9.999994e-01 9.974579e-01 9.999989e-01
1.999862e+02 9.999994e-01 9.974579e-01 9.999989e-01
2.032357e+02 9.999994e-01 9.974579e-01 9.999989e-01
2.065380e+02 9.999993e-01 9.972586e-01 9.999987e-01
2.098940e+02 9.999993e-01 9.972586e-01 9.999987e-01
2.133045e+02 9.999993e-01 9.972586e-01 9.999987e-01
2.167704e+02 9.999993e-01 9.972586e-01 9.999987e-01
2.202926e+02 9.999993e-01 9.972586e-01 9.999987e-01
2.238721e+02 9.999992e-01 9.970734e-01 9.999985e-01
2.275097e+02 9.999992e-01 9.970734e-01 9.999985e-01
2.312065e+02 9.999992e-01 9.970734e-01 9.999985e-01
2.349633e+02 9.999992e-01 9.970734e-01 9.999985e-01
2.387811e+02 9.999991e-01 9.968997e-01 9.999983e-01
2.426610e+02 9.999991e-01 9.968997e-01 9.999983e-01
2.466039e+02 9.999991e-01 9.968997e-01 9.999983e-01
2.506109e+02 9.999990e-01 9.967357e-01 9.999981e-01
2.546830e+02 9.999990e-01 9.967357e-01 9.999981e-01
2.588213e+02 9.999990e-01 9.967357e-01 9.999981e-01
2.630268e+02 9.999989e-01 9.965798e-01 9.999979e-01
2.673006e+02 9.999989e-01 9.965798e-01 9.999979e-01
2.716439e+02 9.999989e-01 9.965798e-01 9.999979e-01
2.760578e+02 9.999988e-01 9.964310e-01 9.999977e-01
2.805434e+02 9.999988e-01 9.964310e-01 9.999977e-01
2.851018e+02 9.999988e-01 9.964310e-01 9.999977e-01
2.897344e+02 9.999987e-01 9.962884e-01 9.999975e-01
2.944422e+02 9.999987e-01 9.962884e-01 9.999975e-01
2.992265e+02 9.999986e-01 9.961513e-01 9.999973e-01
3.040885e+02 9.999986e-01 9.961513e-01 9.999973e-01
3.090295e+02 9.999986e-01 9.961513e-01 9.999973e-01
3.140509e+02 9.999985e-01 9.960191e-01 9.999972e-01
3.191538e+02 9.999985e-01 9.960191e-01 9.999972e-01
3.243396e+02 9.999984e-01 9.958914e-01 9.999970e-01
3.296097e+02 9.999984e-01 9.958914e-01 9.999970e-01
3.349654e+02 9.999983e-01 9.957676e-01 9.999968e-01
3.404082e+02 9.999983e-01 9.957676e-01 9.999968e-01
3.459394e+02 9.999982e-01 9.956476e-01 9.999966e-01
3.515604e+02 9.999981e-01 9.955309e-01 9.999964e-01
3.572728e+02 9.999981e-01 9.955309e-01 9.999964e-01
3.630781e+02 9.999980e-01 9.954173e-01 9.999962e-01
3.689776e+02 9.999980e-01 9.954173e-01 9.999962e-01
3.749730e+02 9.999979e-01 9.953066e-01 9.999960e-01
3.810658e+02 9.999978e-01 9.951985e-01 9.999958e-01
3.872576e+02 9.999977e-01 9.950929e-01 9.999956e-01
3.935501e+02 9.999977e-01 9.950929e-01 9.999956e-01
3.999447e+02 9.999976e-01 9.949896e-01 9.999954e-01
4.064433e+02 9.999975e-01 9.948886e-01 9.999953e-01
4.130475e+02 9.999974e-01 9.947895e-01 9.999951e-01
4.197590e+02 9.999974e-01 9.947895e-01 9.999951e-01
4.265795e+02 9.999973e-01 9.946924e-01 9.999949e-01
4.335109e+02 9.999972e-01 9.945971e-01 9.999947e-01
4.405549e+02 9.999971e-01 9.945036e-01 9.999945e-01
4.477133e+02 9.999970e-01 9.944116e-01 9.999943e-01
4.549881e+02 9.999969e-01 9.943213e-01 9.999941e-01
4.623810e+02 9.999968e-01 9.942324e-01 9.999939e-01
4.698941e+02 9.999967e-01 9.941449e-01 9.999937e-01
4.775293e+02 9.999966e-01 9.940588e-01 9.999935e-01
4.852885e+02 9.999965e-01 9.939739e-01 9.999934e-01
4.931738e+02 9.999964e-01 9.938903e-01 9.999932e-01
5.011872e+02 9.999963e-01 9.938078e-01 9.999930e-01
5.093309e+02 9.999961e-01 9.936463e-01 9.999926e-01
5.176068e+02 9.999960e-01 9.935671e-01 9.999924e-01
5.260173e+02 9.999959e-01 9.934890e-01 9.999922e-01
5.345644e+02 9.999958e-01 9.934118e-01 9.999920e-01
5.432503e+02 9.999956e-01 9.932601e-01 9.999916e-01
5.520774e+02 9.999955e-01 9.931856e-01 9.999915e-01
5.610480e+02 9.999953e-01 9.930391e-01 9.999911e-01
5.701643e+02 9.999952e-01 9.929671e-01 9.999909e-01
5.794287e+02 9.999950e-01 9.928253e-01 9.999905e-01
5.888437e+02 9.999949e-01 9.927554e-01 9.999903e-01
5.984116e+02 9.999947e-01 9.926179e-01 9.999899e-01
6.081350e+02 9.999945e-01 9.924829e-01 9.999896e-01
6.180164e+02 9.999944e-01 9.924164e-01 9.999894e-01
6.280584e+02 9.999942e-01 9.922851e-01 9.999890e-01
6.382635e+02 9.999940e-01 9.921561e-01 9.999886e-01
6.486344e+02 9.999938e-01 9.920294e-01 9.999882e-01
6.591739e+02 9.999936e-01 9.919046e-01 9.999878e-01
6.698846e+02 9.999934e-01 9.917819e-01 9.999875e-01
6.807694e+02 9.999932e-01 9.916611e-01 9.999871e-01
6.918310e+02 9.999930e-01 9.915420e-01 9.999867e-01
7.030723e+02 9.999928e-01 9.914247e-01 9.999863e-01
7.144963e+02 9.999925e-01 9.912518e-01 9.999858e-01
7.261060e+02 9.999923e-01 9.911386e-01 9.999854e-01
7.379042e+02 9.999920e-01 9.909714e-01 9.999848e-01
7.498942e+02 9.999918e-01 9.908617e-01 9.999844e-01
7.620790e+02 9.999915e-01 9.906998e-01 9.999839e-01
7.744618e+02 9.999912e-01 9.905408e-01 9.999833e-01
7.870458e+02 9.999910e-01 9.904363e-01 9.999829e-01
7.998343e+02 9.999907e-01 9.902817e-01 9.999823e-01
8.128305e+02 9.999904e-01 9.901297e-01 9.999818e-01
8.260379e+02 9.999901e-01 9.899801e-01 9.999812e-01
8.394600e+02 9.999897e-01 9.897843e-01 9.999804e-01
8.531001e+02 9.999894e-01 9.896399e-01 9.999799e-01
8.669619e+02 9.999891e-01 9.894976e-01 9.999793e-01
8.810489e+02 9.999887e-01 9.893110e-01 9.999785e-01
8.953648e+02 9.999884e-01 9.891732e-01 9.999780e-01
9.099133e+02 9.999880e-01 9.889923e-01 9.999772e-01
9.246982e+02 9.999876e-01 9.888145e-01 9.999764e-01
9.397233e+02 9.999872e-01 9.886396e-01 9.999757e-01
9.549926e+02 9.999868e-01 9.884675e-01 9.999749e-01
9.705100e+02 9.999864e-01 9.882980e-01 9.999742e-01
9.862795e+02 9.999859e-01 9.880897e-01 9.999732e-01
1.002305e+03 9.999855e-01 9.879258e-01 9.999725e-01
1.018591e+03 9.999850e-01 9.877242e-01 9.999715e-01
1.035142e+03 9.999845e-01 9.875259e-01 9.999706e-01
1.051962e+03 9.999840e-01 9.873309e-01 9.999696e-01
1.069055e+03 9.999835e-01 9.871390e-01 9.999687e-01
1.086426e+03 9.999830e-01 9.869501e-01 9.999677e-01
1.104079e+03 9.999825e-01 9.867640e-01 9.999668e-01
1.122018e+03 9.999819e-01 9.865442e-01 9.999656e-01
1.140250e+03 9.999813e-01 9.863282e-01 9.999645e-01
1.158777e+03 9.999807e-01 9.861156e-01 9.999633e-01
1.177606e+03 9.999801e-01 9.859065e-01 9.999622e-01
1.196741e+03 9.999795e-01 9.857005e-01 9.999611e-01
1.216186e+03 9.999788e-01 9.854641e-01 9.999597e-01
1.235947e+03 9.999781e-01 9.852317e-01 9.999584e-01
1.256030e+03 9.999774e-01 9.850030e-01 9.999571e-01
1.276439e+03 9.999767e-01 9.847780e-01 9.999557e-01
1.297179e+03 9.999759e-01 9.845250e-01 9.999542e-01
1.318257e+03 9.999752e-01 9.843071e-01 9.999529e-01
1.339677e+03 9.999744e-01 9.840620e-01 9.999514e-01
1.361445e+03 9.999735e-01 9.837908e-01 9.999497e-01
1.383566e+03 9.999727e-01 9.835538e-01 9.999481e-01
1.406048e+03 9.999718e-01 9.832913e-01 9.999464e-01
1.428894e+03 9.999709e-01 9.830331e-01 9.999447e-01
1.452112e+03 9.999700e-01 9.827789e-01 9.999430e-01
1.475707e+03 9.999690e-01 9.825011e-01 9.999411e-01
1.499685e+03 9.999680e-01 9.822278e-01 9.999392e-01
1.524053e+03 9.999670e-01 9.819589e-01 9.999373e-01
1.548817e+03 9.999659e-01 9.816679e-01 9.999352e-01
1.573983e+03 9.999649e-01 9.814075e-01 9.999333e-01
1.599558e+03 9.999637e-01 9.811001e-01 9.999310e-01
1.625549e+03 9.999626e-01 9.808228e-01 9.999289e-01
1.651962e+03 9.999614e-01 9.805250e-01 9.999267e-01
1.678804e+03 9.999601e-01 9.802077e-01 9.999242e-01
1.706082e+03 9.999588e-01 9.798957e-01 9.999217e-01
1.733804e+03 9.999575e-01 9.795888e-01 9.999193e-01
1.761976e+03 9.999562e-01 9.792866e-01 9.999168e-01
1.790606e+03 9.999547e-01 9.789436e-01 9.999139e-01
1.819701e+03 9.999533e-01 9.786287e-01 9.999113e-01
1.849269e+03 9.999518e-01 9.782966e-01 9.999084e-01
1.879317e+03 9.999502e-01 9.779483e-01 9.999054e-01
1.909853e+03 9.999487e-01 9.776269e-01 9.999025e-01
1.940886e+03 9.999470e-01 9.772684e-01 9.998993e-01
1.972423e+03 9.999453e-01 9.769158e-01 9.998961e-01
2.004472e+03 9.999435e-01 9.765486e-01 9.998927e-01
2.037042e+03 9.999417e-01 9.761873e-01 9.998892e-01
2.070141e+03 9.999399e-01 9.758318e-01 9.998858e-01
2.103778e+03 9.999379e-01 9.754431e-01 9.998820e-01
2.137962e+03 9.999359e-01 9.750608e-01 9.998782e-01
2.172701e+03 9.999339e-01 9.746846e-01 9.998744e-01
2.208005e+03 9.999318e-01 9.742958e-01 9.998704e-01
2.243882e+03 9.999296e-01 9.738951e-01 9.998662e-01
2.280342e+03 9.999273e-01 9.734831e-01 9.998619e-01
2.317395e+03 9.999250e-01 9.730776e-01 9.998575e-01
2.355049e+03 9.999226e-01 9.726614e-01 9.998529e-01
2.393316e+03 9.999201e-01 9.722348e-01 9.998482e-01
2.432204e+03 9.999175e-01 9.717984e-01 9.998433e-01
2.471724e+03 9.999149e-01 9.713691e-01 9.998383e-01
2.511886e+03 9.999121e-01 9.709142e-01 9.998330e-01
2.552701e+03 9.999093e-01 9.704667e-01 9.998277e-01
2.594179e+03 9.999064e-01 9.700107e-01 9.998222e-01
2.636331e+03 9.999034e-01 9.695466e-01 9.998165e-01
2.679168e+03 9.999003e-01 9.690748e-01 9.998106e-01
2.722701e+03 9.998971e-01 9.685956e-01 9.998045e-01
2.766942e+03 9.998938e-01 9.681095e-01 9.997982e-01
2.811901e+03 9.998904e-01 9.676167e-01 9.997918e-01
2.857591e+03 9.998869e-01 9.671176e-01 9.997851e-01
2.904023e+03 9.998833e-01 9.666126e-01 9.997783e-01
2.951209e+03 9.998795e-01 9.660881e-01 9.997711e-01
2.999163e+03 9.998756e-01 9.655586e-01 9.997637e-01
3.047895e+03 9.998717e-01 9.650377e-01 9.997562e-01
3.097419e+03 9.998675e-01 9.644857e-01 9.997483e-01
3.147748e+03 9.998633e-01 9.639428e-01 9.997403e-01
3.198895e+03 9.998589e-01 9.633831e-01 9.997319e-01
3.250873e+03 9.998544e-01 9.628201e-01 9.997234e-01
3.303695e+03 9.998497e-01 9.622415e-01 9.997144e-01
3.357376e+03 9.998449e-01 9.616602e-01 9.997053e-01
3.411929e+03 9.998399e-01 9.610645e-01 9.996958e-01
3.467369e+03 9.998348e-01 9.604668e-01 9.996861e-01
3.523709e+03 9.998295e-01 9.598557e-01 9.996761e-01
3.580964e+03 9.998240e-01 9.592318e-01 9.996656e-01
3.639150e+03 9.998183e-01 9.585958e-01 9.996548e-01
3.698282e+03 9.998125e-01 9.579592e-01 9.996438e-01
3.758374e+03 9.998065e-01 9.573114e-01 9.996324e-01
3.819443e+03 9.998003e-01 9.566527e-01 9.996206e-01
3.881504e+03 9.997939e-01 9.559839e-01 9.996084e-01
3.944573e+03 9.997873e-01 9.553054e-01 9.995959e-01
4.008667e+03 9.997804e-01 9.546076e-01 9.995828e-01
4.073803e+03 9.997734e-01 9.539113e-01 9.995695e-01
4.139997e+03 9.997661e-01 9.531969e-01 9.995556e-01
4.207266e+03 9.997586e-01 9.524749e-01 9.995414e-01
4.275629e+03 9.997509e-01 9.517458e-01 9.995268e-01
4.345102e+03 9.997429e-01 9.510005e-01 9.995116e-01
4.415704e+03 9.997346e-01 9.502399e-01 9.994958e-01
4.487454e+03 9.997261e-01 9.494737e-01 9.994797e-01
4.560369e+03 9.997173e-01 9.486934e-01 9.994629e-01
4.634469e+03 9.997083e-01 9.479084e-01 9.994458e-01
4.709773e+03 9.996989e-01 9.471018e-01 9.994280e-01
4.786301e+03 9.996893e-01 9.462915e-01 9.994098e-01
4.864072e+03 9.996793e-01 9.454612e-01 9.993908e-01
4.943107e+03 9.996690e-01 9.446200e-01 9.993712e-01
5.023426e+03 9.996584e-01 9.437685e-01 9.993511e-01
5.105050e+03 9.996474e-01 9.428992e-01 9.993302e-01
5.188000e+03 9.996361e-01 9.420209e-01 9.993087e-01
5.272299e+03 9.996244e-01 9.411264e-01 9.992865e-01
5.357967e+03 9.996124e-01 9.402240e-01 9.992637e-01
5.445027e+03 9.996000e-01 9.393067e-01 9.992401e-01
5.533501e+03 9.995871e-01 9.383680e-01 9.992156e-01
5.623413e+03 9.995739e-01 9.374233e-01 9.991906e-01
5.714786e+03 9.995602e-01 9.364588e-01 9.991645e-01
5.807644e+03 9.995461e-01 9.354825e-01 9.991378e-01
5.902011e+03 9.995316e-01 9.344950e-01 9.991102e-01
5.997911e+03 9.995165e-01 9.334834e-01 9.990815e-01
6.095369e+03 9.995010e-01 9.324622e-01 9.990521e-01
6.194411e+03 9.994850e-01 9.314253e-01 9.990217e-01
6.295062e+03 9.994685e-01 9.303735e-01 9.989904e-01
6.397348e+03 9.994515e-01 9.293077e-01 9.989581e-01
6.501297e+03 9.994339e-01 9.282224e-01 9.989247e-01
6.606934e+03 9.994157e-01 9.271186e-01 9.988901e-01
6.714289e+03 9.993970e-01 9.260032e-01 9.988546e-01
6.823387e+03 9.993776e-01 9.248651e-01 9.988178e-01
6.934258e+03 9.993577e-01 9.237169e-01 9.987800e-01
7.046931e+03 9.993371e-01 9.225478e-01 9.987409e-01
7.161434e+03 9.993158e-01 9.213590e-01 9.987004e-01
7.277798e+03 9.992939e-01 9.201569e-01 9.986588e-01
7.396053e+03 9.992713e-01 9.189369e-01 9.986159e-01
7.516229e+03 9.992479e-01 9.176945e-01 9.985715e-01
7.638358e+03 9.992238e-01 9.164361e-01 9.985257e-01
7.762471e+03 9.991989e-01 9.151574e-01 9.984785e-01
7.888601e+03 9.991732e-01 9.138596e-01 9.984297e-01
8.016781e+03 9.991467e-01 9.125435e-01 9.983794e-01
8.147043e+03 9.991194e-01 9.112101e-01 9.983275e-01
8.279422e+03 9.990912e-01 9.098555e-01 9.982740e-01
8.413951e+03 9.990620e-01 9.084762e-01 9.982186e-01
8.550667e+03 9.990320e-01 9.070827e-01 9.981616e-01
8.689604e+03 9.990009e-01 9.056621e-01 9.981026e-01
8.830799e+03 9.989689e-01 9.042246e-01 9.980418e-01
8.974288e+03 9.989359e-01 9.027669e-01 9.979792e-01
9.120108e+03 9.989018e-01 9.012856e-01 9.979145e-01
9.268298e+03 9.988666e-01 8.997821e-01 9.978476e-01
9.418896e+03 9.988303e-01 8.982573e-01 9.977787e-01
9.571941e+03 9.987928e-01 8.967085e-01 9.977076e-01
9.727472e+03 9.987542e-01 8.951408e-01 9.976343e-01
9.885531e+03 9.987142e-01 8.935434e-01 9.975584e-01
1.004616e+04 9.986731e-01 8.919295e-01 9.974804e-01
1.020939e+04 9.986306e-01 8.902885e-01 9.973997e-01
1.037528e+04 9.985867e-01 8.886218e-01 9.973164e-01
1.054387e+04 9.985414e-01 8.869308e-01 9.972305e-01
1.071519e+04 9.984947e-01 8.852168e-01 9.971419e-01
1.088930e+04 9.984465e-01 8.834774e-01 9.970504e-01
1.106624e+04 9.983968e-01 8.817140e-01 9.969561e-01
1.124605e+04 9.983455e-01 8.799244e-01 9.968588e-01
1.142878e+04 9.982925e-01 8.781066e-01 9.967582e-01
1.161449e+04 9.982378e-01 8.762621e-01 9.966545e-01
1.180321e+04 9.981814e-01 8.743923e-01 9.965475e-01
1.199499e+04 9.981232e-01 8.724953e-01 9.964371e-01
1.218990e+04 9.980632e-01 8.705727e-01 9.963233e-01
1.238797e+04 9.980012e-01 8.686196e-01 9.962057e-01
1.258925e+04 9.979373e-01 8.666407e-01 9.960845e-01
1.279381e+04 9.978713e-01 8.646313e-01 9.959593e-01
1.300170e+04 9.978032e-01 8.625931e-01 9.958302e-01
1.321296e+04 9.977329e-01 8.605247e-01 9.956969e-01
1.342765e+04 9.976604e-01 8.584279e-01 9.955594e-01
1.364583e+04 9.975856e-01 8.563013e-01 9.954176e-01
1.386756e+04 9.975084e-01 8.541438e-01 9.952713e-01
1.409289e+04 9.974287e-01 8.519544e-01 9.951202e-01
1.432188e+04 9.973465e-01 8.497348e-01 9.949644e-01
1.455459e+04 9.972617e-01 8.474841e-01 9.948036e-01
1.479108e+04 9.971742e-01 8.452014e-01 9.946378e-01
1.503142e+04 9.970839e-01 8.428860e-01 9.944667e-01
1.527566e+04 9.969908e-01 8.405396e-01 9.942903e-01
1.552387e+04 9.968946e-01 8.381567e-01 9.941080e-01
1.577611e+04 9.967954e-01 8.357417e-01 9.939200e-01
1.603245e+04 9.966931e-01 8.332941e-01 9.937262e-01
1.629296e+04 9.965875e-01 8.308110e-01 9.935262e-01
1.655770e+04 9.964786e-01 8.282944e-01 9.933199e-01
1.682674e+04 9.963662e-01 8.257417e-01 9.931071e-01
1.710015e+04 9.962502e-01 8.231528e-01 9.928874e-01
1.737801e+04 9.961306e-01 8.205298e-01 9.926609e-01
1.766038e+04 9.960071e-01 8.178682e-01 9.924271e-01
1.794734e+04 9.958798e-01 8.151723e-01 9.921861e-01
1.823896e+04 9.957484e-01 8.124379e-01 9.919374e-01
1.853532e+04 9.956128e-01 8.096652e-01 9.916808e-01
1.883649e+04 9.954730e-01 8.068565e-01 9.914162e-01
1.914256e+04 9.953287e-01 8.040080e-01 9.911432e-01
1.945360e+04 9.951799e-01 8.011220e-01 9.908617e-01
1.976970e+04 9.950264e-01 7.981970e-01 9.905713e-01
2.009093e+04 9.948680e-01 7.952315e-01 9.902717e-01
2.041738e+04 9.947046e-01 7.922262e-01 9.899627e-01
2.074914e+04 9.945360e-01 7.891798e-01 9.896439e-01
2.108628e+04 9.943622e-01 7.860948e-01 9.893154e-01
2.142891e+04 9.941828e-01 7.829666e-01 9.889763e-01
2.177710e+04 9.939978e-01 7.797979e-01 9.886266e-01
2.213095e+04 9.938070e-01 7.765877e-01 9.882661e-01
2.249055e+04 9.936101e-01 7.733337e-01 9.878941e-01
2.285599e+04 9.934071e-01 7.700386e-01 9.875107e-01
2.322737e+04 9.931977e-01 7.667001e-01 9.871152e-01
2.360478e+04 9.929817e-01 7.633179e-01 9.867074e-01
2.398833e+04 9.927589e-01 7.598917e-01 9.862868e-01
2.437811e+04 9.925291e-01 7.564212e-01 9.858530e-01
2.477422e+04 9.922921e-01 7.529062e-01 9.854058e-01
2.517677e+04 9.920477e-01 7.493467e-01 9.849447e-01
2.558586e+04 9.917957e-01 7.457427e-01 9.844694e-01
2.600160e+04 9.915357e-01 7.420916e-01 9.839791e-01
2.642409e+04 9.912676e-01 7.383949e-01 9.834737e-01
2.685344e+04 9.909912e-01 7.346529e-01 9.829527e-01
2.728978e+04 9.907061e-01 7.308635e-01 9.824155e-01
2.773320e+04 9.904122e-01 7.270283e-01 9.818618e-01
2.818383e+04 9.901091e-01 7.231454e-01 9.812910e-01
2.864178e+04 9.897965e-01 7.192142e-01 9.807024e-01
2.910717e+04 9.894743e-01 7.152367e-01 9.800959e-01
2.958012e+04 9.891420e-01 7.112101e-01 9.794706e-01
3.006076e+04 9.887994e-01 7.071354e-01 9.788262e-01
3.054921e+04 9.884462e-01 7.030123e-01 9.781620e-01
3.104560e+04 9.880821e-01 6.988410e-01 9.774775e-01
3.155005e+04 9.877067e-01 6.946202e-01 9.767720e-01
3.206269e+04 9.873197e-01 6.903503e-01 9.760450e-01
3.258367e+04 9.869207e-01 6.860303e-01 9.752957e-01
3.311311e+04 9.865095e-01 6.816619e-01 9.745237e-01
3.365116e+04 9.860857e-01 6.772443e-01 9.737284e-01
3.419794e+04 9.856488e-01 6.727762e-01 9.729089e-01
3.475362e+04 9.851985e-01 6.682582e-01 9.720646e-01
3.531832e+04 9.847344e-01 6.636903e-01 9.711947e-01
3.589219e+04 9.842561e-01 6.590723e-01 9.702986e-01
3.647539e+04 9.837632e-01 6.544043e-01 9.693756e-01
3.706807e+04 9.832552e-01 6.496855e-01 9.684247e-01
3.767038e+04 9.827318e-01 6.449173e-01 9.674455e-01
3.828247e+04 9.821925e-01 6.400991e-01 9.664370e-01
3.890451e+04 9.816368e-01 6.352305e-01 9.653984e-01
3.953666e+04 9.810643e-01 6.303122e-01 9.643289e-01
4.017908e+04 9.804745e-01 6.253442e-01 9.632277e-01
4.083194e+04 9.798669e-01 6.203263e-01 9.620939e-01
4.149540e+04 9.792409e-01 6.152582e-01 9.609264e-01
4.216965e+04 9.785962e-01 6.101415e-01 9.597248e-01
4.285485e+04 9.779321e-01 6.049752e-01 9.584877e-01
4.355119e+04 9.772481e-01 5.997598e-01 9.572143e-01
4.425884e+04 9.765437e-01 5.944961e-01 9.559038e-01
4.497799e+04 9.758183e-01 5.891839e-01 9.545551e-01
4.570882e+04 9.750714e-01 5.838243e-01 9.531674e-01
4.645153e+04 9.743023e-01 5.784169e-01 9.517395e-01
4.720630e+04 9.735104e-01 5.729620e-01 9.502702e-01
4.797334e+04 9.726952e-01 5.674609e-01 9.487589e-01
4.875285e+04 9.718560e-01 5.619137e-01 9.472043e-01
4.954502e+04 9.709921e-01 5.563205e-01 9.456051e-01
5.035006e+04 9.701030e-01 5.506829e-01 9.439607e-01
5.116818e+04 9.691879e-01 5.450007e-01 9.422696e-01
5.199960e+04 9.682462e-01 5.392751e-01 9.405308e-01
5.284453e+04 9.672772e-01 5.335067e-01 9.387432e-01
5.370318e+04 9.662802e-01 5.276963e-01 9.369056e-01
5.457579e+04 9.652544e-01 5.218443e-01 9.350168e-01
5.546257e+04 9.641992e-01 5.159523e-01 9.330757e-01
5.636377e+04 9.631138e-01 5.100209e-01 9.310810e-01
5.727960e+04 9.619975e-01 5.040514e-01 9.290316e-01
5.821032e+04 9.608494e-01 4.980441e-01 9.269261e-01
5.915616e+04 9.596688e-01 4.920005e-01 9.247634e-01
6.011737e+04 9.584550e-01 4.859222e-01 9.225423e-01
6.109420e+04 9.572071e-01 4.798099e-01 9.202615e-01
6.208690e+04 9.559243e-01 4.736649e-01 9.179196e-01
6.309573e+04 9.546058e-01 4.674886e-01 9.155156e-01
6.412096e+04 9.532508e-01 4.612824e-01 9.130481e-01
6.516284e+04 9.518583e-01 4.550472e-01 9.105156e-01
6.622165e+04 9.504277e-01 4.487856e-01 9.079172e-01
6.729767e+04 9.489580e-01 4.424983e-01 9.052516e-01
6.839116e+04 9.474484e-01 4.361874e-01 9.025174e-01
6.950243e+04 9.458979e-01 4.298539e-01 8.997132e-01
7.063176e+04 9.443057e-01 4.234998e-01 8.968379e-01
7.177943e+04 9.426710e-01 4.171274e-01 8.938904e-01
7.294575e+04 9.409927e-01 4.107375e-01 8.908691e-01
7.413102e+04 9.392701e-01 4.043328e-01 8.877730e-01
7.533556e+04 9.375023e-01 3.979153e-01 8.846010e-01
7.655966e+04 9.356882e-01 3.914862e-01 8.813516e-01
7.780366e+04 9.338271e-01 3.850483e-01 8.780238e-01
7.906786e+04 9.319180e-01 3.786034e-01 8.746164e-01
8.035261e+04 9.299601e-01 3.721538e-01 8.711285e-01
8.165824e+04 9.279523e-01 3.657012e-01 8.675584e-01
8.298508e+04 9.258939e-01 3.592485e-01 8.639057e-01
8.433348e+04 9.237839e-01 3.527975e-01 8.601689e-01
8.570378e+04 9.216215e-01 3.463510e-01 8.563473e-01
8.709636e+04 9.194057e-01 3.399108e-01 8.524397e-01
8.851156e+04 9.171357e-01 3.334797e-01 8.484453e-01
8.994976e+04 9.148106e-01 3.270600e-01 8.443631e-01
9.141132e+04 9.124297e-01 3.206545e-01 8.401927e-01
9.289664e+04 9.099919e-01 3.142651e-01 8.359327e-01
9.440609e+04 9.074966e-01 3.078949e-01 8.315828e-01
9.594006e+04 9.049429e-01 3.015462e-01 8.271423e-01
9.749896e+04 9.023300e-01 2.952216e-01 8.226105e-01
9.908319e+04 8.996571e-01 2.889236e-01 8.179869e-01
1.006932e+05 8.969235e-01 2.826549e-01 8.132710e-01
1.023293e+05 8.941287e-01 2.764186e-01 8.084628e-01
1.039920e+05 8.912717e-01 2.702167e-01 8.035617e-01
1.056818e+05 8.883517e-01 2.640515e-01 7.985670e-01
1.073989e+05 8.853686e-01 2.579269e-01 7.934797e-01
1.091440e+05 8.823214e-01 2.518445e-01 7.882989e-01
1.109175e+05 8.792095e-01 2.458069e-01 7.830248e-01
1.127197e+05 8.760326e-01 2.398173e-01 7.776578e-01
1.145513e+05 8.727899e-01 2.338775e-01 7.721976e-01
1.164126e+05 8.694813e-01 2.279907e-01 7.666453e-01
1.183042e+05 8.661060e-01 2.221589e-01 7.610006e-01
1.202264e+05 8.626641e-01 2.163852e-01 7.552649e-01
1.221800e+05 8.591547e-01 2.106711e-01 7.494378e-01
1.241652e+05 8.555781e-01 2.050199e-01 7.435212e-01
1.261828e+05 8.519335e-01 1.994331e-01 7.375149e-01
1.282331e+05 8.482212e-01 1.939136e-01 7.314208e-01
1.303167e+05 8.444408e-01 1.884632e-01 7.252396e-01
1.324342e+05 8.405923e-01 1.830842e-01 7.189725e-01
1.345860e+05 8.366759e-01 1.777789e-01 7.126213e-01
1.367729e+05 8.326912e-01 1.725487e-01 7.061867e-01
1.389953e+05 8.286386e-01 1.673958e-01 6.996709e-01
1.412538e+05 8.245182e-01 1.623220e-01 6.930754e-01
1.435489e+05 8.203304e-01 1.573292e-01 6.864023e-01
1.458814e+05 8.160752e-01 1.524187e-01 6.796532e-01
1.482518e+05 8.117530e-01 1.475920e-01 6.728301e-01
1.506607e+05 8.073643e-01 1.428508e-01 6.659354e-01
1.531087e+05 8.029097e-01 1.381964e-01 6.589717e-01
1.555966e+05 7.983894e-01 1.336296e-01 6.519406e-01
1.581248e+05 7.938045e-01 1.291521e-01 6.448456e-01
1.606941e+05 7.891553e-01 1.247645e-01 6.376887e-01
1.633052e+05 7.844427e-01 1.204678e-01 6.304728e-01
1.659587e+05 7.796675e-01 1.162628e-01 6.232007e-01
1.686553e+05 7.748306e-01 1.121500e-01 6.158754e-01
1.713957e+05 7.699330e-01 1.081301e-01 6.085000e-01
1.741807e+05 7.649755e-01 1.042033e-01 6.010773e-01
1.770109e+05 7.599594e-01 1.003701e-01 5.936107e-01
1.798871e+05 7.548859e-01 9.663064e-02 5.861037e-01
1.828100e+05 7.497560e-01 9.298490e-02 5.785593e-01
1.857804e+05 7.445712e-01 8.943297e-02 5.709812e-01
1.887991e+05 7.393326e-01 8.597450e-02 5.633726e-01
1.918669e+05 7.340417e-01 8.260931e-02 5.557371e-01
1.949845e+05 7.287000e-01 7.933704e-02 5.480784e-01
1.981527e+05 7.233091e-01 7.615725e-02 5.404002e-01
2.013724e+05 7.178704e-01 7.306923e-02 5.327059e-01
2.046445e+05 7.123854e-01 7.007224e-02 5.249991e-01
2.079697e+05 7.068561e-01 6.716566e-02 5.172838e-01
2.113489e+05 7.012840e-01 6.434850e-02 5.095637e-01
2.147830e+05 6.956709e-01 6.161980e-02 5.018423e-01
2.182730e+05 6.900185e-01 5.897844e-02 4.941234e-01
2.218196e+05 6.843289e-01 5.642341e-02 4.864109e-01
2.254239e+05 6.786036e-01 5.395332e-02 4.787080e-01
2.290868e+05 6.728447e-01 5.156696e-02 4.710187e-01
2.328091e+05 6.670542e-01 4.926300e-02 4.633468e-01
2.365920e+05 6.612339e-01 4.703995e-02 4.556955e-01
2.404363e+05 6.553860e-01 4.489640e-02 4.480687e-01
2.443431e+05 6.495122e-01 4.283072e-02 4.404696e-01
2.483133e+05 6.436149e-01 4.084145e-02 4.329020e-01
2.523481e+05 6.376958e-01 3.892684e-02 4.253689e-01
2.564484e+05 6.317571e-01 3.708530e-02 4.178739e-01
2.606154e+05 6.258008e-01 3.531510e-02 4.104201e-01
2.648500e+05 6.198291e-01 3.361455e-02 4.030108e-01
2.691535e+05 6.138438e-01 3.198184e-02 3.956489e-01
2.735269e+05 6.078471e-01 3.041525e-02 3.883374e-01
2.779713e+05 6.018412e-01 2.891301e-02 3.810795e-01
2.824880e+05 5.958278e-01 2.747327e-02 3.738776e-01
2.870781e+05 5.898091e-01 2.609426e-02 3.667345e-01
2.917427e+05 5.837873e-01 2.477422e-02 3.596531e-01
2.964831e+05 5.777642e-01 2.351132e-02 3.526356e-01
3.013006e+05 5.717417e-01 2.230374e-02 3.456844e-01
3.061963e+05 5.657219e-01 2.114974e-02 3.388018e-01
3.111716e+05 5.597067e-01 2.004754e-02 3.319900e-01
3.162278e+05 5.536979e-01 1.899537e-02 3.252509e-01
3.213661e+05 5.476976e-01 1.799154e-02 3.185867e-01
3.265878e+05 5.417076e-01 1.703433e-02 3.119991e-01
3.318945e+05 5.357294e-01 1.612201e-02 3.054896e-01
3.372873e+05 5.297652e-01 1.525298e-02 2.990601e-01
3.427678e+05 5.238165e-01 1.442557e-02 2.927119e-01
3.483373e+05 5.178850e-01 1.363819e-02 2.864464e-01
3.539973e+05 5.119725e-01 1.288930e-02 2.802648e-01
3.597493e+05 5.060804e-01 1.217732e-02 2.741682e-01
3.655948e+05 5.002103e-01 1.150077e-02 2.681575e-01
3.715352e+05 4.943640e-01 1.085822e-02 2.622340e-01
3.775722e+05 4.885427e-01 1.024820e-02 2.563981e-01
3.837072e+05 4.827481e-01 9.669374e-03 2.506508e-01
3.899420e+05 4.769812e-01 9.120343e-03 2.449923e-01
3.962780e+05 4.712438e-01 8.599845e-03 2.394235e-01
4.027170e+05 4.655368e-01 8.106577e-03 2.339444e-01
4.092607e+05 4.598617e-01 7.639334e-03 2.285555e-01
4.159106e+05 4.542196e-01 7.196918e-03 2.232570e-01
4.226686e+05 4.486118e-01 6.778193e-03 2.180491e-01
4.295364e+05 4.430392e-01 6.382033e-03 2.129316e-01
4.365158e+05 4.375029e-01 6.007374e-03 2.079044e-01
4.436086e+05 4.320040e-01 5.653191e-03 2.029676e-01
4.508167e+05 4.265434e-01 5.318487e-03 1.981208e-01
4.581419e+05 4.211220e-01 5.002307e-03 1.933638e-01
4.655861e+05 4.157407e-01 4.703736e-03 1.886961e-01
4.731513e+05 4.104003e-01 4.421894e-03 1.841173e-01
4.808393e+05 4.051017e-01 4.155940e-03 1.796270e-01
4.886524e+05 3.998453e-01 3.905049e-03 1.752245e-01
4.965923e+05 3.946321e-01 3.668461e-03 1.709093e-01
5.046613e+05 3.894626e-01 3.445427e-03 1.666806e-01
5.128614e+05 3.843374e-01 3.235239e-03 1.625377e-01
5.211947e+05 3.792571e-01 3.037218e-03 1.584799e-01
5.296634e+05 3.742221e-01 2.850715e-03 1.545062e-01
5.382698e+05 3.692330e-01 2.675115e-03 1.506160e-01
5.470160e+05 3.642901e-01 2.509825e-03 1.468081e-01
5.559043e+05 3.593940e-01 2.354291e-03 1.430819e-01
5.649370e+05 3.545448e-01 2.207968e-03 1.394361e-01
5.741165e+05 3.497429e-01 2.070353e-03 1.358698e-01
5.834451e+05 3.449887e-01 1.940963e-03 1.323821e-01
5.929253e+05 3.402823e-01 1.819335e-03 1.289718e-01
6.025596e+05 3.356239e-01 1.705031e-03 1.256378e-01
6.123504e+05 3.310138e-01 1.597641e-03 1.223792e-01
6.223003e+05 3.264521e-01 1.496768e-03 1.191947e-01
6.324119e+05 3.219388e-01 1.402036e-03 1.160832e-01
6.426877e+05 3.174741e-01 1.313096e-03 1.130435e-01
6.531306e+05 3.130580e-01 1.229609e-03 1.100746e-01
6.637431e+05 3.086906e-01 1.151260e-03 1.071752e-01
6.745280e+05 3.043719e-01 1.077748e-03 1.043443e-01
6.854882e+05 3.001017e-01 1.008785e-03 1.015804e-01
6.966265e+05 2.958802e-01 9.441075e-04 9.888268e-02
7.079458e+05 2.917071e-01 8.834569e-04 9.624968e-02
7.194490e+05 2.875825e-01 8.265960e-04 9.368038e-02
7.311391e+05 2.835061e-01 7.732956e-04 9.117349e-02
7.430191e+05 2.794780e-01 7.233446e-04 8.872796e-02
7.550922e+05 2.754978e-01 6.765378e-04 8.634247e-02
7.673615e+05 2.715654e-01 6.326856e-04 8.401589e-02
7.798301e+05 2.676806e-01 5.916083e-04 8.174705e-02
7.925013e+05 2.638433e-01 5.531376e-04 7.953486e-02
8.053784e+05 2.600532e-01 5.171130e-04 7.737812e-02
8.184648e+05 2.563100e-01 4.833836e-04 7.527566e-02
8.317638e+05 2.526135e-01 4.518084e-04 7.322636e-02
8.452788e+05 2.489634e-01 4.222538e-04 7.122910e-02
8.590135e+05 2.453595e-01 3.945949e-04 6.928281e-02
8.729714e+05 2.418013e-01 3.687124e-04 6.738627e-02
8.871560e+05 2.382888e-01 3.444973e-04 6.553856e-02
9.015711e+05 2.348214e-01 3.218434e-04 6.373846e-02
9.162205e+05 2.313989e-01 3.006535e-04 6.198498e-02
9.311079e+05 2.280210e-01 2.808355e-04 6.027708e-02
9.462372e+05 2.246873e-01 2.623026e-04 5.861371e-02
9.616123e+05 2.213974e-01 2.449731e-04 5.699382e-02
9.772372e+05 2.181510e-01 2.287711e-04 5.541645e-02
9.931160e+05 2.149478e-01 2.136251e-04 5.388064e-02
1.009253e+06 2.117872e-01 1.994669e-04 5.238530e-02
1.025652e+06 2.086691e-01 1.862345e-04 5.092962e-02
1.042317e+06 2.055930e-01 1.738682e-04 4.951261e-02
1.059254e+06 2.025582e-01 1.623112e-04 4.813319e-02
1.076465e+06 1.995649e-01 1.515137e-04 4.679074e-02
1.093956e+06 1.966123e-01 1.414255e-04 4.548417e-02
1.111732e+06 1.937000e-01 1.320006e-04 4.421262e-02
1.129796e+06 1.908278e-01 1.231969e-04 4.297532e-02
1.148154e+06 1.879950e-01 1.149733e-04 4.177130e-02
1.166810e+06 1.852015e-01 1.072931e-04 4.059986e-02
1.185769e+06 1.824468e-01 1.001207e-04 3.946016e-02
1.205036e+06 1.797304e-01 9.342272e-05 3.835137e-02
1.224616e+06 1.770519e-01 8.716840e-05 3.727272e-02
1.244515e+06 1.744108e-01 8.132855e-05 3.622342e-02
1.264736e+06 1.718070e-01 7.587675e-05 3.520283e-02
1.285287e+06 1.692397e-01 7.078680e-05 3.421009e-02
1.306171e+06 1.667087e-01 6.603541e-05 3.324457e-02
1.327394e+06 1.642136e-01 6.160037e-05 3.230556e-02
1.348963e+06 1.617538e-01 5.746057e-05 3.139233e-02
1.370882e+06 1.593290e-01 5.359677e-05 3.050424e-02
1.393157e+06 1.569389e-01 4.999096e-05 2.964068e-02
1.415794e+06 1.545829e-01 4.662583e-05 2.880095e-02
1.438799e+06 1.522606e-01 4.348551e-05 2.798442e-02
1.462177e+06 1.499718e-01 4.055541e-05 2.719057e-02
1.485936e+06 1.477158e-01 3.782124e-05 2.641869e-02
1.510080e+06 1.454925e-01 3.527038e-05 2.566830e-02
1.534617e+06 1.433012e-01 3.289034e-05 2.493875e-02
1.559553e+06 1.411415e-01 3.066980e-05 2.422947e-02
1.584893e+06 1.390134e-01 2.859854e-05 2.354007e-02
1.610646e+06 1.369160e-01 2.666616e-05 2.286983e-02
1.636817e+06 1.348492e-01 2.486367e-05 2.221836e-02
1.663413e+06 1.328125e-01 2.318234e-05 2.158510e-02
1.690441e+06 1.308056e-01 2.161415e-05 2.096959e-02
1.717908e+06 1.288281e-01 2.015153e-05 2.037137e-02
1.745822e+06 1.268795e-01 1.878736e-05 1.978991e-02
1.774189e+06 1.249595e-01 1.751510e-05 1.922479e-02
1.803018e+06 1.230676e-01 1.632853e-05 1.867554e-02
1.832314e+06 1.212036e-01 1.522203e-05 1.814176e-02
1.862087e+06 1.193671e-01 1.419020e-05 1.762304e-02
1.892344e+06 1.175576e-01 1.322798e-05 1.711892e-02
1.923092e+06 1.157749e-01 1.233077e-05 1.662905e-02
1.954339e+06 1.140186e-01 1.149420e-05 1.615302e-02
1.986095e+06 1.122882e-01 1.071412e-05 1.569043e-02
2.018366e+06 1.105835e-01 9.986807e-06 1.524094e-02
2.051162e+06 1.089041e-01 9.308693e-06 1.480417e-02
2.084491e+06 1.072496e-01 8.676446e-06 1.437977e-02
2.118361e+06 1.056197e-01 8.086995e-06 1.396739e-02
2.152782e+06 1.040141e-01 7.537473e-06 1.356673e-02
2.187762e+06 1.024324e-01 7.025166e-06 1.317744e-02
2.223310e+06 1.008743e-01 6.547577e-06 1.279921e-02
2.259436e+06 9.933942e-02 6.102348e-06 1.243172e-02
2.296149e+06 9.782748e-02 5.687310e-06 1.207468e-02
2.333458e+06 9.633818e-02 5.300429e-06 1.172781e-02
2.371374e+06 9.487113e-02 4.939786e-06 1.139081e-02
2.409905e+06 9.342609e-02 4.603625e-06 1.106342e-02
2.449063e+06 9.200267e-02 4.290275e-06 1.074536e-02
2.488857e+06 9.060062e-02 3.998204e-06 1.043636e-02
2.529298e+06 8.921959e-02 3.725964e-06 1.013618e-02
2.570396e+06 8.785932e-02 3.472221e-06 9.844573e-03
2.612161e+06 8.651951e-02 3.235722e-06 9.561295e-03
2.654606e+06 8.519982e-02 3.015291e-06 9.286103e-03
2.697739e+06 8.390003e-02 2.809851e-06 9.018785e-03
2.741574e+06 8.261979e-02 2.618376e-06 8.759106e-03
2.786121e+06 8.135885e-02 2.439923e-06 8.506857e-03
2.831392e+06 8.011692e-02 2.273610e-06 8.261826e-03
2.877398e+06 7.889373e-02 2.118612e-06 8.023812e-03
2.924152e+06 7.768900e-02 1.974162e-06 7.792613e-03
2.971666e+06 7.650246e-02 1.839542e-06 7.568037e-03
3.019952e+06 7.533384e-02 1.714086e-06 7.349896e-03
3.069022e+06 7.418291e-02 1.597174e-06 7.138013e-03
3.118890e+06 7.304937e-02 1.488222e-06 6.932203e-03
3.169567e+06 7.193301e-02 1.386693e-06 6.732303e-03
3.221069e+06 7.083352e-02 1.292078e-06 6.538133e-03
3.273407e+06 6.975070e-02 1.203910e-06 6.349540e-03
3.326596e+06 6.868428e-02 1.121750e-06 6.166361e-03
3.380648e+06 6.763405e-02 1.045191e-06 5.988448e-03
3.435579e+06 6.659972e-02 9.738480e-07 5.815641e-03
3.491403e+06 6.558109e-02 9.073694e-07 5.647801e-03
3.548134e+06 6.457791e-02 8.454227e-07 5.484785e-03
3.605786e+06 6.358997e-02 7.877006e-07 5.326456e-03
3.664376e+06 6.261702e-02 7.339143e-07 5.172679e-03
3.723917e+06 6.165887e-02 6.837974e-07 5.023328e-03
3.784426e+06 6.071527e-02 6.370986e-07 4.878273e-03
3.845918e+06 5.978602e-02 5.935859e-07 4.737392e-03
3.908409e+06 5.887090e-02 5.530420e-07 4.600566e-03
3.971915e+06 5.796971e-02 5.152650e-07 4.467681e-03
4.036454e+06 5.708221e-02 4.800651e-07 4.338619e-03
4.102041e+06 5.620823e-02 4.472681e-07 4.213275e-03
4.168694e+06 5.534756e-02 4.167098e-07 4.091543e-03
4.236430e+06 5.449999e-02 3.882373e-07 3.973317e-03
4.305266e+06 5.366533e-02 3.617086e-07 3.858498e-03
4.375221e+06 5.284339e-02 3.369912e-07 3.746988e-03
4.446313e+06 5.203398e-02 3.139617e-07 3.638693e-03
4.518559e+06 5.123691e-02 2.925048e-07 3.533520e-03
4.591980e+06 5.045198e-02 2.725129e-07 3.431378e-03
4.666594e+06 4.967903e-02 2.538866e-07 3.332183e-03
4.742420e+06 4.891786e-02 2.365323e-07 3.235848e-03
4.819478e+06 4.816832e-02 2.203639e-07 3.142294e-03
4.897788e+06 4.743020e-02 2.052995e-07 3.051437e-03
4.977371e+06 4.670335e-02 1.912645e-07 2.963202e-03
5.058247e+06 4.598760e-02 1.781883e-07 2.877514e-03
5.140437e+06 4.528278e-02 1.660057e-07 2.794299e-03
5.223962e+06 4.458872e-02 1.546555e-07 2.713486e-03
5.308844e+06 4.390527e-02 1.440810e-07 2.635006e-03
5.395106e+06 4.323224e-02 1.342288e-07 2.558790e-03
5.482770e+06 4.256950e-02 1.250501e-07 2.484776e-03
5.571857e+06 4.191690e-02 1.164989e-07 2.412900e-03
5.662393e+06 4.127426e-02 1.085319e-07 2.343099e-03
5.754399e+06 4.064145e-02 1.011097e-07 2.275315e-03
5.847901e+06 4.001831e-02 9.419470e-08 2.209488e-03
5.942922e+06 3.940470e-02 8.775247e-08 2.145563e-03
6.039486e+06 3.880047e-02 8.175063e-08 2.083485e-03
6.137620e+06 3.820548e-02 7.615910e-08 2.023200e-03
6.237348e+06 3.761960e-02 7.094994e-08 1.964658e-03
6.338697e+06 3.704267e-02 6.609684e-08 1.907807e-03
6.441693e+06 3.647457e-02 6.157560e-08 1.852599e-03
6.546362e+06 3.591516e-02 5.736350e-08 1.798986e-03
6.652732e+06 3.536432e-02 5.343949e-08 1.746924e-03
6.760830e+06 3.482190e-02 4.978374e-08 1.696366e-03
6.870684e+06 3.428779e-02 4.637805e-08 1.647271e-03
6.982324e+06 3.376185e-02 4.320524e-08 1.599594e-03
7.095778e+06 3.324396e-02 4.024940e-08 1.553296e-03
7.211075e+06 3.273400e-02 3.749573e-08 1.508337e-03
7.328245e+06 3.223185e-02 3.493040e-08 1.464677e-03
7.447320e+06 3.173739e-02 3.254054e-08 1.422281e-03
7.568329e+06 3.125050e-02 3.031414e-08 1.381110e-03
7.691304e+06 3.077107e-02 2.824003e-08 1.341130e-03
7.816278e+06 3.029898e-02 2.630779e-08 1.302307e-03
7.943282e+06 2.983412e-02 2.450771e-08 1.264606e-03
8.072350e+06 2.937638e-02 2.283077e-08 1.227995e-03
8.203515e+06 2.892566e-02 2.126858e-08 1.192445e-03
8.336812e+06 2.848184e-02 1.981323e-08 1.157922e-03
8.472274e+06 2.804482e-02 1.845745e-08 1.124398e-03
8.609938e+06 2.761450e-02 1.719443e-08 1.091844e-03
8.749838e+06 2.719077e-02 1.601780e-08 1.060232e-03
8.892011e+06 2.677353e-02 1.492167e-08 1.029534e-03
9.036495e+06 2.636269e-02 1.390055e-08 9.997248e-04
9.183326e+06 2.595815e-02 1.294930e-08 9.707784e-04
9.332543e+06 2.555981e-02 1.206313e-08 9.426696e-04
9.484185e+06 2.516757e-02 1.123759e-08 9.153737e-04
9.638290e+06 2.478134e-02 1.046852e-08 8.888676e-04
9.794900e+06 2.440104e-02 9.752096e-09 8.631293e-04
9.954054e+06 2.402657e-02 9.084692e-09 8.381358e-04
1.011579e+07 2.365784e-02 8.462954e-09 8.138656e-04
1.028016e+07 2.329476e-02 7.883755e-09 7.902976e-04
1.044720e+07 2.293725e-02 7.344195e-09 7.674120e-04
1.061696e+07 2.258520e-02 6.841526e-09 7.451874e-04
1.078947e+07 2.223858e-02 6.373298e-09 7.236081e-04
1.096478e+07 2.189727e-02 5.937105e-09 7.026531e-04
1.114295e+07 2.156117e-02 5.530733e-09 6.823032e-04
1.132400e+07 2.123026e-02 5.152211e-09 6.625446e-04
1.150800e+07 2.090441e-02 4.799576e-09 6.433570e-04
1.169499e+07 2.058355e-02 4.471067e-09 6.247245e-04
1.188502e+07 2.026762e-02 4.165048e-09 6.066319e-04
1.207814e+07 1.995652e-02 3.879958e-09 5.890622e-04
1.227439e+07 1.965021e-02 3.614395e-09 5.720022e-04
1.247384e+07 1.934858e-02 3.366992e-09 5.554351e-04
1.267652e+07 1.905160e-02 3.136539e-09 5.393489e-04
1.288250e+07 1.875916e-02 2.921847e-09 5.237276e-04
1.309182e+07 1.847121e-02 2.721851e-09 5.085588e-04
1.330454e+07 1.818769e-02 2.535552e-09 4.938298e-04
1.352073e+07 1.790849e-02 2.361985e-09 4.795259e-04
1.374042e+07 1.763360e-02 2.200313e-09 4.656374e-04
1.396368e+07 1.736292e-02 2.049702e-09 4.521507e-04
1.419058e+07 1.709638e-02 1.909393e-09 4.390540e-04
1.442115e+07 1.683395e-02 1.778698e-09 4.263374e-04
1.465548e+07 1.657554e-02 1.656946e-09 4.139888e-04
1.489361e+07 1.632109e-02 1.543524e-09 4.019975e-04
1.513561e+07 1.607055e-02 1.437868e-09 3.903538e-04
1.538155e+07 1.582384e-02 1.339439e-09 3.790466e-04
1.563148e+07 1.558093e-02 1.247752e-09 3.680675e-04
1.588547e+07 1.534174e-02 1.162338e-09 3.574059e-04
1.614359e+07 1.510623e-02 1.082774e-09 3.470536e-04
1.640590e+07 1.487433e-02 1.008655e-09 3.370009e-04
1.667247e+07 1.464599e-02 9.396095e-10 3.272394e-04
1.694338e+07 1.442115e-02 8.752890e-10 3.177604e-04
1.721869e+07 1.419976e-02 8.153712e-10 3.085559e-04
1.749847e+07 1.398177e-02 7.595554e-10 2.996181e-04
1.778279e+07 1.376713e-02 7.075614e-10 2.909394e-04
1.807174e+07 1.355577e-02 6.591232e-10 2.825114e-04
1.836538e+07 1.334767e-02 6.140042e-10 2.743282e-04
1.866380e+07 1.314275e-02 5.719709e-10 2.663814e-04
1.896706e+07 1.294098e-02 5.328159e-10 2.586650e-04
1.927525e+07 1.274231e-02 4.963417e-10 2.511722e-04
1.958845e+07 1.254668e-02 4.623627e-10 2.438960e-04
1.990673e+07 1.235407e-02 4.307126e-10 2.368313e-04
2.023019e+07 1.216440e-02 4.012265e-10 2.299706e-04
2.055891e+07 1.197764e-02 3.737587e-10 2.233086e-04
2.089296e+07 1.179376e-02 3.481731e-10 2.168400e-04
2.123244e+07 1.161270e-02 3.243386e-10 2.105587e-04
2.157744e+07 1.143441e-02 3.021346e-10 2.044590e-04
2.192805e+07 1.125886e-02 2.814509e-10 1.985361e-04
2.228435e+07 1.108601e-02 2.621838e-10 1.927849e-04
2.264644e+07 1.091581e-02 2.442353e-10 1.872002e-04
2.301442e+07 1.074822e-02 2.275152e-10 1.817772e-04
2.338837e+07 1.058321e-02 2.119404e-10 1.765115e-04
2.376840e+07 1.042072e-02 1.974306e-10 1.713980e-04
2.415461e+07 1.026073e-02 1.839146e-10 1.664327e-04
2.454709e+07 1.010320e-02 1.713243e-10 1.616114e-04
2.494595e+07 9.948085e-03 1.595955e-10 1.569297e-04
2.535129e+07 9.795351e-03 1.486697e-10 1.523835e-04
2.576321e+07 9.644964e-03 1.384920e-10 1.479691e-04
2.618183e+07 9.496883e-03 1.290109e-10 1.436826e-04
2.660725e+07 9.351076e-03 1.201789e-10 1.395202e-04
2.703958e+07 9.207508e-03 1.119515e-10 1.354784e-04
2.747894e+07 9.066143e-03 1.042874e-10 1.315536e-04
2.792544e+07 8.926947e-03 9.714781e-11 1.277426e-04
2.837919e+07 8.789890e-03 9.049713e-11 1.240419e-04
2.884032e+07 8.654934e-03 8.430160e-11 1.204484e-04
2.930893e+07 8.522054e-03 7.853040e-11 1.169591e-04
2.978516e+07 8.391212e-03 7.315420e-11 1.135709e-04
3.026913e+07 8.262378e-03 6.814603e-11 1.102807e-04
3.076097e+07 8.135521e-03 6.348068e-11 1.070859e-04
3.126079e+07 8.010614e-03 5.913481e-11 1.039836e-04
3.176874e+07 7.887622e-03 5.508637e-11 1.009712e-04
3.228494e+07 7.766520e-03 5.131514e-11 9.804609e-05
3.280953e+07 7.647276e-03 4.780205e-11 9.520568e-05
3.334264e+07 7.529863e-03 4.452948e-11 9.244756e-05
3.388442e+07 7.414252e-03 4.148094e-11 8.976932e-05
3.443499e+07 7.300418e-03 3.864115e-11 8.716872e-05
3.499452e+07 7.188329e-03 3.599571e-11 8.464340e-05
3.556313e+07 7.077963e-03 3.353142e-11 8.219128e-05
3.614099e+07 6.969289e-03 3.123579e-11 7.981015e-05
3.672823e+07 6.862285e-03 2.909736e-11 7.749802e-05
3.732502e+07 6.756923e-03 2.710530e-11 7.525287e-05
3.793150e+07 6.653180e-03 2.524965e-11 7.307278e-05
3.854784e+07 6.551028e-03 2.352101e-11 7.095581e-05
3.917419e+07 6.450446e-03 2.191074e-11 6.890020e-05
3.981072e+07 6.351407e-03 2.041069e-11 6.690412e-05
4.045759e+07 6.253889e-03 1.901335e-11 6.496588e-05
4.111497e+07 6.157869e-03 1.771167e-11 6.308380e-05
4.178304e+07 6.063321e-03 1.649909e-11 6.125620e-05
4.246196e+07 5.970226e-03 1.536953e-11 5.948158e-05
4.315191e+07 5.878560e-03 1.431731e-11 5.775835e-05
4.385307e+07 5.788302e-03 1.333712e-11 5.608507e-05
4.456562e+07 5.699430e-03 1.242405e-11 5.446026e-05
4.528976e+07 5.611920e-03 1.157346e-11 5.288248e-05
4.602566e+07 5.525756e-03 1.078112e-11 5.135045e-05
4.677351e+07 5.440914e-03 1.004303e-11 4.986279e-05
4.753352e+07 5.357375e-03 9.355463e-12 4.841823e-05
4.830588e+07 5.275118e-03 8.714966e-12 4.701551e-05
4.909079e+07 5.194124e-03 8.118320e-12 4.565343e-05
4.988845e+07 5.114374e-03 7.562525e-12 4.433082e-05
5.069907e+07 5.035848e-03 7.044777e-12 4.304651e-05
5.152286e+07 4.958528e-03 6.562478e-12 4.179942e-05
5.236004e+07 4.882395e-03 6.113196e-12 4.058846e-05
5.321083e+07 4.807430e-03 5.694669e-12 3.941256e-05
5.407543e+07 4.733617e-03 5.304800e-12 3.827075e-05
5.495409e+07 4.660937e-03 4.941621e-12 3.716201e-05
5.584702e+07 4.589373e-03 4.603306e-12 3.608539e-05
5.675446e+07 4.518908e-03 4.288154e-12 3.503996e-05
5.767665e+07 4.449524e-03 3.994575e-12 3.402481e-05
5.861382e+07 4.381206e-03 3.721097e-12 3.303908e-05
5.956621e+07 4.313937e-03 3.466342e-12 3.208191e-05
6.053409e+07 4.247700e-03 3.229026e-12 3.115246e-05
6.151769e+07 4.182481e-03 3.007960e-12 3.024994e-05
6.251727e+07 4.118263e-03 2.802028e-12 2.937357e-05
6.353309e+07 4.055031e-03 2.610194e-12 2.852259e-05
6.456542e+07 3.992770e-03 2.431494e-12 2.769626e-05
6.561453e+07 3.931464e-03 2.265026e-12 2.689386e-05
6.668068e+07 3.871100e-03 2.109957e-12 2.611472e-05
6.776415e+07 3.811663e-03 1.965504e-12 2.535815e-05
6.886523e+07 3.753138e-03 1.830940e-12 2.462349e-05
6.998420e+07 3.695512e-03 1.705589e-12 2.391012e-05
7.112135e+07 3.638771e-03 1.588820e-12 2.321742e-05
7.227698e+07 3.582901e-03 1.480045e-12 2.254479e-05
7.345139e+07 3.527888e-03 1.378716e-12 2.189163e-05
7.464488e+07 3.473721e-03 1.284327e-12 2.125741e-05
7.585776e+07 3.420385e-03 1.196398e-12 2.064156e-05
7.709035e+07 3.367868e-03 1.114489e-12 2.004355e-05
7.834296e+07 3.316157e-03 1.038188e-12 1.946286e-05
7.961594e+07 3.265240e-03 9.671103e-13 1.889899e-05
8.090959e+07 3.215105e-03 9.008992e-13 1.835147e-05
8.222426e+07 3.165740e-03 8.392213e-13 1.781981e-05
8.356030e+07 3.117133e-03 7.817662e-13 1.730355e-05
8.491805e+07 3.069272e-03 7.282442e-13 1.680224e-05
8.629785e+07 3.022146e-03 6.783866e-13 1.631546e-05
8.770008e+07 2.975743e-03 6.319419e-13 1.584278e-05
8.912509e+07 2.930053e-03 5.886774e-13 1.538379e-05
9.057326e+07 2.885065e-03 5.483753e-13 1.493811e-05
9.204496e+07 2.840767e-03 5.108317e-13 1.450533e-05
9.354057e+07 2.797149e-03 4.758584e-13 1.408509e-05
9.506048e+07 2.754201e-03 4.432797e-13 1.367703e-05
9.660509e+07 2.711913e-03 4.129318e-13 1.328079e-05
9.817479e+07 2.670274e-03 3.846615e-13 1.289603e-05
9.977001e+07 2.629274e-03 3.583263e-13 1.252242e-05
1.013911e+08 2.588904e-03 3.337945e-13 1.215963e-05
1.030386e+08 2.549153e-03 3.109417e-13 1.180734e-05
1.047129e+08 2.510012e-03 2.896532e-13 1.146526e-05
1.064143e+08 2.471473e-03 2.698228e-13 1.113310e-05
1.081434e+08 2.433526e-03 2.513502e-13 1.081056e-05
1.099006e+08 2.396161e-03 2.341419e-13 1.049737e-05
1.116863e+08 2.359370e-03 2.181119e-13 1.019325e-05
1.135011e+08 2.323143e-03 2.031790e-13 9.897928e-06
1.153453e+08 2.287474e-03 1.892692e-13 9.611180e-06
1.172195e+08 2.252352e-03 1.763114e-13 9.332734e-06
1.191242e+08 2.217768e-03 1.642402e-13 9.062345e-06
1.210598e+08 2.183716e-03 1.529959e-13 8.799798e-06
1.230269e+08 2.150186e-03 1.425211e-13 8.544850e-06
1.250259e+08 2.117172e-03 1.327638e-13 8.297298e-06
1.270574e+08 2.084665e-03 1.236745e-13 8.056918e-06
1.291219e+08 2.052657e-03 1.152075e-13 7.823501e-06
1.312200e+08 2.021139e-03 1.073198e-13 7.596836e-06
1.333521e+08 1.990107e-03 9.997257e-14 7.376752e-06
1.355189e+08 1.959550e-03 9.312804e-14 7.163035e-06
1.377209e+08 1.929463e-03 8.675229e-14 6.955515e-06
1.399587e+08 1.899838e-03 8.081304e-14 6.754007e-06
1.422329e+08 1.870666e-03 7.528006e-14 6.558324e-06
1.445440e+08 1.841944e-03 7.012627e-14 6.368325e-06
1.468926e+08 1.813663e-03 6.532531e-14 6.183830e-06
1.492794e+08 1.785815e-03 6.085284e-14 6.004672e-06
1.517050e+08 1.758395e-03 5.668664e-14 5.830707e-06
1.541700e+08 1.731397e-03 5.280581e-14 5.661789e-06
1.566751e+08 1.704812e-03 4.919047e-14 5.497754e-06
1.592209e+08 1.678636e-03 4.582275e-14 5.338477e-06
1.618080e+08 1.652862e-03 4.268560e-14 5.183815e-06
1.644372e+08 1.627483e-03 3.976315e-14 5.033630e-06
1.671091e+08 1.602494e-03 3.704081e-14 4.887797e-06
1.698244e+08 1.577889e-03 3.450489e-14 4.746191e-06
1.725838e+08 1.553662e-03 3.214261e-14 4.608689e-06
1.753881e+08 1.529806e-03 2.994196e-14 4.475165e-06
1.782379e+08 1.506318e-03 2.789213e-14 4.345519e-06
1.811340e+08 1.483189e-03 2.598249e-14 4.219620e-06
1.840772e+08 1.460416e-03 2.420367e-14 4.097373e-06
1.870682e+08 1.437993e-03 2.254665e-14 3.978670e-06
1.901078e+08 1.415913e-03 2.100299e-14 3.863398e-06
1.931968e+08 1.394173e-03 1.956508e-14 3.751472e-06
1.963360e+08 1.372767e-03 1.822562e-14 3.642789e-06
1.995262e+08 1.351689e-03 1.697783e-14 3.537251e-06
2.027683e+08 1.330934e-03 1.581542e-14 3.434768e-06
2.060630e+08 1.310499e-03 1.473268e-14 3.335260e-06
2.094112e+08 1.290378e-03 1.372407e-14 3.238636e-06
2.128139e+08 1.270564e-03 1.278442e-14 3.144803e-06
2.162719e+08 1.251056e-03 1.190918e-14 3.053696e-06
2.197860e+08 1.231847e-03 1.109384e-14 2.965226e-06
2.233572e+08 1.212933e-03 1.033433e-14 2.879320e-06
2.269865e+08 1.194309e-03 9.626793e-15 2.795901e-06
2.306747e+08 1.175971e-03 8.967703e-15 2.714898e-06
2.344229e+08 1.157915e-03 8.353751e-15 2.636245e-06
2.382319e+08 1.140136e-03 7.781824e-15 2.559868e-06
2.421029e+08 1.122630e-03 7.249054e-15 2.485705e-06
2.460368e+08 1.105393e-03 6.752765e-15 2.413691e-06
2.500345e+08 1.088421e-03 6.290462e-15 2.343765e-06
2.540973e+08 1.071709e-03 5.859794e-15 2.275863e-06
2.582260e+08 1.055254e-03 5.458621e-15 2.209929e-06
2.624219e+08 1.039051e-03 5.084899e-15 2.145903e-06
2.666859e+08 1.023097e-03 4.736767e-15 2.083732e-06
2.710192e+08 1.007388e-03 4.412471e-15 2.023363e-06
2.754229e+08 9.919203e-04 4.110379e-15 1.964744e-06
2.798981e+08 9.766903e-04 3.828973e-15 1.907823e-06
2.844461e+08 9.616939e-04 3.566829e-15 1.852550e-06
2.890680e+08 9.469277e-04 3.322631e-15 1.798879e-06
2.937650e+08 9.323882e-04 3.095151e-15 1.746763e-06
2.985383e+08 9.180721e-04 2.883247e-15 1.696156e-06
3.033891e+08 9.039759e-04 2.685853e-15 1.647017e-06
3.083188e+08 8.900960e-04 2.501970e-15 1.599300e-06
3.133286e+08 8.764292e-04 2.330677e-15 1.552966e-06
3.184198e+08 8.629722e-04 2.171111e-15 1.507974e-06
3.235937e+08 8.497219e-04 2.022470e-15 1.464286e-06
3.288516e+08 8.366752e-04 1.884006e-15 1.421864e-06
3.341950e+08 8.238287e-04 1.755022e-15 1.380671e-06
3.396253e+08 8.111793e-04 1.634866e-15 1.340670e-06
3.451437e+08 7.987244e-04 1.522939e-15 1.301830e-06
3.507519e+08 7.864604e-04 1.418673e-15 1.264113e-06
3.564511e+08 7.743850e-04 1.321547e-15 1.227491e-06
3.622430e+08 7.624948e-04 1.231069e-15 1.191928e-06
3.681290e+08 7.507872e-04 1.146785e-15 1.157396e-06
3.741106e+08 7.392595e-04 1.068273e-15 1.123865e-06
3.801894e+08 7.279087e-04 9.951359e-16 1.091305e-06
3.863670e+08 7.167321e-04 9.270052e-16 1.059688e-06
3.926449e+08 7.057273e-04 8.635399e-16 1.028988e-06
3.990249e+08 6.948914e-04 8.044194e-16 9.991764e-07
4.055085e+08 6.842219e-04 7.493465e-16 9.702290e-07
4.120975e+08 6.737161e-04 6.980435e-16 9.421199e-07
4.187936e+08 6.633716e-04 6.502528e-16 9.148251e-07
4.255984e+08 6.531861e-04 6.057347e-16 8.883215e-07
4.325138e+08 6.431569e-04 5.642642e-16 8.625855e-07
4.395416e+08 6.332817e-04 5.256329e-16 8.375952e-07
4.466836e+08 6.235581e-04 4.896463e-16 8.133288e-07
4.539416e+08 6.139838e-04 4.561234e-16 7.897655e-07
4.613176e+08 6.045565e-04 4.248957e-16 7.668847e-07
4.688134e+08 5.952740e-04 3.958060e-16 7.446670e-07
4.764310e+08 5.861340e-04 3.687078e-16 7.230930e-07
4.841724e+08 5.771343e-04 3.434648e-16 7.021438e-07
4.920395e+08 5.682729e-04 3.199503e-16 6.818019e-07
5.000345e+08 5.595475e-04 2.980455e-16 6.620491e-07
5.081594e+08 5.509561e-04 2.776404e-16 6.428687e-07
5.164164e+08 5.424965e-04 2.586321e-16 6.242437e-07
5.248075e+08 5.341668e-04 2.409252e-16 6.061584e-07
5.333349e+08 5.259651e-04 2.244308e-16 5.885972e-07
5.420009e+08 5.178893e-04 2.090655e-16 5.715447e-07
5.508077e+08 5.099375e-04 1.947523e-16 5.549862e-07
5.597576e+08 5.021078e-04 1.814189e-16 5.389075e-07
5.688529e+08 4.943983e-04 1.689984e-16 5.232946e-07
5.780960e+08 4.868072e-04 1.574283e-16 5.081340e-07
5.874894e+08 4.793326e-04 1.466502e-16 4.934126e-07
5.970353e+08 4.719728e-04 1.366100e-16 4.791177e-07
6.067363e+08 4.647260e-04 1.272573e-16 4.652370e-07
6.165950e+08 4.575905e-04 1.185449e-16 4.517585e-07
6.266139e+08 4.505645e-04 1.104289e-16 4.386703e-07
6.367955e+08 4.436464e-04 1.028685e-16 4.259614e-07
6.471426e+08 4.368346e-04 9.582589e-17 4.136208e-07
6.576578e+08 4.301273e-04 8.926532e-17 4.016376e-07
6.683439e+08 4.235230e-04 8.315392e-17 3.900015e-07
6.792036e+08 4.170201e-04 7.746092e-17 3.787026e-07
6.902398e+08 4.106171e-04 7.215773e-17 3.677311e-07
7.014553e+08 4.043123e-04 6.721752e-17 3.570773e-07
7.128530e+08 3.981044e-04 6.261561e-17 3.467323e-07
7.244360e+08 3.919918e-04 5.832874e-17 3.366869e-07
7.362071e+08 3.859730e-04 5.433534e-17 3.269325e-07
7.481695e+08 3.800467e-04 5.061539e-17 3.174609e-07
7.603263e+08 3.742114e-04 4.715012e-17 3.082637e-07
7.726806e+08 3.684656e-04 4.392204e-17 2.993327e-07
7.852356e+08 3.628081e-04 4.091500e-17 2.906607e-07
7.979947e+08 3.572375e-04 3.811386e-17 2.822399e-07
8.109611e+08 3.517523e-04 3.550442e-17 2.740629e-07
8.241381e+08 3.463514e-04 3.307368e-17 2.661229e-07
8.375293e+08 3.410335e-04 3.080938e-17 2.584130e-07
8.511380e+08 3.357972e-04 2.870007e-17 2.509264e-07
8.649679e+08 3.306412e-04 2.673515e-17 2.436566e-07
8.790225e+08 3.255645e-04 2.490479e-17 2.365976e-07
8.933055e+08 3.205657e-04 2.319973e-17 2.297431e-07
9.078205e+08 3.156436e-04 2.161139e-17 2.230870e-07
9.225714e+08 3.107971e-04 2.013179e-17 2.166238e-07
9.375620e+08 3.060251e-04 1.875352e-17 2.103480e-07
9.527962e+08 3.013263e-04 1.746960e-17 2.042539e-07
9.682779e+08 2.966996e-04 1.627356e-17 1.983363e-07
9.840111e+08 2.921440e-04 1.515942e-17 1.925902e-07
1.000000e+09 2.876584e-04 1.412157e-17 1.870107e-07
