96
0.
0.001322
0.0018058
0.0022896
0.0027735
0.0032573
0.0037411
0.0042249
0.0047087
0.0051926
0.0056764
0.0061602
0.006644
0.0071278
0.0076117
0.0080955
0.0085793
0.0090631
0.0095469
0.0100308
0.0105146
0.0109984
0.0114822
0.011966
0.0124498
0.0129337
0.0134175
0.0139013
0.0143851
0.0148689
0.0153528
0.0158366
0.0163204
0.0168042
0.017288
0.0177719
0.0182557
0.0187395
0.0192233
0.0197071
0.020191
0.0206748
0.0211586
0.0216424
0.0221262
0.0226101
0.0230939
0.0235777
0.0240615
0.0245453
0.0250291
0.025513
0.0259968
0.0264806
0.0269644
0.0274482
0.0279321
0.0284159
0.0288997
0.0293835
0.0298673
0.0303512
0.030835
0.0313188
0.0318026
0.0322864
0.0327703
0.0332541
0.0337379
0.0342217
0.0347055
0.0351893
0.0356732
0.036157
0.0366408
0.0371246
0.0376084
0.0380923
0.0385761
0.0390599
0.0395437
0.0400275
0.0405114
0.0409952
0.041479
0.0419628
0.0424466
0.0429305
0.0434143
0.0438981
0.0443819
0.0448657
0.0453495
0.0458334
0.0463172
0.05

0.2321
0.2321
0.2344
0.2355
0.235
0.2328
0.2314
0.2321
0.232
0.2284
0.2229
0.2202
0.2208
0.2204
0.2182
0.2179
0.2197
0.2209
0.2202
0.2173
0.2152
0.2136
0.2101
0.2085
0.2082
0.2088
0.2111
0.2133
0.213
0.2109
0.2082
0.2067
0.2056
0.2055
0.2037
0.1982
0.1923
0.1891
0.1882
0.196
0.2094
0.2149
0.2124
0.2124
0.207
0.1823
0.1572
0.1605
0.1713
0.1693
0.1653
0.1607
0.1576
0.1577
0.158
0.1566
0.157
0.1576
0.157
0.1575
0.1586
0.158
0.1558
0.1551
0.1547
0.1539
0.154
0.1537
0.153
0.153
0.1529
0.1518
0.1515
0.1525
0.1524
0.1519
0.1525
0.152
0.1509
0.1507
0.1505
0.1496
0.1497
0.1503
0.1502
0.1508
0.1511
0.1499
0.1498
0.1509
0.1514
0.1509
0.1518
0.1518
0.1491
0.1491
