0.2321
0.2321
0.2344
0.2355
0.235
0.2328
0.2314
0.2321
0.232
0.2284
0.2229
0.2202
0.2208
0.2204
0.2182
0.2179
0.2197
0.2209
0.2202
0.2173
0.2152
0.2136
0.2101
0.2085
0.2082
0.2088
0.2111
0.2133
0.213
0.2109
0.2082
0.2067
0.2056
0.2055
0.2037
0.1982
0.1923
0.1891
0.1882
0.196
0.2094
0.2149
0.2124
0.2124
0.207
0.1823
0.1572
0.1605
0.1713
0.1693
0.1653
0.1607
0.1576
0.1577
0.158
0.1566
0.157
0.1576
0.157
0.1575
0.1586
0.158
0.1558
0.1551
0.1547
0.1539
0.154
0.1537
0.153
0.153
0.1529
0.1518
0.1515
0.1525
0.1524
0.1519
0.1525
0.152
0.1509
0.1507
0.1505
0.1496
0.1497
0.1503
0.1502
0.1508
0.1511
0.1499
0.1498
0.1509
0.1514
0.1509
0.1518
0.1518
0.1491
0.1491
