# Models: X-axis(1) VanGenuchten(2) MualemVanGenuchten(3)
# Labels: p_c(1) s_l(2) k_r(3)
1.000000e+05 9.999957e-01 9.890092e-01
1.004967e+05 9.999957e-01 9.890092e-01
1.009958e+05 9.999956e-01 9.888952e-01
1.014974e+05 9.999956e-01 9.888952e-01
1.020015e+05 9.999955e-01 9.887826e-01
1.025080e+05 9.999955e-01 9.887826e-01
1.030172e+05 9.999955e-01 9.887826e-01
1.035288e+05 9.999954e-01 9.886714e-01
1.040430e+05 9.999954e-01 9.886714e-01
1.045597e+05 9.999953e-01 9.885615e-01
1.050790e+05 9.999953e-01 9.885615e-01
1.056009e+05 9.999952e-01 9.884529e-01
1.061253e+05 9.999952e-01 9.884529e-01
1.066524e+05 9.999952e-01 9.884529e-01
1.071821e+05 9.999951e-01 9.883456e-01
1.077144e+05 9.999951e-01 9.883456e-01
1.082494e+05 9.999950e-01 9.882394e-01
1.087870e+05 9.999950e-01 9.882394e-01
1.093273e+05 9.999949e-01 9.881344e-01
1.098703e+05 9.999949e-01 9.881344e-01
1.104160e+05 9.999948e-01 9.880306e-01
1.109643e+05 9.999948e-01 9.880306e-01
1.115154e+05 9.999948e-01 9.880306e-01
1.120693e+05 9.999947e-01 9.879278e-01
1.126259e+05 9.999947e-01 9.879278e-01
1.131852e+05 9.999946e-01 9.878261e-01
1.137474e+05 9.999946e-01 9.878261e-01
1.143123e+05 9.999945e-01 9.877255e-01
1.148800e+05 9.999945e-01 9.877255e-01
1.154506e+05 9.999944e-01 9.876258e-01
1.160240e+05 9.999944e-01 9.876258e-01
1.166002e+05 9.999943e-01 9.875272e-01
1.171793e+05 9.999943e-01 9.875272e-01
1.177613e+05 9.999942e-01 9.874295e-01
1.183461e+05 9.999942e-01 9.874295e-01
1.189339e+05 9.999941e-01 9.873327e-01
1.195246e+05 9.999941e-01 9.873327e-01
1.201182e+05 9.999940e-01 9.872368e-01
1.207148e+05 9.999939e-01 9.871418e-01
1.213143e+05 9.999939e-01 9.871418e-01
1.219168e+05 9.999938e-01 9.870476e-01
1.225223e+05 9.999938e-01 9.870476e-01
1.231308e+05 9.999937e-01 9.869543e-01
1.237424e+05 9.999937e-01 9.869543e-01
1.243569e+05 9.999936e-01 9.868618e-01
1.249746e+05 9.999935e-01 9.867701e-01
1.255952e+05 9.999935e-01 9.867701e-01
1.262190e+05 9.999934e-01 9.866792e-01
1.268459e+05 9.999934e-01 9.866792e-01
1.274759e+05 9.999933e-01 9.865890e-01
1.281090e+05 9.999933e-01 9.865890e-01
1.287452e+05 9.999932e-01 9.864996e-01
1.293846e+05 9.999931e-01 9.864109e-01
1.300272e+05 9.999931e-01 9.864109e-01
1.306730e+05 9.999930e-01 9.863229e-01
1.313220e+05 9.999929e-01 9.862356e-01
1.319742e+05 9.999929e-01 9.862356e-01
1.326297e+05 9.999928e-01 9.861489e-01
1.332884e+05 9.999927e-01 9.860630e-01
1.339504e+05 9.999927e-01 9.860630e-01
1.346156e+05 9.999926e-01 9.859777e-01
1.352842e+05 9.999925e-01 9.858930e-01
1.359561e+05 9.999925e-01 9.858930e-01
1.366313e+05 9.999924e-01 9.858089e-01
1.373099e+05 9.999923e-01 9.857255e-01
1.379918e+05 9.999923e-01 9.857255e-01
1.386772e+05 9.999922e-01 9.856426e-01
1.393659e+05 9.999921e-01 9.855603e-01
1.400581e+05 9.999921e-01 9.855603e-01
1.407537e+05 9.999920e-01 9.854787e-01
1.414527e+05 9.999919e-01 9.853975e-01
1.421553e+05 9.999918e-01 9.853169e-01
1.428613e+05 9.999918e-01 9.853169e-01
1.435708e+05 9.999917e-01 9.852369e-01
1.442838e+05 9.999916e-01 9.851574e-01
1.450004e+05 9.999915e-01 9.850784e-01
1.457206e+05 9.999915e-01 9.850784e-01
1.464443e+05 9.999914e-01 9.849999e-01
1.471716e+05 9.999913e-01 9.849220e-01
1.479026e+05 9.999912e-01 9.848445e-01
1.486371e+05 9.999912e-01 9.848445e-01
1.493753e+05 9.999911e-01 9.847675e-01
1.501172e+05 9.999910e-01 9.846910e-01
1.508628e+05 9.999909e-01 9.846150e-01
1.516120e+05 9.999908e-01 9.845394e-01
1.523650e+05 9.999907e-01 9.844642e-01
1.531217e+05 9.999907e-01 9.844642e-01
1.538822e+05 9.999906e-01 9.843896e-01
1.546465e+05 9.999905e-01 9.843153e-01
1.554145e+05 9.999904e-01 9.842415e-01
1.561864e+05 9.999903e-01 9.841681e-01
1.569621e+05 9.999902e-01 9.840951e-01
1.577416e+05 9.999901e-01 9.840226e-01
1.585251e+05 9.999901e-01 9.840226e-01
1.593124e+05 9.999900e-01 9.839504e-01
1.601036e+05 9.999899e-01 9.838787e-01
1.608988e+05 9.999898e-01 9.838073e-01
1.616979e+05 9.999897e-01 9.837363e-01
1.625009e+05 9.999896e-01 9.836657e-01
1.633080e+05 9.999895e-01 9.835955e-01
1.641191e+05 9.999894e-01 9.835256e-01
1.649342e+05 9.999893e-01 9.834561e-01
1.657533e+05 9.999892e-01 9.833870e-01
1.665765e+05 9.999891e-01 9.833182e-01
1.674039e+05 9.999890e-01 9.832498e-01
1.682353e+05 9.999889e-01 9.831817e-01
1.690708e+05 9.999888e-01 9.831139e-01
1.699105e+05 9.999887e-01 9.830465e-01
1.707544e+05 9.999886e-01 9.829794e-01
1.716024e+05 9.999885e-01 9.829127e-01
1.724547e+05 9.999884e-01 9.828462e-01
1.733112e+05 9.999883e-01 9.827801e-01
1.741719e+05 9.999882e-01 9.827143e-01
1.750370e+05 9.999881e-01 9.826488e-01
1.759063e+05 9.999880e-01 9.825836e-01
1.767799e+05 9.999879e-01 9.825187e-01
1.776579e+05 9.999878e-01 9.824541e-01
1.785402e+05 9.999877e-01 9.823898e-01
1.794270e+05 9.999875e-01 9.822620e-01
1.803181e+05 9.999874e-01 9.821985e-01
1.812136e+05 9.999873e-01 9.821354e-01
1.821136e+05 9.999872e-01 9.820725e-01
1.830181e+05 9.999871e-01 9.820098e-01
1.839271e+05 9.999870e-01 9.819475e-01
1.848406e+05 9.999869e-01 9.818854e-01
1.857586e+05 9.999867e-01 9.817620e-01
1.866811e+05 9.999866e-01 9.817006e-01
1.876083e+05 9.999865e-01 9.816396e-01
1.885401e+05 9.999864e-01 9.815787e-01
1.894764e+05 9.999862e-01 9.814578e-01
1.904175e+05 9.999861e-01 9.813978e-01
1.913632e+05 9.999860e-01 9.813379e-01
1.923136e+05 9.999859e-01 9.812783e-01
1.932687e+05 9.999857e-01 9.811598e-01
1.942286e+05 9.999856e-01 9.811009e-01
1.951932e+05 9.999855e-01 9.810422e-01
1.961627e+05 9.999854e-01 9.809837e-01
1.971369e+05 9.999852e-01 9.808674e-01
1.981160e+05 9.999851e-01 9.808096e-01
1.990999e+05 9.999850e-01 9.807520e-01
2.000888e+05 9.999848e-01 9.806375e-01
2.010825e+05 9.999847e-01 9.805805e-01
2.020812e+05 9.999845e-01 9.804672e-01
2.030848e+05 9.999844e-01 9.804108e-01
2.040935e+05 9.999843e-01 9.803547e-01
2.051071e+05 9.999841e-01 9.802429e-01
2.061258e+05 9.999840e-01 9.801874e-01
2.071495e+05 9.999838e-01 9.800768e-01
2.081783e+05 9.999837e-01 9.800218e-01
2.092122e+05 9.999835e-01 9.799124e-01
2.102513e+05 9.999834e-01 9.798579e-01
2.112955e+05 9.999832e-01 9.797496e-01
2.123449e+05 9.999831e-01 9.796957e-01
2.133995e+05 9.999829e-01 9.795884e-01
2.144593e+05 9.999828e-01 9.795351e-01
2.155245e+05 9.999826e-01 9.794288e-01
2.165949e+05 9.999825e-01 9.793759e-01
2.176706e+05 9.999823e-01 9.792707e-01
2.187517e+05 9.999821e-01 9.791661e-01
2.198381e+05 9.999820e-01 9.791141e-01
2.209299e+05 9.999818e-01 9.790105e-01
2.220272e+05 9.999817e-01 9.789589e-01
2.231299e+05 9.999815e-01 9.788562e-01
2.242380e+05 9.999813e-01 9.787542e-01
2.253517e+05 9.999812e-01 9.787034e-01
2.264709e+05 9.999810e-01 9.786022e-01
2.275957e+05 9.999808e-01 9.785016e-01
2.287261e+05 9.999806e-01 9.784017e-01
2.298620e+05 9.999805e-01 9.783519e-01
2.310037e+05 9.999803e-01 9.782527e-01
2.321509e+05 9.999801e-01 9.781542e-01
2.333039e+05 9.999799e-01 9.780561e-01
2.344626e+05 9.999797e-01 9.779586e-01
2.356271e+05 9.999796e-01 9.779101e-01
2.367973e+05 9.999794e-01 9.778134e-01
2.379734e+05 9.999792e-01 9.777172e-01
2.391553e+05 9.999790e-01 9.776215e-01
2.403431e+05 9.999788e-01 9.775264e-01
2.415367e+05 9.999786e-01 9.774317e-01
2.427363e+05 9.999784e-01 9.773375e-01
2.439419e+05 9.999782e-01 9.772438e-01
2.451534e+05 9.999780e-01 9.771506e-01
2.463710e+05 9.999778e-01 9.770578e-01
2.475946e+05 9.999776e-01 9.769655e-01
2.488243e+05 9.999774e-01 9.768737e-01
2.500600e+05 9.999772e-01 9.767823e-01
2.513020e+05 9.999770e-01 9.766914e-01
2.525501e+05 9.999768e-01 9.766009e-01
2.538044e+05 9.999766e-01 9.765108e-01
2.550649e+05 9.999764e-01 9.764212e-01
2.563317e+05 9.999762e-01 9.763319e-01
2.576047e+05 9.999760e-01 9.762431e-01
2.588841e+05 9.999757e-01 9.761107e-01
2.601699e+05 9.999755e-01 9.760229e-01
2.614620e+05 9.999753e-01 9.759355e-01
2.627606e+05 9.999751e-01 9.758485e-01
2.640656e+05 9.999749e-01 9.757618e-01
2.653771e+05 9.999746e-01 9.756326e-01
2.666951e+05 9.999744e-01 9.755470e-01
2.680196e+05 9.999742e-01 9.754617e-01
2.693507e+05 9.999739e-01 9.753344e-01
2.706885e+05 9.999737e-01 9.752500e-01
2.720328e+05 9.999735e-01 9.751660e-01
2.733839e+05 9.999732e-01 9.750405e-01
2.747417e+05 9.999730e-01 9.749574e-01
2.761062e+05 9.999727e-01 9.748333e-01
2.774775e+05 9.999725e-01 9.747509e-01
2.788556e+05 9.999722e-01 9.746281e-01
2.802405e+05 9.999720e-01 9.745466e-01
2.816323e+05 9.999717e-01 9.744249e-01
2.830310e+05 9.999715e-01 9.743442e-01
2.844367e+05 9.999712e-01 9.742238e-01
2.858494e+05 9.999710e-01 9.741438e-01
2.872691e+05 9.999707e-01 9.740245e-01
2.886958e+05 9.999704e-01 9.739059e-01
2.901296e+05 9.999702e-01 9.738272e-01
2.915705e+05 9.999699e-01 9.737096e-01
2.930186e+05 9.999696e-01 9.735928e-01
2.944739e+05 9.999693e-01 9.734765e-01
2.959364e+05 9.999691e-01 9.733994e-01
2.974062e+05 9.999688e-01 9.732842e-01
2.988832e+05 9.999685e-01 9.731696e-01
3.003676e+05 9.999682e-01 9.730556e-01
3.018594e+05 9.999679e-01 9.729422e-01
3.033586e+05 9.999676e-01 9.728294e-01
3.048653e+05 9.999674e-01 9.727545e-01
3.063794e+05 9.999671e-01 9.726427e-01
3.079010e+05 9.999668e-01 9.725314e-01
3.094302e+05 9.999665e-01 9.724207e-01
3.109670e+05 9.999662e-01 9.723105e-01
3.125114e+05 9.999658e-01 9.721645e-01
3.140635e+05 9.999655e-01 9.720556e-01
3.156233e+05 9.999652e-01 9.719472e-01
3.171909e+05 9.999649e-01 9.718393e-01
3.187662e+05 9.999646e-01 9.717320e-01
3.203493e+05 9.999643e-01 9.716251e-01
3.219404e+05 9.999640e-01 9.715188e-01
3.235393e+05 9.999636e-01 9.713777e-01
3.251461e+05 9.999633e-01 9.712725e-01
3.267610e+05 9.999630e-01 9.711677e-01
3.283839e+05 9.999626e-01 9.710288e-01
3.300148e+05 9.999623e-01 9.709252e-01
3.316538e+05 9.999620e-01 9.708220e-01
3.333010e+05 9.999616e-01 9.706851e-01
3.349563e+05 9.999613e-01 9.705829e-01
3.366199e+05 9.999609e-01 9.704474e-01
3.382917e+05 9.999606e-01 9.703463e-01
3.399718e+05 9.999602e-01 9.702121e-01
3.416603e+05 9.999598e-01 9.700787e-01
3.433572e+05 9.999595e-01 9.699791e-01
3.450624e+05 9.999591e-01 9.698469e-01
3.467762e+05 9.999587e-01 9.697155e-01
3.484985e+05 9.999584e-01 9.696174e-01
3.502293e+05 9.999580e-01 9.694872e-01
3.519687e+05 9.999576e-01 9.693577e-01
3.537168e+05 9.999572e-01 9.692288e-01
3.554735e+05 9.999568e-01 9.691007e-01
3.572390e+05 9.999564e-01 9.689732e-01
3.590132e+05 9.999561e-01 9.688779e-01
3.607963e+05 9.999557e-01 9.687516e-01
3.625881e+05 9.999553e-01 9.686258e-01
3.643889e+05 9.999548e-01 9.684695e-01
3.661987e+05 9.999544e-01 9.683452e-01
3.680174e+05 9.999540e-01 9.682214e-01
3.698452e+05 9.999536e-01 9.680983e-01
3.716820e+05 9.999532e-01 9.679757e-01
3.735280e+05 9.999528e-01 9.678537e-01
3.753831e+05 9.999523e-01 9.677020e-01
3.772475e+05 9.999519e-01 9.675813e-01
3.791211e+05 9.999515e-01 9.674612e-01
3.810040e+05 9.999510e-01 9.673118e-01
3.828962e+05 9.999506e-01 9.671929e-01
3.847979e+05 9.999501e-01 9.670450e-01
3.867090e+05 9.999497e-01 9.669273e-01
3.886296e+05 9.999492e-01 9.667809e-01
3.905597e+05 9.999488e-01 9.666643e-01
3.924995e+05 9.999483e-01 9.665193e-01
3.944488e+05 9.999478e-01 9.663751e-01
3.964078e+05 9.999474e-01 9.662603e-01
3.983766e+05 9.999469e-01 9.661175e-01
4.003552e+05 9.999464e-01 9.659754e-01
4.023435e+05 9.999459e-01 9.658340e-01
4.043418e+05 9.999454e-01 9.656934e-01
4.063499e+05 9.999450e-01 9.655814e-01
4.083681e+05 9.999445e-01 9.654421e-01
4.103962e+05 9.999440e-01 9.653034e-01
4.124345e+05 9.999434e-01 9.651380e-01
4.144828e+05 9.999429e-01 9.650008e-01
4.165414e+05 9.999424e-01 9.648643e-01
4.186101e+05 9.999419e-01 9.647285e-01
4.206892e+05 9.999414e-01 9.645933e-01
4.227785e+05 9.999408e-01 9.644320e-01
4.248783e+05 9.999403e-01 9.642982e-01
4.269884e+05 9.999398e-01 9.641651e-01
4.291091e+05 9.999392e-01 9.640061e-01
4.312402e+05 9.999387e-01 9.638743e-01
4.333820e+05 9.999381e-01 9.637169e-01
4.355344e+05 9.999376e-01 9.635864e-01
4.376975e+05 9.999370e-01 9.634306e-01
4.398713e+05 9.999364e-01 9.632756e-01
4.420559e+05 9.999358e-01 9.631214e-01
4.442514e+05 9.999353e-01 9.629935e-01
4.464578e+05 9.999347e-01 9.628408e-01
4.486751e+05 9.999341e-01 9.626888e-01
4.509035e+05 9.999335e-01 9.625376e-01
4.531429e+05 9.999329e-01 9.623872e-01
4.553935e+05 9.999323e-01 9.622375e-01
4.576552e+05 9.999317e-01 9.620886e-01
4.599281e+05 9.999311e-01 9.619404e-01
4.622124e+05 9.999304e-01 9.617684e-01
4.645079e+05 9.999298e-01 9.616217e-01
4.668149e+05 9.999292e-01 9.614758e-01
4.691334e+05 9.999285e-01 9.613063e-01
4.714633e+05 9.999279e-01 9.611618e-01
4.738049e+05 9.999272e-01 9.609941e-01
4.761580e+05 9.999266e-01 9.608511e-01
4.785229e+05 9.999259e-01 9.606850e-01
4.808995e+05 9.999252e-01 9.605198e-01
4.832878e+05 9.999246e-01 9.603789e-01
4.856881e+05 9.999239e-01 9.602153e-01
4.881003e+05 9.999232e-01 9.600525e-01
4.905244e+05 9.999225e-01 9.598906e-01
4.929606e+05 9.999218e-01 9.597295e-01
4.954089e+05 9.999211e-01 9.595692e-01
4.978694e+05 9.999204e-01 9.594096e-01
5.003421e+05 9.999196e-01 9.592283e-01
5.028270e+05 9.999189e-01 9.590704e-01
5.053243e+05 9.999182e-01 9.589133e-01
5.078340e+05 9.999174e-01 9.587346e-01
5.103562e+05 9.999167e-01 9.585791e-01
5.128909e+05 9.999159e-01 9.584023e-01
5.154381e+05 9.999152e-01 9.582483e-01
5.179981e+05 9.999144e-01 9.580732e-01
5.205707e+05 9.999136e-01 9.578990e-01
5.231561e+05 9.999129e-01 9.577474e-01
5.257544e+05 9.999121e-01 9.575749e-01
5.283656e+05 9.999113e-01 9.574032e-01
5.309897e+05 9.999105e-01 9.572325e-01
5.336269e+05 9.999097e-01 9.570625e-01
5.362771e+05 9.999088e-01 9.568724e-01
5.389406e+05 9.999080e-01 9.567042e-01
5.416172e+05 9.999072e-01 9.565369e-01
5.443072e+05 9.999064e-01 9.563704e-01
5.470105e+05 9.999055e-01 9.561840e-01
5.497272e+05 9.999046e-01 9.559985e-01
5.524574e+05 9.999038e-01 9.558346e-01
5.552012e+05 9.999029e-01 9.556510e-01
5.579586e+05 9.999020e-01 9.554684e-01
5.607297e+05 9.999012e-01 9.553068e-01
5.635146e+05 9.999003e-01 9.551259e-01
5.663133e+05 9.998994e-01 9.549460e-01
5.691259e+05 9.998984e-01 9.547471e-01
5.719525e+05 9.998975e-01 9.545690e-01
5.747931e+05 9.998966e-01 9.543918e-01
5.776478e+05 9.998957e-01 9.542154e-01
5.805167e+05 9.998947e-01 9.540205e-01
5.833999e+05 9.998938e-01 9.538459e-01
5.862973e+05 9.998928e-01 9.536529e-01
5.892092e+05 9.998918e-01 9.534609e-01
5.921355e+05 9.998909e-01 9.532890e-01
5.950763e+05 9.998899e-01 9.530989e-01
5.980318e+05 9.998889e-01 9.529097e-01
6.010019e+05 9.998879e-01 9.527215e-01
6.039868e+05 9.998869e-01 9.525342e-01
6.069865e+05 9.998858e-01 9.523293e-01
6.100011e+05 9.998848e-01 9.521440e-01
6.130307e+05 9.998838e-01 9.519595e-01
6.160753e+05 9.998827e-01 9.517577e-01
6.191351e+05 9.998816e-01 9.515569e-01
6.222100e+05 9.998806e-01 9.513752e-01
6.253002e+05 9.998795e-01 9.511764e-01
6.284058e+05 9.998784e-01 9.509786e-01
6.315268e+05 9.998773e-01 9.507817e-01
6.346633e+05 9.998762e-01 9.505859e-01
6.378153e+05 9.998751e-01 9.503911e-01
6.409831e+05 9.998739e-01 9.501796e-01
6.441665e+05 9.998728e-01 9.499867e-01
6.473658e+05 9.998716e-01 9.497774e-01
6.505809e+05 9.998705e-01 9.495865e-01
6.538120e+05 9.998693e-01 9.493792e-01
6.570592e+05 9.998681e-01 9.491730e-01
6.603225e+05 9.998669e-01 9.489679e-01
6.636020e+05 9.998657e-01 9.487638e-01
6.668978e+05 9.998645e-01 9.485607e-01
6.702099e+05 9.998633e-01 9.483586e-01
6.735385e+05 9.998621e-01 9.481575e-01
6.768837e+05 9.998608e-01 9.479408e-01
6.802454e+05 9.998596e-01 9.477417e-01
6.836239e+05 9.998583e-01 9.475271e-01
6.870191e+05 9.998570e-01 9.473137e-01
6.904312e+05 9.998557e-01 9.471013e-01
6.938602e+05 9.998544e-01 9.468899e-01
6.973063e+05 9.998531e-01 9.466797e-01
7.007695e+05 9.998518e-01 9.464705e-01
7.042499e+05 9.998504e-01 9.462463e-01
7.077475e+05 9.998491e-01 9.460392e-01
7.112626e+05 9.998477e-01 9.458173e-01
7.147951e+05 9.998463e-01 9.455965e-01
7.183451e+05 9.998449e-01 9.453768e-01
7.219128e+05 9.998435e-01 9.451583e-01
7.254982e+05 9.998421e-01 9.449408e-01
7.291014e+05 9.998407e-01 9.447245e-01
7.327225e+05 9.998392e-01 9.444938e-01
7.363615e+05 9.998378e-01 9.442797e-01
7.400187e+05 9.998363e-01 9.440513e-01
7.436940e+05 9.998348e-01 9.438242e-01
7.473876e+05 9.998333e-01 9.435982e-01
7.510995e+05 9.998318e-01 9.433733e-01
7.548298e+05 9.998303e-01 9.431496e-01
7.585787e+05 9.998288e-01 9.429270e-01
7.623462e+05 9.998272e-01 9.426907e-01
7.661324e+05 9.998257e-01 9.424703e-01
7.699374e+05 9.998241e-01 9.422364e-01
7.737613e+05 9.998225e-01 9.420037e-01
7.776042e+05 9.998209e-01 9.417722e-01
7.814662e+05 9.998193e-01 9.415418e-01
7.853473e+05 9.998176e-01 9.412983e-01
7.892478e+05 9.998160e-01 9.410703e-01
7.931676e+05 9.998143e-01 9.408292e-01
7.971069e+05 9.998126e-01 9.405894e-01
8.010657e+05 9.998110e-01 9.403648e-01
8.050442e+05 9.998092e-01 9.401134e-01
8.090425e+05 9.998075e-01 9.398772e-01
8.130606e+05 9.998058e-01 9.396421e-01
8.170987e+05 9.998040e-01 9.393945e-01
8.211568e+05 9.998022e-01 9.391482e-01
8.252351e+05 9.998005e-01 9.389167e-01
8.293336e+05 9.997987e-01 9.386728e-01
8.334525e+05 9.997968e-01 9.384166e-01
8.375919e+05 9.997950e-01 9.381752e-01
8.417518e+05 9.997931e-01 9.379217e-01
8.459323e+05 9.997913e-01 9.376827e-01
8.501337e+05 9.997894e-01 9.374317e-01
8.543559e+05 9.997875e-01 9.371820e-01
8.585991e+05 9.997856e-01 9.369335e-01
8.628633e+05 9.997836e-01 9.366733e-01
8.671487e+05 9.997817e-01 9.364274e-01
8.714554e+05 9.997797e-01 9.361698e-01
8.757835e+05 9.997777e-01 9.359135e-01
8.801331e+05 9.997757e-01 9.356585e-01
8.845043e+05 9.997736e-01 9.353922e-01
8.888972e+05 9.997716e-01 9.351398e-01
8.933119e+05 9.997695e-01 9.348761e-01
8.977486e+05 9.997674e-01 9.346138e-01
9.022072e+05 9.997653e-01 9.343528e-01
9.066881e+05 9.997632e-01 9.340931e-01
9.111912e+05 9.997611e-01 9.338348e-01
9.157166e+05 9.997589e-01 9.335655e-01
9.202645e+05 9.997567e-01 9.332975e-01
9.248350e+05 9.997545e-01 9.330310e-01
9.294282e+05 9.997523e-01 9.327657e-01
9.340442e+05 9.997501e-01 9.325019e-01
9.386832e+05 9.997478e-01 9.322274e-01
9.433452e+05 9.997455e-01 9.319543e-01
9.480303e+05 9.997432e-01 9.316826e-01
9.527387e+05 9.997409e-01 9.314123e-01
9.574705e+05 9.997386e-01 9.311433e-01
9.622258e+05 9.997362e-01 9.308641e-01
9.670047e+05 9.997338e-01 9.305862e-01
9.718073e+05 9.997314e-01 9.303098e-01
9.766338e+05 9.997290e-01 9.300348e-01
9.814843e+05 9.997265e-01 9.297498e-01
9.863589e+05 9.997241e-01 9.294776e-01
9.912576e+05 9.997216e-01 9.291954e-01
9.961807e+05 9.997190e-01 9.289035e-01
1.001128e+06 9.997165e-01 9.286242e-01
1.006100e+06 9.997139e-01 9.283353e-01
1.011097e+06 9.997114e-01 9.280588e-01
1.016119e+06 9.997087e-01 9.277618e-01
1.021165e+06 9.997061e-01 9.274772e-01
1.026237e+06 9.997035e-01 9.271940e-01
1.031334e+06 9.997008e-01 9.269015e-01
1.036456e+06 9.996981e-01 9.266104e-01
1.041604e+06 9.996953e-01 9.263101e-01
1.046777e+06 9.996926e-01 9.260220e-01
1.051976e+06 9.996898e-01 9.257247e-01
1.057200e+06 9.996870e-01 9.254289e-01
1.062451e+06 9.996842e-01 9.251347e-01
1.067727e+06 9.996813e-01 9.248314e-01
1.073030e+06 9.996784e-01 9.245298e-01
1.078360e+06 9.996755e-01 9.242297e-01
1.083715e+06 9.996726e-01 9.239310e-01
1.089098e+06 9.996696e-01 9.236237e-01
1.094507e+06 9.996666e-01 9.233179e-01
1.099942e+06 9.996636e-01 9.230137e-01
1.105405e+06 9.996606e-01 9.227110e-01
1.110895e+06 9.996575e-01 9.223999e-01
1.116413e+06 9.996544e-01 9.220903e-01
1.121957e+06 9.996513e-01 9.217823e-01
1.127529e+06 9.996481e-01 9.214659e-01
1.133129e+06 9.996449e-01 9.211512e-01
1.138757e+06 9.996417e-01 9.208381e-01
1.144413e+06 9.996385e-01 9.205266e-01
1.150096e+06 9.996352e-01 9.202070e-01
1.155808e+06 9.996319e-01 9.198890e-01
1.161549e+06 9.996286e-01 9.195726e-01
1.167318e+06 9.996252e-01 9.192483e-01
1.173115e+06 9.996218e-01 9.189257e-01
1.178941e+06 9.996184e-01 9.186047e-01
1.184797e+06 9.996150e-01 9.182853e-01
1.190681e+06 9.996115e-01 9.179582e-01
1.196594e+06 9.996080e-01 9.176328e-01
1.202537e+06 9.996044e-01 9.172998e-01
1.208510e+06 9.996009e-01 9.169777e-01
1.214512e+06 9.995973e-01 9.166480e-01
1.220544e+06 9.995936e-01 9.163110e-01
1.226606e+06 9.995899e-01 9.159756e-01
1.232698e+06 9.995862e-01 9.156420e-01
1.238820e+06 9.995825e-01 9.153101e-01
1.244972e+06 9.995787e-01 9.149709e-01
1.251156e+06 9.995749e-01 9.146335e-01
1.257369e+06 9.995711e-01 9.142978e-01
1.263614e+06 9.995672e-01 9.139550e-01
1.269890e+06 9.995633e-01 9.136139e-01
1.276197e+06 9.995593e-01 9.132659e-01
1.282535e+06 9.995553e-01 9.129197e-01
1.288905e+06 9.995513e-01 9.125753e-01
1.295306e+06 9.995473e-01 9.122326e-01
1.301739e+06 9.995432e-01 9.118831e-01
1.308204e+06 9.995390e-01 9.115270e-01
1.314702e+06 9.995349e-01 9.111811e-01
1.321231e+06 9.995307e-01 9.108285e-01
1.327793e+06 9.995264e-01 9.104694e-01
1.334388e+06 9.995221e-01 9.101122e-01
1.341015e+06 9.995178e-01 9.097568e-01
1.347675e+06 9.995135e-01 9.094032e-01
1.354368e+06 9.995091e-01 9.090432e-01
1.361095e+06 9.995046e-01 9.086769e-01
1.367855e+06 9.995001e-01 9.083125e-01
1.374648e+06 9.994956e-01 9.079500e-01
1.381475e+06 9.994911e-01 9.075893e-01
1.388336e+06 9.994865e-01 9.072225e-01
1.395232e+06 9.994818e-01 9.068496e-01
1.402161e+06 9.994771e-01 9.064787e-01
1.409125e+06 9.994724e-01 9.061096e-01
1.416123e+06 9.994676e-01 9.057347e-01
1.423157e+06 9.994628e-01 9.053616e-01
1.430225e+06 9.994580e-01 9.049905e-01
1.437328e+06 9.994531e-01 9.046135e-01
1.444466e+06 9.994481e-01 9.042308e-01
1.451640e+06 9.994431e-01 9.038501e-01
1.458850e+06 9.994381e-01 9.034714e-01
1.466095e+06 9.994330e-01 9.030871e-01
1.473377e+06 9.994279e-01 9.027047e-01
1.480694e+06 9.994227e-01 9.023168e-01
1.488048e+06 9.994175e-01 9.019309e-01
1.495439e+06 9.994122e-01 9.015397e-01
1.502866e+06 9.994069e-01 9.011504e-01
1.510330e+06 9.994016e-01 9.007631e-01
1.517831e+06 9.993961e-01 9.003633e-01
1.525369e+06 9.993907e-01 8.999727e-01
1.532945e+06 9.993852e-01 8.995770e-01
1.540558e+06 9.993796e-01 8.991761e-01
1.548209e+06 9.993740e-01 8.987773e-01
1.555899e+06 9.993684e-01 8.983805e-01
1.563626e+06 9.993627e-01 8.979787e-01
1.571392e+06 9.993569e-01 8.975720e-01
1.579196e+06 9.993511e-01 8.971674e-01
1.587039e+06 9.993452e-01 8.967579e-01
1.594921e+06 9.993393e-01 8.963505e-01
1.602842e+06 9.993333e-01 8.959383e-01
1.610803e+06 9.993273e-01 8.955283e-01
1.618803e+06 9.993212e-01 8.951135e-01
1.626843e+06 9.993151e-01 8.947009e-01
1.634923e+06 9.993089e-01 8.942837e-01
1.643043e+06 9.993026e-01 8.938619e-01
1.651203e+06 9.992963e-01 8.934424e-01
1.659403e+06 9.992900e-01 8.930249e-01
1.667645e+06 9.992836e-01 8.926031e-01
1.675927e+06 9.992771e-01 8.921768e-01
1.684251e+06 9.992706e-01 8.917527e-01
1.692616e+06 9.992640e-01 8.913243e-01
1.701022e+06 9.992573e-01 8.908917e-01
1.709470e+06 9.992506e-01 8.904613e-01
1.717960e+06 9.992438e-01 8.900267e-01
1.726493e+06 9.992370e-01 8.895944e-01
1.735067e+06 9.992301e-01 8.891580e-01
1.743684e+06 9.992231e-01 8.887175e-01
1.752344e+06 9.992161e-01 8.882793e-01
1.761047e+06 9.992090e-01 8.878372e-01
1.769794e+06 9.992019e-01 8.873973e-01
1.778583e+06 9.991947e-01 8.869535e-01
1.787417e+06 9.991874e-01 8.865059e-01
1.796294e+06 9.991801e-01 8.860606e-01
1.805215e+06 9.991726e-01 8.856054e-01
1.814181e+06 9.991652e-01 8.851587e-01
1.823191e+06 9.991576e-01 8.847022e-01
1.832246e+06 9.991500e-01 8.842481e-01
1.841346e+06 9.991423e-01 8.837904e-01
1.850491e+06 9.991346e-01 8.833350e-01
1.859681e+06 9.991268e-01 8.828762e-01
1.868918e+06 9.991189e-01 8.824138e-01
1.878200e+06 9.991109e-01 8.819480e-01
1.887528e+06 9.991029e-01 8.814846e-01
1.896902e+06 9.990948e-01 8.810179e-01
1.906323e+06 9.990866e-01 8.805478e-01
1.915791e+06 9.990783e-01 8.800745e-01
1.925306e+06 9.990700e-01 8.796036e-01
1.934868e+06 9.990616e-01 8.791295e-01
1.944477e+06 9.990531e-01 8.786523e-01
1.954135e+06 9.990446e-01 8.781775e-01
1.963840e+06 9.990359e-01 8.776941e-01
1.973593e+06 9.990272e-01 8.772131e-01
1.983395e+06 9.990185e-01 8.767347e-01
1.993246e+06 9.990096e-01 8.762478e-01
2.003145e+06 9.990006e-01 8.757580e-01
2.013094e+06 9.989916e-01 8.752707e-01
2.023092e+06 9.989825e-01 8.747805e-01
2.033140e+06 9.989733e-01 8.742876e-01
2.043237e+06 9.989640e-01 8.737919e-01
2.053385e+06 9.989547e-01 8.732987e-01
2.063583e+06 9.989452e-01 8.727975e-01
2.073832e+06 9.989357e-01 8.722990e-01
2.084132e+06 9.989261e-01 8.717978e-01
2.094483e+06 9.989164e-01 8.712940e-01
2.104885e+06 9.989066e-01 8.707877e-01
2.115339e+06 9.988967e-01 8.702789e-01
2.125845e+06 9.988868e-01 8.697727e-01
2.136403e+06 9.988767e-01 8.692589e-01
2.147013e+06 9.988666e-01 8.687479e-01
2.157676e+06 9.988563e-01 8.682294e-01
2.168392e+06 9.988460e-01 8.677136e-01
2.179162e+06 9.988356e-01 8.671955e-01
2.189985e+06 9.988251e-01 8.666752e-01
2.200861e+06 9.988144e-01 8.661477e-01
2.211792e+06 9.988037e-01 8.656230e-01
2.222777e+06 9.987929e-01 8.650961e-01
2.233816e+06 9.987820e-01 8.645671e-01
2.244910e+06 9.987710e-01 8.640360e-01
2.256060e+06 9.987599e-01 8.635029e-01
2.267265e+06 9.987487e-01 8.629678e-01
2.278525e+06 9.987374e-01 8.624308e-01
2.289841e+06 9.987260e-01 8.618918e-01
2.301214e+06 9.987145e-01 8.613509e-01
2.312643e+06 9.987029e-01 8.608082e-01
2.324129e+06 9.986912e-01 8.602636e-01
2.335671e+06 9.986794e-01 8.597172e-01
2.347272e+06 9.986675e-01 8.591691e-01
2.358929e+06 9.986554e-01 8.586147e-01
2.370645e+06 9.986433e-01 8.580632e-01
2.382419e+06 9.986311e-01 8.575100e-01
2.394251e+06 9.986187e-01 8.569507e-01
2.406142e+06 9.986062e-01 8.563898e-01
2.418092e+06 9.985936e-01 8.558274e-01
2.430102e+06 9.985810e-01 8.552679e-01
2.442171e+06 9.985681e-01 8.546981e-01
2.454300e+06 9.985552e-01 8.541313e-01
2.466489e+06 9.985422e-01 8.535631e-01
2.478739e+06 9.985290e-01 8.529892e-01
2.491050e+06 9.985157e-01 8.524139e-01
2.503422e+06 9.985023e-01 8.518373e-01
2.515855e+06 9.984888e-01 8.512595e-01
2.528350e+06 9.984752e-01 8.506805e-01
2.540907e+06 9.984614e-01 8.500960e-01
2.553527e+06 9.984475e-01 8.495104e-01
2.566209e+06 9.984335e-01 8.489236e-01
2.578954e+06 9.984194e-01 8.483358e-01
2.591762e+06 9.984051e-01 8.477427e-01
2.604634e+06 9.983907e-01 8.471487e-01
2.617570e+06 9.983762e-01 8.465536e-01
2.630570e+06 9.983615e-01 8.459535e-01
2.643635e+06 9.983468e-01 8.453565e-01
2.656765e+06 9.983318e-01 8.447506e-01
2.669960e+06 9.983168e-01 8.441479e-01
2.683220e+06 9.983016e-01 8.435403e-01
2.696546e+06 9.982863e-01 8.429319e-01
2.709939e+06 9.982708e-01 8.423188e-01
2.723398e+06 9.982552e-01 8.417051e-01
2.736923e+06 9.982395e-01 8.410906e-01
2.750516e+06 9.982236e-01 8.404716e-01
2.764177e+06 9.982076e-01 8.398519e-01
2.777905e+06 9.981914e-01 8.392278e-01
2.791702e+06 9.981751e-01 8.386032e-01
2.805567e+06 9.981586e-01 8.379742e-01
2.819501e+06 9.981420e-01 8.373448e-01
2.833504e+06 9.981252e-01 8.367111e-01
2.847576e+06 9.981083e-01 8.360771e-01
2.861719e+06 9.980913e-01 8.354426e-01
2.875932e+06 9.980740e-01 8.348003e-01
2.890215e+06 9.980567e-01 8.341615e-01
2.904569e+06 9.980391e-01 8.335150e-01
2.918995e+06 9.980214e-01 8.328682e-01
2.933492e+06 9.980036e-01 8.322212e-01
2.948061e+06 9.979856e-01 8.315705e-01
2.962703e+06 9.979674e-01 8.309159e-01
2.977417e+06 9.979491e-01 8.302613e-01
2.992205e+06 9.979306e-01 8.296029e-01
3.007065e+06 9.979119e-01 8.289410e-01
3.022000e+06 9.978931e-01 8.282791e-01
3.037009e+06 9.978741e-01 8.276137e-01
3.052092e+06 9.978549e-01 8.269448e-01
3.067250e+06 9.978356e-01 8.262760e-01
3.082484e+06 9.978161e-01 8.256039e-01
3.097793e+06 9.977964e-01 8.249284e-01
3.113178e+06 9.977765e-01 8.242497e-01
3.128640e+06 9.977565e-01 8.235712e-01
3.144178e+06 9.977363e-01 8.228896e-01
3.159794e+06 9.977158e-01 8.222015e-01
3.175487e+06 9.976953e-01 8.215171e-01
3.191258e+06 9.976745e-01 8.208263e-01
3.207108e+06 9.976535e-01 8.201326e-01
3.223036e+06 9.976324e-01 8.194393e-01
3.239043e+06 9.976110e-01 8.187398e-01
3.255130e+06 9.975895e-01 8.180409e-01
3.271297e+06 9.975678e-01 8.173391e-01
3.287544e+06 9.975458e-01 8.166315e-01
3.303871e+06 9.975237e-01 8.159244e-01
3.320280e+06 9.975014e-01 8.152148e-01
3.336770e+06 9.974789e-01 8.145026e-01
3.353342e+06 9.974562e-01 8.137878e-01
3.369997e+06 9.974333e-01 8.130706e-01
3.386734e+06 9.974101e-01 8.123479e-01
3.403554e+06 9.973868e-01 8.116260e-01
3.420458e+06 9.973632e-01 8.108986e-01
3.437446e+06 9.973395e-01 8.101721e-01
3.454518e+06 9.973155e-01 8.094403e-01
3.471675e+06 9.972913e-01 8.087063e-01
3.488917e+06 9.972669e-01 8.079703e-01
3.506244e+06 9.972423e-01 8.072321e-01
3.523658e+06 9.972175e-01 8.064919e-01
3.541159e+06 9.971924e-01 8.057468e-01
3.558746e+06 9.971671e-01 8.049998e-01
3.576420e+06 9.971416e-01 8.042508e-01
3.594183e+06 9.971159e-01 8.035001e-01
3.612033e+06 9.970899e-01 8.027446e-01
3.629972e+06 9.970637e-01 8.019874e-01
3.648001e+06 9.970372e-01 8.012257e-01
3.666119e+06 9.970106e-01 8.004651e-01
3.684326e+06 9.969836e-01 7.996973e-01
3.702625e+06 9.969565e-01 7.989307e-01
3.721014e+06 9.969291e-01 7.981599e-01
3.739494e+06 9.969014e-01 7.973847e-01
3.758066e+06 9.968735e-01 7.966082e-01
3.776731e+06 9.968454e-01 7.958303e-01
3.795488e+06 9.968170e-01 7.950483e-01
3.814339e+06 9.967883e-01 7.942623e-01
3.833282e+06 9.967594e-01 7.934751e-01
3.852321e+06 9.967303e-01 7.926867e-01
3.871453e+06 9.967008e-01 7.918917e-01
3.890681e+06 9.966711e-01 7.910957e-01
3.910004e+06 9.966412e-01 7.902987e-01
3.929423e+06 9.966110e-01 7.894979e-01
3.948938e+06 9.965805e-01 7.886936e-01
3.968551e+06 9.965497e-01 7.878857e-01
3.988261e+06 9.965186e-01 7.870744e-01
4.008069e+06 9.964873e-01 7.862622e-01
4.027975e+06 9.964557e-01 7.854467e-01
4.047980e+06 9.964238e-01 7.846279e-01
4.068084e+06 9.963917e-01 7.838085e-01
4.088288e+06 9.963592e-01 7.829832e-01
4.108593e+06 9.963265e-01 7.821574e-01
4.128998e+06 9.962934e-01 7.813261e-01
4.149505e+06 9.962601e-01 7.804942e-01
4.170113e+06 9.962264e-01 7.796569e-01
4.190824e+06 9.961925e-01 7.788191e-01
4.211638e+06 9.961583e-01 7.779786e-01
4.232555e+06 9.961237e-01 7.771328e-01
4.253576e+06 9.960889e-01 7.762867e-01
4.274702e+06 9.960537e-01 7.754356e-01
4.295932e+06 9.960182e-01 7.745818e-01
4.317268e+06 9.959824e-01 7.737256e-01
4.338710e+06 9.959463e-01 7.728668e-01
4.360258e+06 9.959099e-01 7.720056e-01
4.381913e+06 9.958731e-01 7.711396e-01
4.403676e+06 9.958360e-01 7.702714e-01
4.425547e+06 9.957986e-01 7.694009e-01
4.447527e+06 9.957608e-01 7.685259e-01
4.469615e+06 9.957228e-01 7.676510e-01
4.491814e+06 9.956843e-01 7.667694e-01
4.514122e+06 9.956455e-01 7.658859e-01
4.536542e+06 9.956064e-01 7.650003e-01
4.559073e+06 9.955670e-01 7.641128e-01
4.581715e+06 9.955271e-01 7.632190e-01
4.604470e+06 9.954870e-01 7.623255e-01
4.627339e+06 9.954464e-01 7.614259e-01
4.650320e+06 9.954055e-01 7.605246e-01
4.673416e+06 9.953643e-01 7.596216e-01
4.696627e+06 9.953226e-01 7.587127e-01
4.719953e+06 9.952806e-01 7.578023e-01
4.743394e+06 9.952382e-01 7.568882e-01
4.766952e+06 9.951955e-01 7.559726e-01
4.790628e+06 9.951524e-01 7.550536e-01
4.814420e+06 9.951088e-01 7.541290e-01
4.838331e+06 9.950649e-01 7.532032e-01
4.862361e+06 9.950206e-01 7.522740e-01
4.886510e+06 9.949759e-01 7.513416e-01
4.910779e+06 9.949309e-01 7.504081e-01
4.935168e+06 9.948854e-01 7.494694e-01
4.959679e+06 9.948395e-01 7.485276e-01
4.984311e+06 9.947932e-01 7.475829e-01
5.009066e+06 9.947465e-01 7.466352e-01
5.033943e+06 9.946993e-01 7.456827e-01
5.058944e+06 9.946518e-01 7.447294e-01
5.084070e+06 9.946038e-01 7.437714e-01
5.109320e+06 9.945554e-01 7.428107e-01
5.134695e+06 9.945066e-01 7.418475e-01
5.160197e+06 9.944573e-01 7.408797e-01
5.185825e+06 9.944076e-01 7.399095e-01
5.211581e+06 9.943575e-01 7.389368e-01
5.237464e+06 9.943069e-01 7.379599e-01
5.263476e+06 9.942558e-01 7.369788e-01
5.289617e+06 9.942043e-01 7.359955e-01
5.315888e+06 9.941524e-01 7.350100e-01
5.342289e+06 9.941000e-01 7.340205e-01
5.368822e+06 9.940471e-01 7.330272e-01
5.395486e+06 9.939938e-01 7.320318e-01
5.422283e+06 9.939400e-01 7.310328e-01
5.449213e+06 9.938857e-01 7.300300e-01
5.476276e+06 9.938309e-01 7.290236e-01
5.503474e+06 9.937756e-01 7.280137e-01
5.530807e+06 9.937199e-01 7.270021e-01
5.558276e+06 9.936636e-01 7.259853e-01
5.585882e+06 9.936069e-01 7.249670e-01
5.613624e+06 9.935496e-01 7.239436e-01
5.641504e+06 9.934919e-01 7.229189e-01
5.669523e+06 9.934336e-01 7.218892e-01
5.697680e+06 9.933748e-01 7.208566e-01
5.725978e+06 9.933155e-01 7.198209e-01
5.754416e+06 9.932557e-01 7.187824e-01
5.782996e+06 9.931953e-01 7.177393e-01
5.811717e+06 9.931344e-01 7.166934e-01
5.840581e+06 9.930730e-01 7.156449e-01
5.869588e+06 9.930110e-01 7.145920e-01
5.898740e+06 9.929485e-01 7.135366e-01
5.928036e+06 9.928854e-01 7.124770e-01
5.957477e+06 9.928218e-01 7.114150e-01
5.987065e+06 9.927576e-01 7.103491e-01
6.016800e+06 9.926928e-01 7.092791e-01
6.046683e+06 9.926275e-01 7.082070e-01
6.076714e+06 9.925616e-01 7.071312e-01
6.106894e+06 9.924951e-01 7.060516e-01
6.137224e+06 9.924280e-01 7.049684e-01
6.167704e+06 9.923604e-01 7.038833e-01
6.198336e+06 9.922921e-01 7.027931e-01
6.229120e+06 9.922232e-01 7.016996e-01
6.260057e+06 9.921537e-01 7.006027e-01
6.291148e+06 9.920836e-01 6.995027e-01
6.322393e+06 9.920129e-01 6.983995e-01
6.353793e+06 9.919416e-01 6.972932e-01
6.385350e+06 9.918696e-01 6.961823e-01
6.417062e+06 9.917970e-01 6.950686e-01
6.448933e+06 9.917238e-01 6.939520e-01
6.480962e+06 9.916499e-01 6.928311e-01
6.513149e+06 9.915754e-01 6.917075e-01
6.545497e+06 9.915002e-01 6.905797e-01
6.578005e+06 9.914243e-01 6.894480e-01
6.610675e+06 9.913478e-01 6.883138e-01
6.643507e+06 9.912706e-01 6.871757e-01
6.676502e+06 9.911928e-01 6.860353e-01
6.709661e+06 9.911142e-01 6.848897e-01
6.742985e+06 9.910350e-01 6.837419e-01
6.776474e+06 9.909550e-01 6.825892e-01
6.810129e+06 9.908744e-01 6.814344e-01
6.843952e+06 9.907930e-01 6.802748e-01
6.877942e+06 9.907110e-01 6.791134e-01
6.912102e+06 9.906282e-01 6.779473e-01
6.946431e+06 9.905447e-01 6.767781e-01
6.980930e+06 9.904604e-01 6.756044e-01
7.015601e+06 9.903754e-01 6.744278e-01
7.050444e+06 9.902897e-01 6.732482e-01
7.085461e+06 9.902032e-01 6.720645e-01
7.120651e+06 9.901160e-01 6.708781e-01
7.156015e+06 9.900280e-01 6.696876e-01
7.191556e+06 9.899392e-01 6.684932e-01
7.227273e+06 9.898497e-01 6.672964e-01
7.263167e+06 9.897593e-01 6.660944e-01
7.299240e+06 9.896682e-01 6.648901e-01
7.335491e+06 9.895763e-01 6.636823e-01
7.371923e+06 9.894835e-01 6.624696e-01
7.408536e+06 9.893900e-01 6.612549e-01
7.445331e+06 9.892956e-01 6.600355e-01
7.482308e+06 9.892005e-01 6.588142e-01
7.519469e+06 9.891045e-01 6.575885e-01
7.556815e+06 9.890076e-01 6.563584e-01
7.594346e+06 9.889099e-01 6.551253e-01
7.632063e+06 9.888114e-01 6.538894e-01
7.669968e+06 9.887120e-01 6.526494e-01
7.708061e+06 9.886117e-01 6.514055e-01
7.746343e+06 9.885105e-01 6.501576e-01
7.784815e+06 9.884085e-01 6.489073e-01
7.823479e+06 9.883056e-01 6.476532e-01
7.862334e+06 9.882018e-01 6.463955e-01
7.901382e+06 9.880971e-01 6.451343e-01
7.940625e+06 9.879914e-01 6.438685e-01
7.980062e+06 9.878849e-01 6.426005e-01
8.019695e+06 9.877774e-01 6.413282e-01
8.059525e+06 9.876690e-01 6.400526e-01
8.099553e+06 9.875597e-01 6.387740e-01
8.139779e+06 9.874494e-01 6.374913e-01
8.180206e+06 9.873381e-01 6.362045e-01
8.220833e+06 9.872259e-01 6.349149e-01
8.261661e+06 9.871127e-01 6.336214e-01
8.302693e+06 9.869985e-01 6.323242e-01
8.343929e+06 9.868833e-01 6.310233e-01
8.385369e+06 9.867672e-01 6.297200e-01
8.427015e+06 9.866500e-01 6.284121e-01
8.468868e+06 9.865318e-01 6.271008e-01
8.510928e+06 9.864126e-01 6.257861e-01
8.553198e+06 9.862923e-01 6.244672e-01
8.595678e+06 9.861711e-01 6.231463e-01
8.638368e+06 9.860487e-01 6.218202e-01
8.681271e+06 9.859253e-01 6.204911e-01
8.724386e+06 9.858009e-01 6.191592e-01
8.767716e+06 9.856754e-01 6.178235e-01
8.811261e+06 9.855487e-01 6.164830e-01
8.855022e+06 9.854210e-01 6.151400e-01
8.899001e+06 9.852922e-01 6.137935e-01
8.943198e+06 9.851623e-01 6.124435e-01
8.987615e+06 9.850313e-01 6.110902e-01
9.032252e+06 9.848991e-01 6.097326e-01
9.077110e+06 9.847658e-01 6.083719e-01
9.122192e+06 9.846313e-01 6.070072e-01
9.167498e+06 9.844957e-01 6.056395e-01
9.213028e+06 9.843590e-01 6.042689e-01
9.258785e+06 9.842210e-01 6.028936e-01
9.304769e+06 9.840819e-01 6.015157e-01
9.350981e+06 9.839415e-01 6.001332e-01
9.397423e+06 9.838000e-01 5.987482e-01
9.444095e+06 9.836573e-01 5.973599e-01
9.490999e+06 9.835133e-01 5.959674e-01
9.538136e+06 9.833681e-01 5.945717e-01
9.585508e+06 9.832216e-01 5.931719e-01
9.633114e+06 9.830739e-01 5.917693e-01
9.680957e+06 9.829249e-01 5.903628e-01
9.729038e+06 9.827747e-01 5.889536e-01
9.777357e+06 9.826232e-01 5.875407e-01
9.825917e+06 9.824703e-01 5.861234e-01
9.874717e+06 9.823162e-01 5.847037e-01
9.923760e+06 9.821608e-01 5.832807e-01
9.973047e+06 9.820040e-01 5.818535e-01
1.002258e+07 9.818459e-01 5.804233e-01
1.007236e+07 9.816864e-01 5.789892e-01
1.012238e+07 9.815256e-01 5.775522e-01
1.017265e+07 9.813635e-01 5.761124e-01
1.022318e+07 9.811999e-01 5.746681e-01
1.027395e+07 9.810349e-01 5.732204e-01
1.032497e+07 9.808686e-01 5.717701e-01
1.037625e+07 9.807008e-01 5.703158e-01
1.042779e+07 9.805316e-01 5.688583e-01
1.047958e+07 9.803610e-01 5.673977e-01
1.053162e+07 9.801889e-01 5.659334e-01
1.058393e+07 9.800154e-01 5.644662e-01
1.063649e+07 9.798404e-01 5.629954e-01
1.068932e+07 9.796639e-01 5.615211e-01
1.074241e+07 9.794859e-01 5.600435e-01
1.079576e+07 9.793064e-01 5.585626e-01
1.084938e+07 9.791254e-01 5.570786e-01
1.090326e+07 9.789429e-01 5.555915e-01
1.095741e+07 9.787589e-01 5.541015e-01
1.101183e+07 9.785732e-01 5.526070e-01
1.106652e+07 9.783861e-01 5.511105e-01
1.112149e+07 9.781973e-01 5.496099e-01
1.117672e+07 9.780069e-01 5.481059e-01
1.123223e+07 9.778150e-01 5.465995e-01
1.128802e+07 9.776214e-01 5.450893e-01
1.134408e+07 9.774262e-01 5.435760e-01
1.140042e+07 9.772294e-01 5.420599e-01
1.145704e+07 9.770309e-01 5.405402e-01
1.151394e+07 9.768308e-01 5.390179e-01
1.157112e+07 9.766289e-01 5.374915e-01
1.162859e+07 9.764254e-01 5.359626e-01
1.168635e+07 9.762202e-01 5.344306e-01
1.174439e+07 9.760133e-01 5.328957e-01
1.180272e+07 9.758046e-01 5.313571e-01
1.186133e+07 9.755942e-01 5.298158e-01
1.192024e+07 9.753820e-01 5.282711e-01
1.197945e+07 9.751681e-01 5.267238e-01
1.203894e+07 9.749524e-01 5.251734e-01
1.209873e+07 9.747349e-01 5.236199e-01
1.215882e+07 9.745156e-01 5.220635e-01
1.221921e+07 9.742944e-01 5.205035e-01
1.227990e+07 9.740714e-01 5.189409e-01
1.234088e+07 9.738466e-01 5.173756e-01
1.240217e+07 9.736199e-01 5.158072e-01
1.246377e+07 9.733913e-01 5.142357e-01
1.252567e+07 9.731609e-01 5.126619e-01
1.258788e+07 9.729285e-01 5.110846e-01
1.265040e+07 9.726942e-01 5.095046e-01
1.271323e+07 9.724580e-01 5.079219e-01
1.277637e+07 9.722198e-01 5.063361e-01
1.283982e+07 9.719796e-01 5.047473e-01
1.290359e+07 9.717375e-01 5.031561e-01
1.296768e+07 9.714934e-01 5.015621e-01
1.303208e+07 9.712473e-01 4.999655e-01
1.309680e+07 9.709991e-01 4.983655e-01
1.316185e+07 9.707489e-01 4.967631e-01
1.322722e+07 9.704967e-01 4.951584e-01
1.329291e+07 9.702424e-01 4.935507e-01
1.335893e+07 9.699860e-01 4.919403e-01
1.342528e+07 9.697275e-01 4.903272e-01
1.349196e+07 9.694669e-01 4.887116e-01
1.355896e+07 9.692041e-01 4.870930e-01
1.362630e+07 9.689393e-01 4.854726e-01
1.369398e+07 9.686722e-01 4.838489e-01
1.376199e+07 9.684030e-01 4.822230e-01
1.383034e+07 9.681316e-01 4.805946e-01
1.389903e+07 9.678579e-01 4.789632e-01
1.396806e+07 9.675821e-01 4.773300e-01
1.403743e+07 9.673040e-01 4.756940e-01
1.410715e+07 9.670237e-01 4.740559e-01
1.417721e+07 9.667411e-01 4.724153e-01
1.424762e+07 9.664562e-01 4.707721e-01
1.431838e+07 9.661690e-01 4.691267e-01
1.438950e+07 9.658795e-01 4.674790e-01
1.446096e+07 9.655876e-01 4.658287e-01
1.453278e+07 9.652934e-01 4.641764e-01
1.460496e+07 9.649968e-01 4.625217e-01
1.467749e+07 9.646979e-01 4.608652e-01
1.475039e+07 9.643965e-01 4.592060e-01
1.482365e+07 9.640927e-01 4.575448e-01
1.489727e+07 9.637865e-01 4.558815e-01
1.497126e+07 9.634778e-01 4.542159e-01
1.504561e+07 9.631667e-01 4.525486e-01
1.512034e+07 9.628530e-01 4.508787e-01
1.519543e+07 9.625369e-01 4.492072e-01
1.527090e+07 9.622182e-01 4.475333e-01
1.534674e+07 9.618970e-01 4.458576e-01
1.542296e+07 9.615733e-01 4.441803e-01
1.549956e+07 9.612469e-01 4.425004e-01
1.557654e+07 9.609180e-01 4.408191e-01
1.565390e+07 9.605865e-01 4.391360e-01
1.573165e+07 9.602523e-01 4.374506e-01
1.580978e+07 9.599155e-01 4.357637e-01
1.588830e+07 9.595760e-01 4.340748e-01
1.596721e+07 9.592339e-01 4.323845e-01
1.604651e+07 9.588891e-01 4.306926e-01
1.612620e+07 9.585415e-01 4.289985e-01
1.620630e+07 9.581912e-01 4.273030e-01
1.628678e+07 9.578382e-01 4.256061e-01
1.636767e+07 9.574824e-01 4.239074e-01
1.644896e+07 9.571238e-01 4.222072e-01
1.653066e+07 9.567623e-01 4.205050e-01
1.661276e+07 9.563981e-01 4.188019e-01
1.669526e+07 9.560311e-01 4.170975e-01
1.677818e+07 9.556611e-01 4.153911e-01
1.686151e+07 9.552883e-01 4.136837e-01
1.694525e+07 9.549126e-01 4.119749e-01
1.702941e+07 9.545340e-01 4.102649e-01
1.711399e+07 9.541524e-01 4.085534e-01
1.719899e+07 9.537678e-01 4.068403e-01
1.728440e+07 9.533804e-01 4.051269e-01
1.737025e+07 9.529899e-01 4.034118e-01
1.745652e+07 9.525963e-01 4.016952e-01
1.754322e+07 9.521998e-01 3.999780e-01
1.763034e+07 9.518003e-01 3.982600e-01
1.771791e+07 9.513976e-01 3.965405e-01
1.780590e+07 9.509919e-01 3.948203e-01
1.789433e+07 9.505830e-01 3.930988e-01
1.798321e+07 9.501710e-01 3.913764e-01
1.807252e+07 9.497559e-01 3.896534e-01
1.816228e+07 9.493376e-01 3.879294e-01
1.825248e+07 9.489162e-01 3.862050e-01
1.834313e+07 9.484915e-01 3.844794e-01
1.843423e+07 9.480637e-01 3.827536e-01
1.852579e+07 9.476325e-01 3.810265e-01
1.861780e+07 9.471981e-01 3.792990e-01
1.871026e+07 9.467604e-01 3.775709e-01
1.880319e+07 9.463194e-01 3.758422e-01
1.889657e+07 9.458752e-01 3.741134e-01
1.899042e+07 9.454276e-01 3.723840e-01
1.908474e+07 9.449765e-01 3.706536e-01
1.917952e+07 9.445222e-01 3.689235e-01
1.927478e+07 9.440644e-01 3.671926e-01
1.937051e+07 9.436032e-01 3.654616e-01
1.946671e+07 9.431386e-01 3.637304e-01
1.956339e+07 9.426705e-01 3.619988e-01
1.966056e+07 9.421989e-01 3.602670e-01
1.975820e+07 9.417239e-01 3.585355e-01
1.985633e+07 9.412453e-01 3.568035e-01
1.995495e+07 9.407632e-01 3.550717e-01
2.005405e+07 9.402775e-01 3.533397e-01
2.015365e+07 9.397883e-01 3.516080e-01
2.025374e+07 9.392955e-01 3.498764e-01
2.035434e+07 9.387990e-01 3.481447e-01
2.045543e+07 9.382989e-01 3.464132e-01
2.055702e+07 9.377951e-01 3.446819e-01
2.065911e+07 9.372877e-01 3.429511e-01
2.076172e+07 9.367766e-01 3.412206e-01
2.086483e+07 9.362618e-01 3.394905e-01
2.096846e+07 9.357432e-01 3.377607e-01
2.107260e+07 9.352208e-01 3.360312e-01
2.117725e+07 9.346948e-01 3.343027e-01
2.128243e+07 9.341649e-01 3.325745e-01
2.138813e+07 9.336312e-01 3.308469e-01
2.149436e+07 9.330936e-01 3.291198e-01
2.160111e+07 9.325522e-01 3.273935e-01
2.170839e+07 9.320069e-01 3.256680e-01
2.181620e+07 9.314578e-01 3.239435e-01
2.192455e+07 9.309047e-01 3.222196e-01
2.203344e+07 9.303477e-01 3.204967e-01
2.214287e+07 9.297867e-01 3.187746e-01
2.225285e+07 9.292217e-01 3.170535e-01
2.236336e+07 9.286528e-01 3.153336e-01
2.247443e+07 9.280799e-01 3.136149e-01
2.258605e+07 9.275029e-01 3.118972e-01
2.269823e+07 9.269218e-01 3.101804e-01
2.281096e+07 9.263367e-01 3.084652e-01
2.292425e+07 9.257476e-01 3.067515e-01
2.303810e+07 9.251543e-01 3.050389e-01
2.315252e+07 9.245569e-01 3.033278e-01
2.326751e+07 9.239553e-01 3.016179e-01
2.338307e+07 9.233495e-01 2.999095e-01
2.349920e+07 9.227396e-01 2.982029e-01
2.361591e+07 9.221255e-01 2.964979e-01
2.373320e+07 9.215071e-01 2.947943e-01
2.385107e+07 9.208845e-01 2.930926e-01
2.396952e+07 9.202577e-01 2.913928e-01
2.408857e+07 9.196265e-01 2.896944e-01
2.420821e+07 9.189911e-01 2.879982e-01
2.432844e+07 9.183513e-01 2.863037e-01
2.444926e+07 9.177073e-01 2.846116e-01
2.457069e+07 9.170588e-01 2.829210e-01
2.469272e+07 9.164060e-01 2.812328e-01
2.481536e+07 9.157488e-01 2.795466e-01
2.493860e+07 9.150872e-01 2.778626e-01
2.506246e+07 9.144211e-01 2.761807e-01
2.518694e+07 9.137506e-01 2.745012e-01
2.531203e+07 9.130756e-01 2.728239e-01
2.543774e+07 9.123962e-01 2.711492e-01
2.556408e+07 9.117122e-01 2.694767e-01
2.569104e+07 9.110238e-01 2.678070e-01
2.581864e+07 9.103308e-01 2.661396e-01
2.594686e+07 9.096333e-01 2.644750e-01
2.607573e+07 9.089311e-01 2.628127e-01
2.620523e+07 9.082245e-01 2.611536e-01
2.633538e+07 9.075132e-01 2.594970e-01
2.646618e+07 9.067972e-01 2.578430e-01
2.659762e+07 9.060767e-01 2.561922e-01
2.672972e+07 9.053515e-01 2.545441e-01
2.686247e+07 9.046216e-01 2.528990e-01
2.699589e+07 9.038870e-01 2.512569e-01
2.712996e+07 9.031478e-01 2.496181e-01
2.726470e+07 9.024038e-01 2.479822e-01
2.740011e+07 9.016551e-01 2.463496e-01
2.753620e+07 9.009016e-01 2.447201e-01
2.767296e+07 9.001433e-01 2.430938e-01
2.781039e+07 8.993803e-01 2.414710e-01
2.794851e+07 8.986125e-01 2.398516e-01
2.808732e+07 8.978399e-01 2.382356e-01
2.822682e+07 8.970624e-01 2.366230e-01
2.836701e+07 8.962801e-01 2.350140e-01
2.850789e+07 8.954930e-01 2.334088e-01
2.864948e+07 8.947010e-01 2.318071e-01
2.879176e+07 8.939041e-01 2.302090e-01
2.893476e+07 8.931023e-01 2.286148e-01
2.907846e+07 8.922956e-01 2.270243e-01
2.922288e+07 8.914840e-01 2.254377e-01
2.936802e+07 8.906674e-01 2.238550e-01
2.951387e+07 8.898459e-01 2.222763e-01
2.966046e+07 8.890194e-01 2.207015e-01
2.980776e+07 8.881880e-01 2.191309e-01
2.995581e+07 8.873515e-01 2.175642e-01
3.010458e+07 8.865101e-01 2.160019e-01
3.025410e+07 8.856636e-01 2.144436e-01
3.040435e+07 8.848122e-01 2.128898e-01
3.055536e+07 8.839556e-01 2.113400e-01
3.070711e+07 8.830941e-01 2.097948e-01
3.085962e+07 8.822274e-01 2.082538e-01
3.101288e+07 8.813558e-01 2.067176e-01
3.116691e+07 8.804790e-01 2.051856e-01
3.132170e+07 8.795971e-01 2.036582e-01
3.147726e+07 8.787101e-01 2.021354e-01
3.163359e+07 8.778181e-01 2.006174e-01
3.179070e+07 8.769209e-01 1.991040e-01
3.194859e+07 8.760185e-01 1.975952e-01
3.210726e+07 8.751111e-01 1.960914e-01
3.226672e+07 8.741985e-01 1.945924e-01
3.242698e+07 8.732807e-01 1.930981e-01
3.258803e+07 8.723577e-01 1.916088e-01
3.274987e+07 8.714297e-01 1.901247e-01
3.291253e+07 8.704963e-01 1.886453e-01
3.307599e+07 8.695578e-01 1.871711e-01
3.324026e+07 8.686142e-01 1.857021e-01
3.340535e+07 8.676653e-01 1.842382e-01
3.357126e+07 8.667112e-01 1.827794e-01
3.373799e+07 8.657519e-01 1.813259e-01
3.390555e+07 8.647874e-01 1.798778e-01
3.407394e+07 8.638177e-01 1.784350e-01
3.424317e+07 8.628427e-01 1.769974e-01
3.441324e+07 8.618625e-01 1.755654e-01
3.458415e+07 8.608770e-01 1.741387e-01
3.475592e+07 8.598863e-01 1.727176e-01
3.492853e+07 8.588904e-01 1.713020e-01
3.510200e+07 8.578892e-01 1.698920e-01
3.527634e+07 8.568827e-01 1.684875e-01
3.545154e+07 8.558709e-01 1.670887e-01
3.562761e+07 8.548540e-01 1.656957e-01
3.580455e+07 8.538317e-01 1.643083e-01
3.598238e+07 8.528042e-01 1.629268e-01
3.616109e+07 8.517714e-01 1.615510e-01
3.634068e+07 8.507333e-01 1.601811e-01
3.652117e+07 8.496900e-01 1.588171e-01
3.670255e+07 8.486414e-01 1.574590e-01
3.688483e+07 8.475875e-01 1.561068e-01
3.706802e+07 8.465284e-01 1.547607e-01
3.725212e+07 8.454639e-01 1.534205e-01
3.743713e+07 8.443942e-01 1.520864e-01
3.762307e+07 8.433192e-01 1.507583e-01
3.780992e+07 8.422390e-01 1.494365e-01
3.799770e+07 8.411535e-01 1.481208e-01
3.818642e+07 8.400627e-01 1.468112e-01
3.837607e+07 8.389667e-01 1.455079e-01
3.856667e+07 8.378654e-01 1.442108e-01
3.875821e+07 8.367589e-01 1.429201e-01
3.895070e+07 8.356471e-01 1.416356e-01
3.914415e+07 8.345300e-01 1.403574e-01
3.933856e+07 8.334077e-01 1.390856e-01
3.953394e+07 8.322801e-01 1.378202e-01
3.973028e+07 8.311474e-01 1.365613e-01
3.992761e+07 8.300093e-01 1.353087e-01
4.012591e+07 8.288661e-01 1.340626e-01
4.032519e+07 8.277177e-01 1.328231e-01
4.052547e+07 8.265640e-01 1.315901e-01
4.072674e+07 8.254051e-01 1.303636e-01
4.092901e+07 8.242411e-01 1.291437e-01
4.113228e+07 8.230719e-01 1.279304e-01
4.133657e+07 8.218974e-01 1.267237e-01
4.154187e+07 8.207178e-01 1.255236e-01
4.174818e+07 8.195331e-01 1.243303e-01
4.195553e+07 8.183431e-01 1.231434e-01
4.216390e+07 8.171481e-01 1.219635e-01
4.237331e+07 8.159479e-01 1.207902e-01
4.258375e+07 8.147426e-01 1.196236e-01
4.279525e+07 8.135322e-01 1.184638e-01
4.300779e+07 8.123167e-01 1.173108e-01
4.322139e+07 8.110961e-01 1.161645e-01
4.343605e+07 8.098704e-01 1.150251e-01
4.365177e+07 8.086397e-01 1.138925e-01
4.386857e+07 8.074039e-01 1.127667e-01
4.408645e+07 8.061630e-01 1.116477e-01
4.430540e+07 8.049172e-01 1.105356e-01
4.452544e+07 8.036664e-01 1.094305e-01
4.474658e+07 8.024105e-01 1.083321e-01
4.496882e+07 8.011497e-01 1.072407e-01
4.519215e+07 7.998840e-01 1.061563e-01
4.541660e+07 7.986132e-01 1.050786e-01
4.564216e+07 7.973376e-01 1.040080e-01
4.586885e+07 7.960570e-01 1.029442e-01
4.609665e+07 7.947716e-01 1.018875e-01
4.632559e+07 7.934813e-01 1.008377e-01
4.655567e+07 7.921861e-01 9.979481e-02
4.678689e+07 7.908860e-01 9.875885e-02
4.701926e+07 7.895812e-01 9.772995e-02
4.725278e+07 7.882715e-01 9.670795e-02
4.748746e+07 7.869571e-01 9.569299e-02
4.772331e+07 7.856379e-01 9.468499e-02
4.796033e+07 7.843140e-01 9.368400e-02
4.819852e+07 7.829853e-01 9.268993e-02
4.843790e+07 7.816520e-01 9.170293e-02
4.867847e+07 7.803139e-01 9.072282e-02
4.892023e+07 7.789713e-01 8.974982e-02
4.916319e+07 7.776240e-01 8.878375e-02
4.940736e+07 7.762721e-01 8.782467e-02
4.965275e+07 7.749155e-01 8.687250e-02
4.989935e+07 7.735544e-01 8.592735e-02
5.014717e+07 7.721889e-01 8.498928e-02
5.039623e+07 7.708187e-01 8.405805e-02
5.064652e+07 7.694441e-01 8.313386e-02
5.089806e+07 7.680650e-01 8.221660e-02
5.115084e+07 7.666815e-01 8.130632e-02
5.140489e+07 7.652936e-01 8.040301e-02
5.166019e+07 7.639013e-01 7.950663e-02
5.191676e+07 7.625046e-01 7.861716e-02
5.217461e+07 7.611036e-01 7.773464e-02
5.243373e+07 7.596983e-01 7.685903e-02
5.269414e+07 7.582887e-01 7.599033e-02
5.295585e+07 7.568749e-01 7.512855e-02
5.321886e+07 7.554568e-01 7.427362e-02
5.348317e+07 7.540346e-01 7.342561e-02
5.374879e+07 7.526082e-01 7.258445e-02
5.401574e+07 7.511777e-01 7.175015e-02
5.428401e+07 7.497430e-01 7.092264e-02
5.455361e+07 7.483044e-01 7.010205e-02
5.482455e+07 7.468616e-01 6.928818e-02
5.509684e+07 7.454149e-01 6.848117e-02
5.537048e+07 7.439641e-01 6.768087e-02
5.564547e+07 7.425095e-01 6.688741e-02
5.592184e+07 7.410509e-01 6.610065e-02
5.619958e+07 7.395884e-01 6.532062e-02
5.647869e+07 7.381221e-01 6.454732e-02
5.675919e+07 7.366520e-01 6.378072e-02
5.704109e+07 7.351781e-01 6.302079e-02
5.732438e+07 7.337005e-01 6.226754e-02
5.760909e+07 7.322190e-01 6.152083e-02
5.789520e+07 7.307340e-01 6.078083e-02
5.818274e+07 7.292453e-01 6.004739e-02
5.847171e+07 7.277530e-01 5.932053e-02
5.876211e+07 7.262571e-01 5.860022e-02
5.905395e+07 7.247577e-01 5.788645e-02
5.934724e+07 7.232548e-01 5.717918e-02
5.964199e+07 7.217484e-01 5.647839e-02
5.993820e+07 7.202386e-01 5.578407e-02
6.023589e+07 7.187254e-01 5.509617e-02
6.053505e+07 7.172088e-01 5.441467e-02
6.083570e+07 7.156889e-01 5.373957e-02
6.113784e+07 7.141658e-01 5.307086e-02
6.144148e+07 7.126394e-01 5.240846e-02
6.174663e+07 7.111097e-01 5.175232e-02
6.205330e+07 7.095769e-01 5.110250e-02
6.236148e+07 7.080411e-01 5.045898e-02
6.267120e+07 7.065020e-01 4.982160e-02
6.298246e+07 7.049600e-01 4.919048e-02
6.329526e+07 7.034149e-01 4.856549e-02
6.360962e+07 7.018668e-01 4.794663e-02
6.392554e+07 7.003158e-01 4.733389e-02
6.424303e+07 6.987619e-01 4.672724e-02
6.456209e+07 6.972052e-01 4.612665e-02
6.488274e+07 6.956457e-01 4.553209e-02
6.520498e+07 6.940833e-01 4.494348e-02
6.552882e+07 6.925183e-01 4.436087e-02
6.585427e+07 6.909505e-01 4.378415e-02
6.618134e+07 6.893801e-01 4.321335e-02
6.651003e+07 6.878071e-01 4.264841e-02
6.684035e+07 6.862315e-01 4.208929e-02
6.717231e+07 6.846534e-01 4.153599e-02
6.750593e+07 6.830728e-01 4.098844e-02
6.784119e+07 6.814898e-01 4.044665e-02
6.817813e+07 6.799043e-01 3.991052e-02
6.851674e+07 6.783165e-01 3.938008e-02
6.885703e+07 6.767264e-01 3.885528e-02
6.919900e+07 6.751340e-01 3.833607e-02
6.954268e+07 6.735394e-01 3.782243e-02
6.988807e+07 6.719425e-01 3.731429e-02
7.023517e+07 6.703435e-01 3.681167e-02
7.058399e+07 6.687424e-01 3.631450e-02
7.093455e+07 6.671393e-01 3.582278e-02
7.128684e+07 6.655341e-01 3.533643e-02
7.164089e+07 6.639270e-01 3.485545e-02
7.199670e+07 6.623179e-01 3.437977e-02
7.235427e+07 6.607069e-01 3.390937e-02
7.271362e+07 6.590941e-01 3.344423e-02
7.307475e+07 6.574795e-01 3.298431e-02
7.343768e+07 6.558630e-01 3.252952e-02
7.380241e+07 6.542449e-01 3.207990e-02
7.416895e+07 6.526252e-01 3.163540e-02
7.453731e+07 6.510037e-01 3.119593e-02
7.490750e+07 6.493807e-01 3.076150e-02
7.527953e+07 6.477562e-01 3.033208e-02
7.565341e+07 6.461301e-01 2.990758e-02
7.602914e+07 6.445027e-01 2.948804e-02
7.640674e+07 6.428737e-01 2.907333e-02
7.678621e+07 6.412435e-01 2.866351e-02
7.716757e+07 6.396119e-01 2.825847e-02
7.755083e+07 6.379790e-01 2.785819e-02
7.793598e+07 6.363449e-01 2.746266e-02
7.832305e+07 6.347096e-01 2.707181e-02
7.871205e+07 6.330731e-01 2.668561e-02
7.910297e+07 6.314355e-01 2.630403e-02
7.949584e+07 6.297969e-01 2.592704e-02
7.989065e+07 6.281572e-01 2.555458e-02
8.028743e+07 6.265166e-01 2.518663e-02
8.068618e+07 6.248750e-01 2.482314e-02
8.108691e+07 6.232326e-01 2.446410e-02
8.148963e+07 6.215893e-01 2.410944e-02
8.189435e+07 6.199452e-01 2.375913e-02
8.230108e+07 6.183004e-01 2.341315e-02
8.270983e+07 6.166548e-01 2.307142e-02
8.312061e+07 6.150086e-01 2.273396e-02
8.353343e+07 6.133617e-01 2.240068e-02
8.394830e+07 6.117143e-01 2.207159e-02
8.436523e+07 6.100663e-01 2.174661e-02
8.478423e+07 6.084178e-01 2.142573e-02
8.520531e+07 6.067689e-01 2.110891e-02
8.562848e+07 6.051195e-01 2.079609e-02
8.605376e+07 6.034698e-01 2.048726e-02
8.648115e+07 6.018197e-01 2.018236e-02
8.691066e+07 6.001694e-01 1.988138e-02
8.734230e+07 5.985188e-01 1.958426e-02
8.777608e+07 5.968681e-01 1.929099e-02
8.821203e+07 5.952171e-01 1.900149e-02
8.865013e+07 5.935661e-01 1.871577e-02
8.909041e+07 5.919150e-01 1.843376e-02
8.953288e+07 5.902639e-01 1.815545e-02
8.997755e+07 5.886127e-01 1.788076e-02
9.042442e+07 5.869616e-01 1.760970e-02
9.087352e+07 5.853106e-01 1.734222e-02
9.132484e+07 5.836598e-01 1.707828e-02
9.177841e+07 5.820091e-01 1.681784e-02
9.223423e+07 5.803586e-01 1.656087e-02
9.269231e+07 5.787084e-01 1.630733e-02
9.315267e+07 5.770585e-01 1.605720e-02
9.361531e+07 5.754089e-01 1.581042e-02
9.408025e+07 5.737597e-01 1.556697e-02
9.454750e+07 5.721109e-01 1.532682e-02
9.501708e+07 5.704625e-01 1.508991e-02
9.548898e+07 5.688147e-01 1.485625e-02
9.596323e+07 5.671674e-01 1.462577e-02
9.643983e+07 5.655207e-01 1.439844e-02
9.691880e+07 5.638746e-01 1.417424e-02
9.740015e+07 5.622291e-01 1.395312e-02
9.788389e+07 5.605844e-01 1.373506e-02
9.837003e+07 5.589403e-01 1.352001e-02
9.885858e+07 5.572971e-01 1.330796e-02
9.934957e+07 5.556546e-01 1.309885e-02
9.984299e+07 5.540130e-01 1.289267e-02
1.003389e+08 5.523722e-01 1.268936e-02
1.008372e+08 5.507325e-01 1.248894e-02
1.013380e+08 5.490936e-01 1.229131e-02
1.018413e+08 5.474558e-01 1.209650e-02
1.023471e+08 5.458189e-01 1.190442e-02
1.028554e+08 5.441832e-01 1.171509e-02
1.033662e+08 5.425487e-01 1.152846e-02
1.038796e+08 5.409150e-01 1.134446e-02
1.043955e+08 5.392828e-01 1.116313e-02
1.049140e+08 5.376516e-01 1.098438e-02
1.054351e+08 5.360216e-01 1.080819e-02
1.059587e+08 5.343931e-01 1.063457e-02
1.064850e+08 5.327656e-01 1.046343e-02
1.070138e+08 5.311399e-01 1.029481e-02
1.075453e+08 5.295153e-01 1.012862e-02
1.080794e+08 5.278922e-01 9.964851e-03
1.086162e+08 5.262705e-01 9.803474e-03
1.091556e+08 5.246504e-01 9.644471e-03
1.096978e+08 5.230315e-01 9.487771e-03
1.102426e+08 5.214144e-01 9.333400e-03
1.107901e+08 5.197990e-01 9.181317e-03
1.113403e+08 5.181852e-01 9.031481e-03
1.118933e+08 5.165728e-01 8.883843e-03
1.124490e+08 5.149623e-01 8.738418e-03
1.130075e+08 5.133533e-01 8.595139e-03
1.135688e+08 5.117461e-01 8.454003e-03
1.141328e+08 5.101409e-01 8.314999e-03
1.146997e+08 5.085371e-01 8.178043e-03
1.152693e+08 5.069356e-01 8.043185e-03
1.158418e+08 5.053357e-01 7.910336e-03
1.164171e+08 5.037379e-01 7.779509e-03
1.169953e+08 5.021418e-01 7.650642e-03
1.175764e+08 5.005477e-01 7.523733e-03
1.181603e+08 4.989557e-01 7.398762e-03
1.187472e+08 4.973655e-01 7.275677e-03
1.193369e+08 4.957777e-01 7.154497e-03
1.199296e+08 4.941917e-01 7.035151e-03
1.205252e+08 4.926080e-01 6.917648e-03
1.211238e+08 4.910263e-01 6.801941e-03
1.217254e+08 4.894466e-01 6.688004e-03
1.223299e+08 4.878694e-01 6.575846e-03
1.229375e+08 4.862941e-01 6.465400e-03
1.235481e+08 4.847212e-01 6.356676e-03
1.241617e+08 4.831505e-01 6.249635e-03
1.247783e+08 4.815823e-01 6.144272e-03
1.253980e+08 4.800163e-01 6.040544e-03
1.260208e+08 4.784526e-01 5.938432e-03
1.266467e+08 4.768912e-01 5.837913e-03
1.272757e+08 4.753323e-01 5.738977e-03
1.279078e+08 4.737758e-01 5.641593e-03
1.285431e+08 4.722216e-01 5.545733e-03
1.291815e+08 4.706700e-01 5.451392e-03
1.298231e+08 4.691209e-01 5.358542e-03
1.304678e+08 4.675744e-01 5.267167e-03
1.311158e+08 4.660303e-01 5.177232e-03
1.317670e+08 4.644888e-01 5.088728e-03
1.324214e+08 4.629499e-01 5.001633e-03
1.330791e+08 4.614135e-01 4.915921e-03
1.337400e+08 4.598799e-01 4.831588e-03
1.344043e+08 4.583487e-01 4.748590e-03
1.350718e+08 4.568204e-01 4.666935e-03
1.357426e+08 4.552948e-01 4.586591e-03
1.364168e+08 4.537718e-01 4.507534e-03
1.370943e+08 4.522516e-01 4.429754e-03
1.377752e+08 4.507340e-01 4.353222e-03
1.384594e+08 4.492195e-01 4.277943e-03
1.391471e+08 4.477075e-01 4.203870e-03
1.398382e+08 4.461984e-01 4.131002e-03
1.405327e+08 4.446921e-01 4.059316e-03
1.412306e+08 4.431889e-01 3.988809e-03
1.419321e+08 4.416882e-01 3.919435e-03
1.426370e+08 4.401905e-01 3.851198e-03
1.433454e+08 4.386958e-01 3.784082e-03
1.440573e+08 4.372041e-01 3.718069e-03
1.447728e+08 4.357152e-01 3.653133e-03
1.454918e+08 4.342293e-01 3.589266e-03
1.462144e+08 4.327464e-01 3.526451e-03
1.469405e+08 4.312666e-01 3.464676e-03
1.476703e+08 4.297897e-01 3.403917e-03
1.484037e+08 4.283158e-01 3.344161e-03
1.491408e+08 4.268449e-01 3.285394e-03
1.498815e+08 4.253771e-01 3.227603e-03
1.506259e+08 4.239124e-01 3.170773e-03
1.513740e+08 4.224508e-01 3.114889e-03
1.521258e+08 4.209923e-01 3.059936e-03
1.528813e+08 4.195370e-01 3.005903e-03
1.536406e+08 4.180848e-01 2.952772e-03
1.544036e+08 4.166358e-01 2.900531e-03
1.551705e+08 4.151898e-01 2.849161e-03
1.559412e+08 4.137470e-01 2.798654e-03
1.567156e+08 4.123076e-01 2.749002e-03
1.574940e+08 4.108712e-01 2.700180e-03
1.582762e+08 4.094381e-01 2.652183e-03
1.590622e+08 4.080083e-01 2.604999e-03
1.598522e+08 4.065817e-01 2.558610e-03
1.606461e+08 4.051583e-01 2.513005e-03
1.614440e+08 4.037381e-01 2.468171e-03
1.622458e+08 4.023213e-01 2.424101e-03
1.630516e+08 4.009078e-01 2.380781e-03
1.638614e+08 3.994976e-01 2.338197e-03
1.646752e+08 3.980907e-01 2.296338e-03
1.654931e+08 3.966870e-01 2.255190e-03
1.663150e+08 3.952868e-01 2.214750e-03
1.671410e+08 3.938899e-01 2.175000e-03
1.679711e+08 3.924964e-01 2.135932e-03
1.688053e+08 3.911063e-01 2.097534e-03
1.696437e+08 3.897194e-01 2.059791e-03
1.704863e+08 3.883359e-01 2.022698e-03
1.713330e+08 3.869559e-01 1.986245e-03
1.721839e+08 3.855793e-01 1.950420e-03
1.730391e+08 3.842061e-01 1.915213e-03
1.738985e+08 3.828363e-01 1.880614e-03
1.747621e+08 3.814700e-01 1.846615e-03
1.756301e+08 3.801070e-01 1.813201e-03
1.765024e+08 3.787475e-01 1.780367e-03
1.773790e+08 3.773915e-01 1.748104e-03
1.782599e+08 3.760390e-01 1.716403e-03
1.791452e+08 3.746900e-01 1.685254e-03
1.800350e+08 3.733443e-01 1.654643e-03
1.809291e+08 3.720022e-01 1.624568e-03
1.818277e+08 3.706635e-01 1.595017e-03
1.827308e+08 3.693283e-01 1.565981e-03
1.836383e+08 3.679967e-01 1.537456e-03
1.845503e+08 3.666686e-01 1.509430e-03
1.854669e+08 3.653440e-01 1.481895e-03
1.863880e+08 3.640229e-01 1.454842e-03
1.873137e+08 3.627053e-01 1.428264e-03
1.882440e+08 3.613913e-01 1.402155e-03
1.891789e+08 3.600808e-01 1.376505e-03
1.901185e+08 3.587737e-01 1.351304e-03
1.910627e+08 3.574703e-01 1.326550e-03
1.920116e+08 3.561704e-01 1.302233e-03
1.929653e+08 3.548740e-01 1.278344e-03
1.939236e+08 3.535813e-01 1.254881e-03
1.948868e+08 3.522920e-01 1.231830e-03
1.958547e+08 3.510063e-01 1.209189e-03
1.968274e+08 3.497242e-01 1.186949e-03
1.978049e+08 3.484458e-01 1.165107e-03
1.987873e+08 3.471708e-01 1.143650e-03
1.997746e+08 3.458994e-01 1.122576e-03
2.007668e+08 3.446316e-01 1.101877e-03
2.017639e+08 3.433674e-01 1.081547e-03
2.027660e+08 3.421067e-01 1.061579e-03
2.037730e+08 3.408497e-01 1.041969e-03
2.047850e+08 3.395963e-01 1.022709e-03
2.058021e+08 3.383464e-01 1.003793e-03
2.068242e+08 3.371002e-01 9.852177e-04
2.078514e+08 3.358575e-01 9.669735e-04
2.088837e+08 3.346184e-01 9.490567e-04
2.099211e+08 3.333829e-01 9.314616e-04
2.109637e+08 3.321510e-01 9.141827e-04
2.120115e+08 3.309227e-01 8.972146e-04
2.130644e+08 3.296981e-01 8.805533e-04
2.141226e+08 3.284770e-01 8.641908e-04
2.151861e+08 3.272594e-01 8.481221e-04
2.162548e+08 3.260455e-01 8.323446e-04
2.173288e+08 3.248353e-01 8.168533e-04
2.184082e+08 3.236286e-01 8.016407e-04
2.194929e+08 3.224255e-01 7.867033e-04
2.205830e+08 3.212260e-01 7.720363e-04
2.216786e+08 3.200301e-01 7.576351e-04
2.227795e+08 3.188379e-01 7.434962e-04
2.238860e+08 3.176491e-01 7.296115e-04
2.249979e+08 3.164641e-01 7.159813e-04
2.261154e+08 3.152825e-01 7.025966e-04
2.272384e+08 3.141046e-01 6.894565e-04
2.283669e+08 3.129304e-01 6.765568e-04
2.295011e+08 3.117597e-01 6.638910e-04
2.306409e+08 3.105926e-01 6.514562e-04
2.317864e+08 3.094291e-01 6.392483e-04
2.329376e+08 3.082691e-01 6.272623e-04
2.340945e+08 3.071128e-01 6.154965e-04
2.352571e+08 3.059601e-01 6.039460e-04
2.364255e+08 3.048109e-01 5.926059e-04
2.375997e+08 3.036653e-01 5.814737e-04
2.387798e+08 3.025232e-01 5.705446e-04
2.399657e+08 3.013848e-01 5.598171e-04
2.411575e+08 3.002500e-01 5.492867e-04
2.423552e+08 2.991187e-01 5.389489e-04
2.435588e+08 2.979910e-01 5.288013e-04
2.447685e+08 2.968668e-01 5.188397e-04
2.459841e+08 2.957463e-01 5.090626e-04
2.472058e+08 2.946292e-01 4.994640e-04
2.484336e+08 2.935157e-01 4.900427e-04
2.496674e+08 2.924058e-01 4.807954e-04
2.509074e+08 2.912994e-01 4.717182e-04
2.521535e+08 2.901966e-01 4.628090e-04
2.534058e+08 2.890974e-01 4.540648e-04
2.546644e+08 2.880016e-01 4.454811e-04
2.559292e+08 2.869094e-01 4.370566e-04
2.572003e+08 2.858207e-01 4.287877e-04
2.584777e+08 2.847355e-01 4.206717e-04
2.597614e+08 2.836540e-01 4.127074e-04
2.610515e+08 2.825759e-01 4.048898e-04
2.623480e+08 2.815013e-01 3.972171e-04
2.636510e+08 2.804302e-01 3.896867e-04
2.649604e+08 2.793626e-01 3.822961e-04
2.662763e+08 2.782986e-01 3.750435e-04
2.675988e+08 2.772380e-01 3.679250e-04
2.689278e+08 2.761809e-01 3.609390e-04
2.702634e+08 2.751274e-01 3.540838e-04
2.716057e+08 2.740772e-01 3.473551e-04
2.729546e+08 2.730306e-01 3.407525e-04
2.743103e+08 2.719874e-01 3.342725e-04
2.756726e+08 2.709478e-01 3.279142e-04
2.770418e+08 2.699115e-01 3.216736e-04
2.784177e+08 2.688788e-01 3.155503e-04
2.798005e+08 2.678494e-01 3.095406e-04
2.811901e+08 2.668236e-01 3.036441e-04
2.825866e+08 2.658012e-01 2.978576e-04
2.839901e+08 2.647822e-01 2.921792e-04
2.854006e+08 2.637666e-01 2.866070e-04
2.868180e+08 2.627545e-01 2.811395e-04
2.882425e+08 2.617457e-01 2.757739e-04
2.896740e+08 2.607405e-01 2.705099e-04
2.911127e+08 2.597386e-01 2.653440e-04
2.925585e+08 2.587401e-01 2.602751e-04
2.940115e+08 2.577450e-01 2.553015e-04
2.954717e+08 2.567533e-01 2.504213e-04
2.969392e+08 2.557649e-01 2.456324e-04
2.984140e+08 2.547799e-01 2.409337e-04
2.998960e+08 2.537984e-01 2.363240e-04
3.013855e+08 2.528201e-01 2.318004e-04
3.028823e+08 2.518453e-01 2.273625e-04
3.043866e+08 2.508738e-01 2.230080e-04
3.058983e+08 2.499056e-01 2.187355e-04
3.074176e+08 2.489408e-01 2.145437e-04
3.089444e+08 2.479793e-01 2.104309e-04
3.104787e+08 2.470211e-01 2.063956e-04
3.120207e+08 2.460663e-01 2.024369e-04
3.135704e+08 2.451147e-01 1.985524e-04
3.151277e+08 2.441665e-01 1.947418e-04
3.166928e+08 2.432216e-01 1.910032e-04
3.182657e+08 2.422799e-01 1.873350e-04
3.198464e+08 2.413415e-01 1.837362e-04
3.214349e+08 2.404065e-01 1.802061e-04
3.230313e+08 2.394747e-01 1.767425e-04
3.246356e+08 2.385461e-01 1.733444e-04
3.262479e+08 2.376208e-01 1.700107e-04
3.278682e+08 2.366988e-01 1.667405e-04
3.294966e+08 2.357800e-01 1.635322e-04
3.311331e+08 2.348644e-01 1.603846e-04
3.327776e+08 2.339521e-01 1.572971e-04
3.344304e+08 2.330429e-01 1.542678e-04
3.360913e+08 2.321371e-01 1.512966e-04
3.377605e+08 2.312344e-01 1.483816e-04
3.394380e+08 2.303348e-01 1.455217e-04
3.411238e+08 2.294385e-01 1.427165e-04
3.428180e+08 2.285454e-01 1.399647e-04
3.445207e+08 2.276554e-01 1.372651e-04
3.462317e+08 2.267687e-01 1.346173e-04
3.479513e+08 2.258850e-01 1.320195e-04
3.496794e+08 2.250045e-01 1.294713e-04
3.514161e+08 2.241272e-01 1.269719e-04
3.531614e+08 2.232530e-01 1.245200e-04
3.549154e+08 2.223820e-01 1.221150e-04
3.566781e+08 2.215140e-01 1.197556e-04
3.584495e+08 2.206492e-01 1.174415e-04
3.602298e+08 2.197875e-01 1.151716e-04
3.620188e+08 2.189289e-01 1.129450e-04
3.638168e+08 2.180734e-01 1.107610e-04
3.656237e+08 2.172209e-01 1.086185e-04
3.674396e+08 2.163715e-01 1.065171e-04
3.692645e+08 2.155252e-01 1.044559e-04
3.710984e+08 2.146820e-01 1.024343e-04
3.729415e+08 2.138418e-01 1.004512e-04
3.747937e+08 2.130047e-01 9.850625e-05
3.766551e+08 2.121706e-01 9.659845e-05
3.785258e+08 2.113395e-01 9.472713e-05
3.804058e+08 2.105114e-01 9.289164e-05
3.822950e+08 2.096864e-01 9.109152e-05
3.841937e+08 2.088644e-01 8.932591e-05
3.861018e+08 2.080453e-01 8.759397e-05
3.880194e+08 2.072292e-01 8.589528e-05
3.899465e+08 2.064162e-01 8.422945e-05
3.918832e+08 2.056060e-01 8.259525e-05
3.938295e+08 2.047989e-01 8.099270e-05
3.957854e+08 2.039947e-01 7.942083e-05
3.977511e+08 2.031935e-01 7.787926e-05
3.997265e+08 2.023952e-01 7.636725e-05
4.017118e+08 2.015998e-01 7.488426e-05
4.037069e+08 2.008074e-01 7.342992e-05
4.057119e+08 2.000178e-01 7.200335e-05
4.077269e+08 1.992312e-01 7.060440e-05
4.097519e+08 1.984475e-01 6.923238e-05
4.117869e+08 1.976666e-01 6.788662e-05
4.138321e+08 1.968887e-01 6.656698e-05
4.158874e+08 1.961136e-01 6.527264e-05
4.179529e+08 1.953414e-01 6.400329e-05
4.200286e+08 1.945720e-01 6.275831e-05
4.221147e+08 1.938055e-01 6.153741e-05
4.242111e+08 1.930418e-01 6.034000e-05
4.263180e+08 1.922810e-01 5.916578e-05
4.284353e+08 1.915230e-01 5.801418e-05
4.305631e+08 1.907678e-01 5.688478e-05
4.327015e+08 1.900154e-01 5.577716e-05
4.348506e+08 1.892658e-01 5.469094e-05
4.370102e+08 1.885190e-01 5.362570e-05
4.391807e+08 1.877749e-01 5.258093e-05
4.413619e+08 1.870337e-01 5.155651e-05
4.435539e+08 1.862952e-01 5.055180e-05
4.457568e+08 1.855595e-01 4.956657e-05
4.479707e+08 1.848265e-01 4.860032e-05
4.501955e+08 1.840963e-01 4.765284e-05
4.524314e+08 1.833688e-01 4.672364e-05
4.546784e+08 1.826441e-01 4.581251e-05
4.569366e+08 1.819220e-01 4.491887e-05
4.592060e+08 1.812026e-01 4.404252e-05
4.614866e+08 1.804860e-01 4.318326e-05
4.637786e+08 1.797720e-01 4.234053e-05
4.660820e+08 1.790608e-01 4.151425e-05
4.683968e+08 1.783522e-01 4.070390e-05
4.707231e+08 1.776462e-01 3.990918e-05
4.730609e+08 1.769430e-01 3.913001e-05
4.754104e+08 1.762423e-01 3.836579e-05
4.777715e+08 1.755444e-01 3.761655e-05
4.801444e+08 1.748490e-01 3.688171e-05
4.825290e+08 1.741563e-01 3.616119e-05
4.849255e+08 1.734662e-01 3.545464e-05
4.873339e+08 1.727787e-01 3.476179e-05
4.897542e+08 1.720938e-01 3.408239e-05
4.921866e+08 1.714115e-01 3.341618e-05
4.946311e+08 1.707317e-01 3.276283e-05
4.970877e+08 1.700546e-01 3.212228e-05
4.995565e+08 1.693800e-01 3.149412e-05
5.020375e+08 1.687080e-01 3.087819e-05
5.045309e+08 1.680385e-01 3.027419e-05
5.070366e+08 1.673716e-01 2.968198e-05
5.095548e+08 1.667072e-01 2.910125e-05
5.120856e+08 1.660453e-01 2.853179e-05
5.146288e+08 1.653860e-01 2.797347e-05
5.171847e+08 1.647292e-01 2.742600e-05
5.197534e+08 1.640748e-01 2.688909e-05
5.223347e+08 1.634230e-01 2.636272e-05
5.249289e+08 1.627736e-01 2.584653e-05
5.275360e+08 1.621267e-01 2.534040e-05
5.301560e+08 1.614823e-01 2.484414e-05
5.327890e+08 1.608404e-01 2.435758e-05
5.354351e+08 1.602009e-01 2.388045e-05
5.380944e+08 1.595638e-01 2.341258e-05
5.407668e+08 1.589292e-01 2.295387e-05
5.434525e+08 1.582970e-01 2.250408e-05
5.461516e+08 1.576673e-01 2.206310e-05
5.488641e+08 1.570399e-01 2.163065e-05
5.515900e+08 1.564150e-01 2.120669e-05
5.543295e+08 1.557924e-01 2.079093e-05
5.570826e+08 1.551722e-01 2.038328e-05
5.598493e+08 1.545545e-01 1.998366e-05
5.626298e+08 1.539390e-01 1.959172e-05
5.654241e+08 1.533260e-01 1.920752e-05
5.682323e+08 1.527153e-01 1.883078e-05
5.710545e+08 1.521070e-01 1.846142e-05
5.738906e+08 1.515010e-01 1.809924e-05
5.767408e+08 1.508973e-01 1.774411e-05
5.796052e+08 1.502959e-01 1.739591e-05
5.824838e+08 1.496969e-01 1.705454e-05
5.853768e+08 1.491002e-01 1.671984e-05
5.882840e+08 1.485058e-01 1.639168e-05
5.912058e+08 1.479136e-01 1.606988e-05
5.941420e+08 1.473238e-01 1.575442e-05
5.970928e+08 1.467362e-01 1.544509e-05
6.000583e+08 1.461509e-01 1.514181e-05
6.030385e+08 1.455679e-01 1.484449e-05
6.060335e+08 1.449871e-01 1.455295e-05
6.090433e+08 1.444086e-01 1.426713e-05
6.120682e+08 1.438323e-01 1.398688e-05
6.151080e+08 1.432582e-01 1.371210e-05
6.181630e+08 1.426864e-01 1.344273e-05
6.212331e+08 1.421168e-01 1.317862e-05
6.243184e+08 1.415494e-01 1.291968e-05
6.274191e+08 1.409841e-01 1.266575e-05
6.305352e+08 1.404211e-01 1.241685e-05
6.336668e+08 1.398603e-01 1.217282e-05
6.368139e+08 1.393016e-01 1.193353e-05
6.399766e+08 1.387451e-01 1.169894e-05
6.431551e+08 1.381908e-01 1.146896e-05
6.463493e+08 1.376386e-01 1.124346e-05
6.495594e+08 1.370885e-01 1.102235e-05
6.527855e+08 1.365406e-01 1.080560e-05
6.560275e+08 1.359949e-01 1.059313e-05
6.592857e+08 1.354512e-01 1.038476e-05
6.625601e+08 1.349097e-01 1.018052e-05
6.658507e+08 1.343703e-01 9.980265e-06
6.691576e+08 1.338330e-01 9.783938e-06
6.724810e+08 1.332977e-01 9.591425e-06
6.758209e+08 1.327646e-01 9.402725e-06
6.791774e+08 1.322335e-01 9.217697e-06
6.825505e+08 1.317045e-01 9.036306e-06
6.859404e+08 1.311776e-01 8.858483e-06
6.893471e+08 1.306528e-01 8.684161e-06
6.927708e+08 1.301299e-01 8.513209e-06
6.962114e+08 1.296092e-01 8.345661e-06
6.996692e+08 1.290904e-01 8.181356e-06
7.031441e+08 1.285737e-01 8.020297e-06
7.066363e+08 1.280590e-01 7.862391e-06
7.101458e+08 1.275463e-01 7.707580e-06
7.136727e+08 1.270356e-01 7.555805e-06
7.172172e+08 1.265269e-01 7.407009e-06
7.207793e+08 1.260202e-01 7.261136e-06
7.243590e+08 1.255156e-01 7.118158e-06
7.279566e+08 1.250128e-01 6.977939e-06
7.315720e+08 1.245121e-01 6.840507e-06
7.352053e+08 1.240133e-01 6.705758e-06
7.388568e+08 1.235164e-01 6.573639e-06
7.425263e+08 1.230215e-01 6.444129e-06
7.462141e+08 1.225286e-01 6.317177e-06
7.499201e+08 1.220375e-01 6.192684e-06
7.536446e+08 1.215484e-01 6.070656e-06
7.573876e+08 1.210613e-01 5.951044e-06
7.611492e+08 1.205760e-01 5.833755e-06
7.649295e+08 1.200926e-01 5.718769e-06
7.687285e+08 1.196112e-01 5.606066e-06
7.725464e+08 1.191316e-01 5.495557e-06
7.763832e+08 1.186539e-01 5.387223e-06
7.802392e+08 1.181781e-01 5.281024e-06
7.841142e+08 1.177042e-01 5.176918e-06
7.880085e+08 1.172321e-01 5.074845e-06
7.919222e+08 1.167619e-01 4.974787e-06
7.958553e+08 1.162936e-01 4.876708e-06
7.998079e+08 1.158270e-01 4.780527e-06
8.037802e+08 1.153624e-01 4.686270e-06
8.077722e+08 1.148995e-01 4.593842e-06
8.117840e+08 1.144385e-01 4.503246e-06
8.158157e+08 1.139793e-01 4.414429e-06
8.198675e+08 1.135219e-01 4.327357e-06
8.239393e+08 1.130663e-01 4.241998e-06
8.280315e+08 1.126125e-01 4.158318e-06
8.321439e+08 1.121605e-01 4.076287e-06
8.362767e+08 1.117102e-01 3.995855e-06
8.404301e+08 1.112618e-01 3.917028e-06
8.446041e+08 1.108151e-01 3.839739e-06
8.487989e+08 1.103702e-01 3.763979e-06
8.530144e+08 1.099270e-01 3.689699e-06
8.572509e+08 1.094856e-01 3.616891e-06
8.615085e+08 1.090459e-01 3.545508e-06
8.657872e+08 1.086080e-01 3.475541e-06
8.700871e+08 1.081718e-01 3.406946e-06
8.744084e+08 1.077373e-01 3.339699e-06
8.787512e+08 1.073045e-01 3.273773e-06
8.831155e+08 1.068735e-01 3.209158e-06
8.875015e+08 1.064442e-01 3.145815e-06
8.919093e+08 1.060165e-01 3.083706e-06
8.963390e+08 1.055906e-01 3.022835e-06
9.007907e+08 1.051663e-01 2.963151e-06
9.052645e+08 1.047437e-01 2.904646e-06
9.097605e+08 1.043228e-01 2.847297e-06
9.142788e+08 1.039035e-01 2.791069e-06
9.188196e+08 1.034859e-01 2.735954e-06
9.233829e+08 1.030700e-01 2.681931e-06
9.279689e+08 1.026557e-01 2.628966e-06
9.325777e+08 1.022431e-01 2.577053e-06
9.372093e+08 1.018321e-01 2.526158e-06
9.418640e+08 1.014227e-01 2.476262e-06
9.465418e+08 1.010149e-01 2.427348e-06
9.512428e+08 1.006088e-01 2.379407e-06
9.559671e+08 1.002042e-01 2.332398e-06
9.607150e+08 9.980132e-02 2.286330e-06
9.654864e+08 9.939999e-02 2.241164e-06
9.702815e+08 9.900025e-02 2.196888e-06
9.751004e+08 9.860211e-02 2.153487e-06
9.799432e+08 9.820554e-02 2.110940e-06
9.848101e+08 9.781055e-02 2.069233e-06
9.897012e+08 9.741712e-02 2.028347e-06
9.946166e+08 9.702526e-02 1.988269e-06
9.995564e+08 9.663495e-02 1.948980e-06
1.004521e+09 9.624618e-02 1.910466e-06
1.009510e+09 9.585896e-02 1.872711e-06
1.014523e+09 9.547335e-02 1.835708e-06
1.019562e+09 9.508918e-02 1.799426e-06
1.024626e+09 9.470655e-02 1.763861e-06
1.029715e+09 9.432544e-02 1.728998e-06
1.034829e+09 9.394588e-02 1.694825e-06
1.039968e+09 9.356785e-02 1.661329e-06
1.045133e+09 9.319129e-02 1.628490e-06
1.050324e+09 9.281620e-02 1.596298e-06
1.055540e+09 9.244267e-02 1.564746e-06
1.060783e+09 9.207054e-02 1.533809e-06
1.066051e+09 9.169996e-02 1.503489e-06
1.071346e+09 9.133080e-02 1.473763e-06
1.076666e+09 9.096321e-02 1.444631e-06
1.082014e+09 9.059696e-02 1.416065e-06
1.087387e+09 9.023229e-02 1.388072e-06
1.092788e+09 8.986897e-02 1.360624e-06
1.098215e+09 8.950716e-02 1.333722e-06
1.103670e+09 8.914672e-02 1.307346e-06
1.109151e+09 8.878779e-02 1.281496e-06
1.114660e+09 8.843024e-02 1.256153e-06
1.120196e+09 8.807414e-02 1.231313e-06
1.125759e+09 8.771948e-02 1.206964e-06
1.131350e+09 8.736622e-02 1.183095e-06
1.136969e+09 8.701435e-02 1.159696e-06
1.142616e+09 8.666389e-02 1.136759e-06
1.148291e+09 8.631482e-02 1.114275e-06
1.153994e+09 8.596715e-02 1.092236e-06
1.159725e+09 8.562089e-02 1.070633e-06
1.165485e+09 8.527598e-02 1.049455e-06
1.171273e+09 8.493249e-02 1.028698e-06
1.177090e+09 8.459034e-02 1.008349e-06
1.182936e+09 8.424956e-02 9.884025e-07
1.188811e+09 8.391014e-02 9.688499e-07
1.194716e+09 8.357203e-02 9.496810e-07
1.200649e+09 8.323535e-02 9.308953e-07
1.206612e+09 8.289997e-02 9.124783e-07
1.212605e+09 8.256592e-02 8.944247e-07
1.218627e+09 8.223324e-02 8.767296e-07
1.224680e+09 8.190184e-02 8.593817e-07
1.230762e+09 8.157181e-02 8.423789e-07
1.236875e+09 8.124306e-02 8.257101e-07
1.243018e+09 8.091564e-02 8.093716e-07
1.249191e+09 8.058956e-02 7.933575e-07
1.255395e+09 8.026476e-02 7.776588e-07
1.261630e+09 7.994126e-02 7.622704e-07
1.267896e+09 7.961904e-02 7.471855e-07
1.274193e+09 7.929812e-02 7.323993e-07
1.280521e+09 7.897849e-02 7.179056e-07
1.286881e+09 7.866012e-02 7.036977e-07
1.293272e+09 7.834305e-02 6.897717e-07
1.299695e+09 7.802723e-02 6.761203e-07
1.306150e+09 7.771267e-02 6.627386e-07
1.312637e+09 7.739937e-02 6.496215e-07
1.319157e+09 7.708729e-02 6.367623e-07
1.325708e+09 7.677652e-02 6.241599e-07
1.332292e+09 7.646698e-02 6.118060e-07
1.338909e+09 7.615866e-02 5.996957e-07
1.345559e+09 7.585157e-02 5.878247e-07
1.352242e+09 7.554570e-02 5.761881e-07
1.358958e+09 7.524108e-02 5.647825e-07
1.365707e+09 7.493768e-02 5.536024e-07
1.372490e+09 7.463548e-02 5.426429e-07
1.379306e+09 7.433453e-02 5.319016e-07
1.386157e+09 7.403472e-02 5.213704e-07
1.393041e+09 7.373616e-02 5.110492e-07
1.399959e+09 7.343881e-02 5.009325e-07
1.406912e+09 7.314262e-02 4.910149e-07
1.413900e+09 7.284759e-02 4.812926e-07
1.420922e+09 7.255378e-02 4.717638e-07
1.427979e+09 7.226114e-02 4.624232e-07
1.435071e+09 7.196968e-02 4.532677e-07
1.442198e+09 7.167939e-02 4.442933e-07
1.449361e+09 7.139024e-02 4.354957e-07
1.456559e+09 7.110227e-02 4.268727e-07
1.463793e+09 7.081545e-02 4.184202e-07
1.471063e+09 7.052977e-02 4.101347e-07
1.478369e+09 7.024525e-02 4.020135e-07
1.485712e+09 6.996183e-02 3.940518e-07
1.493091e+09 6.967958e-02 3.862485e-07
1.500506e+09 6.939847e-02 3.785999e-07
1.507958e+09 6.911849e-02 3.711026e-07
1.515448e+09 6.883960e-02 3.637529e-07
1.522974e+09 6.856187e-02 3.565496e-07
1.530538e+09 6.828523e-02 3.494882e-07
1.538139e+09 6.800971e-02 3.425669e-07
1.545779e+09 6.773527e-02 3.357818e-07
1.553456e+09 6.746195e-02 3.291315e-07
1.561171e+09 6.718974e-02 3.226131e-07
1.568925e+09 6.691859e-02 3.162229e-07
1.576717e+09 6.664855e-02 3.099597e-07
1.584547e+09 6.637962e-02 3.038211e-07
1.592417e+09 6.611173e-02 2.978030e-07
1.600326e+09 6.584492e-02 2.919042e-07
1.608274e+09 6.557919e-02 2.861223e-07
1.616261e+09 6.531454e-02 2.804551e-07
1.624289e+09 6.505091e-02 2.748992e-07
1.632356e+09 6.478837e-02 2.694539e-07
1.640463e+09 6.452688e-02 2.641163e-07
1.648610e+09 6.426645e-02 2.588846e-07
1.656798e+09 6.400706e-02 2.537563e-07
1.665026e+09 6.374872e-02 2.487297e-07
1.673296e+09 6.349138e-02 2.438018e-07
1.681606e+09 6.323512e-02 2.389724e-07
1.689958e+09 6.297986e-02 2.342380e-07
1.698351e+09 6.272564e-02 2.295977e-07
1.706786e+09 6.247243e-02 2.250490e-07
1.715263e+09 6.222023e-02 2.205902e-07
1.723782e+09 6.196906e-02 2.162200e-07
1.732343e+09 6.171890e-02 2.119363e-07
1.740947e+09 6.146973e-02 2.077371e-07
1.749593e+09 6.122158e-02 2.036214e-07
1.758282e+09 6.097443e-02 1.995873e-07
1.767015e+09 6.072825e-02 1.956326e-07
1.775791e+09 6.048307e-02 1.917564e-07
1.784610e+09 6.023889e-02 1.879572e-07
1.793474e+09 5.999566e-02 1.842328e-07
1.802381e+09 5.975344e-02 1.805825e-07
1.811333e+09 5.951217e-02 1.770042e-07
1.820329e+09 5.927188e-02 1.734969e-07
1.829369e+09 5.903257e-02 1.700593e-07
1.838455e+09 5.879420e-02 1.666894e-07
1.847585e+09 5.855682e-02 1.633867e-07
1.856762e+09 5.832035e-02 1.601487e-07
1.865983e+09 5.808487e-02 1.569755e-07
1.875251e+09 5.785030e-02 1.538645e-07
1.884564e+09 5.761671e-02 1.508157e-07
1.893924e+09 5.738404e-02 1.478270e-07
1.903330e+09 5.715231e-02 1.448975e-07
1.912783e+09 5.692151e-02 1.420261e-07
1.922283e+09 5.669164e-02 1.392115e-07
1.931830e+09 5.646269e-02 1.364526e-07
1.941424e+09 5.623468e-02 1.337486e-07
1.951066e+09 5.600758e-02 1.310980e-07
1.960756e+09 5.578138e-02 1.284998e-07
1.970494e+09 5.555610e-02 1.259531e-07
1.980281e+09 5.533172e-02 1.234569e-07
1.990116e+09 5.510825e-02 1.210101e-07
2.000000e+09 5.488567e-02 1.186117e-07
