# Version 1.7, Tue
# point = 0.000000e+00
# nombre de vues
# 1 1 1
# temps(1) pression_liquide(2) molarite_O2(3)
0.000000e+00 0.000000e+00 2.500000e-01 0.000000e+00
1.000000e-04 -4.148006e+02 2.499981e-01 5.083079e-09
2.500000e-04 -1.087794e+03 2.499952e-01 1.263106e-08
4.750000e-04 -2.085017e+03 2.499908e-01 2.378117e-08
8.125000e-04 -3.515767e+03 2.499843e-01 4.012319e-08
1.318750e-03 -5.445403e+03 2.499745e-01 6.379497e-08
2.078125e-03 -7.755878e+03 2.499599e-01 9.751976e-08
3.217187e-03 -1.004422e+04 2.499379e-01 1.446116e-07
4.925781e-03 -1.183207e+04 2.499049e-01 2.094154e-07
7.488672e-03 -1.294602e+04 2.498554e-01 2.994476e-07
1.133301e-02 -1.353325e+04 2.497812e-01 4.295139e-07
1.709951e-02 -1.381208e+04 2.496699e-01 6.246287e-07
2.574927e-02 -1.393452e+04 2.495031e-01 9.210490e-07
3.872390e-02 -1.398128e+04 2.492531e-01 1.370120e-06
5.818585e-02 -1.398972e+04 2.488786e-01 2.046728e-06
8.737878e-02 -1.397489e+04 2.483177e-01 3.061560e-06
1.311682e-01 -1.394058e+04 2.474786e-01 4.577286e-06
1.968523e-01 -1.388953e+04 2.462250e-01 5.304227e-06
2.953784e-01 -1.381458e+04 2.443557e-01 5.303572e-06
4.431676e-01 -1.370062e+04 2.415766e-01 5.303455e-06
6.648513e-01 -1.353130e+04 2.374636e-01 5.303216e-06
9.973770e-01 -1.328090e+04 2.314171e-01 5.302721e-06
1.496166e+00 -1.291324e+04 2.226187e-01 5.301676e-06
2.063069e+00 -1.250510e+04 2.129604e-01 5.299779e-06
2.650030e+00 -1.209238e+04 2.033177e-01 5.297086e-06
3.258740e+00 -1.167473e+04 1.936920e-01 5.293688e-06
3.891124e+00 -1.125194e+04 1.840851e-01 5.289607e-06
4.549382e+00 -1.082377e+04 1.744988e-01 5.284874e-06
5.236049e+00 -1.038996e+04 1.649354e-01 5.279529e-06
5.954064e+00 -9.950244e+03 1.553975e-01 5.273617e-06
6.706864e+00 -9.504304e+03 1.458881e-01 5.267180e-06
7.498500e+00 -9.051793e+03 1.364108e-01 5.260259e-06
8.333802e+00 -8.592316e+03 1.269701e-01 5.252886e-06
9.218588e+00 -8.125437e+03 1.175712e-01 5.245083e-06
1.015996e+01 -7.650669e+03 1.082205e-01 5.236863e-06
1.116669e+01 -7.167474e+03 9.892611e-02 5.228223e-06
1.224986e+01 -6.675265e+03 8.969817e-02 5.219145e-06
1.342365e+01 -6.173408e+03 8.054972e-02 5.209593e-06
1.470670e+01 -5.661246e+03 7.149783e-02 5.199508e-06
1.612414e+01 -5.138137e+03 6.256542e-02 5.188799e-06
1.771098e+01 -4.603543e+03 5.378406e-02 5.177336e-06
1.951805e+01 -4.057235e+03 4.519859e-02 5.164922e-06
2.162284e+01 -3.499720e+03 3.687503e-02 5.151264e-06
2.415155e+01 -2.933208e+03 2.891448e-02 5.135890e-06
2.732812e+01 -2.363838e+03 2.147817e-02 5.118002e-06
3.159981e+01 -1.806796e+03 1.482975e-02 5.096105e-06
3.800734e+01 -1.298414e+03 9.400979e-03 5.067089e-06
4.761865e+01 -9.375715e+02 5.995117e-03 5.029185e-06
6.203560e+01 -7.481947e+02 4.386548e-03 4.981035e-06
8.366104e+01 -6.664951e+02 3.736180e-03 4.921804e-06
1.099575e+02 -6.269199e+02 3.431284e-03 4.861160e-06
1.387637e+02 -5.977908e+02 3.211438e-03 4.809687e-06
1.705092e+02 -5.706908e+02 3.010610e-03 4.767680e-06
2.057134e+02 -5.440836e+02 2.817031e-03 4.732401e-06
2.450201e+02 -5.177291e+02 2.628894e-03 4.702610e-06
2.892369e+02 -4.916120e+02 2.446058e-03 4.677772e-06
3.393880e+02 -4.657496e+02 2.268634e-03 4.657178e-06
3.967862e+02 -4.401620e+02 2.096768e-03 4.640059e-06
4.631327e+02 -4.148706e+02 1.930604e-03 4.625936e-06
5.406574e+02 -3.898968e+02 1.770281e-03 4.614494e-06
6.323183e+02 -3.652613e+02 1.615926e-03 4.605398e-06
7.420874e+02 -3.409839e+02 1.467657e-03 4.598371e-06
8.718945e+02 -3.176016e+02 1.328614e-03 4.592923e-06
1.016967e+03 -2.962986e+02 1.205285e-03 4.588316e-06
1.181101e+03 -2.766551e+02 1.094536e-03 4.585211e-06
1.368945e+03 -2.583608e+02 9.940725e-04 4.583216e-06
1.586317e+03 -2.411803e+02 9.021816e-04 4.582053e-06
1.840620e+03 -2.249329e+02 8.175680e-04 4.581513e-06
2.141412e+03 -2.094789e+02 7.392428e-04 4.581441e-06
2.483629e+03 -1.953075e+02 6.693472e-04 4.580986e-06
2.875229e+03 -1.822197e+02 6.065169e-04 4.580791e-06
3.328059e+03 -1.700129e+02 5.494729e-04 4.580838e-06
3.600000e+03 -1.635443e+02 5.198402e-04 4.574233e-06
3.600000e+03 -1.635481e+02 5.198403e-04 4.567698e-06
3.600000e+03 -1.634448e+02 5.198401e-04 4.567698e-06
3.600000e+03 -1.635310e+02 5.198403e-04 4.567698e-06
3.600001e+03 -1.635815e+02 5.198401e-04 4.567698e-06
3.600001e+03 -1.635531e+02 5.198402e-04 4.567698e-06
3.600002e+03 -1.635429e+02 5.198400e-04 4.567698e-06
3.600003e+03 -1.635583e+02 5.198401e-04 4.567698e-06
3.600005e+03 -1.635536e+02 5.198398e-04 4.567698e-06
3.600007e+03 -1.635550e+02 5.198398e-04 4.567698e-06
3.600011e+03 -1.635500e+02 5.198394e-04 4.567698e-06
3.600017e+03 -1.635557e+02 5.198392e-04 4.567698e-06
3.600026e+03 -1.635502e+02 5.198385e-04 4.567698e-06
3.600039e+03 -1.635489e+02 5.198378e-04 4.567698e-06
3.600058e+03 -1.635463e+02 5.198364e-04 4.567698e-06
3.600087e+03 -1.635425e+02 5.198346e-04 4.567699e-06
3.600131e+03 -1.635376e+02 5.198316e-04 4.567699e-06
3.600197e+03 -1.635294e+02 5.198274e-04 4.567699e-06
3.600295e+03 -1.635494e+02 5.198209e-04 4.567699e-06
3.600443e+03 -1.635460e+02 5.198048e-04 4.567701e-06
3.600665e+03 -1.635405e+02 5.197806e-04 4.567703e-06
3.600997e+03 -1.635325e+02 5.197445e-04 4.567705e-06
3.601496e+03 -1.635207e+02 5.196903e-04 4.567709e-06
3.602244e+03 -1.635028e+02 5.196091e-04 4.567714e-06
3.603367e+03 -1.634760e+02 5.194876e-04 4.567722e-06
3.605050e+03 -1.634358e+02 5.193057e-04 4.567733e-06
3.607575e+03 -1.633758e+02 5.190334e-04 4.567751e-06
3.611363e+03 -1.632860e+02 5.186260e-04 4.567777e-06
3.617044e+03 -1.631516e+02 5.180170e-04 4.567817e-06
3.625567e+03 -1.629510e+02 5.171077e-04 4.567878e-06
3.638350e+03 -1.626518e+02 5.157529e-04 4.567969e-06
3.657525e+03 -1.622072e+02 5.137409e-04 4.568108e-06
3.686288e+03 -1.615491e+02 5.107672e-04 4.568320e-06
3.729432e+03 -1.605815e+02 5.064026e-04 4.568646e-06
3.794148e+03 -1.591714e+02 5.000608e-04 4.569150e-06
3.891222e+03 -1.571430e+02 4.909756e-04 4.569930e-06
4.036833e+03 -1.542761e+02 4.782131e-04 4.571137e-06
4.255249e+03 -1.503186e+02 4.607492e-04 4.572468e-06
4.582874e+03 -1.450202e+02 4.376464e-04 4.574419e-06
5.074311e+03 -1.381882e+02 4.083389e-04 4.577144e-06
5.811466e+03 -1.297594e+02 3.729551e-04 4.580709e-06
6.743344e+03 -1.211532e+02 3.377368e-04 4.582111e-06
7.811993e+03 -1.131788e+02 3.059681e-04 4.581881e-06
9.049268e+03 -1.057273e+02 2.770748e-04 4.581850e-06
1.048088e+04 -9.877593e+01 2.508413e-04 4.581825e-06
1.213103e+04 -9.231668e+01 2.271173e-04 4.581752e-06
1.404715e+04 -8.627816e+01 2.055334e-04 4.581807e-06
1.625377e+04 -8.067780e+01 1.860526e-04 4.581732e-06
1.881309e+04 -7.545117e+01 1.683601e-04 4.581777e-06
2.176561e+04 -7.059865e+01 1.523752e-04 4.581736e-06
2.518175e+04 -6.608152e+01 1.378948e-04 4.581745e-06
2.913765e+04 -6.187475e+01 1.247719e-04 4.581759e-06
3.370586e+04 -5.796729e+01 1.129105e-04 4.581707e-06
3.898903e+04 -5.433279e+01 1.021744e-04 4.581624e-06
4.510230e+04 -5.095096e+01 9.245320e-05 4.581405e-06
5.217608e+04 -4.780470e+01 8.365253e-05 4.580864e-06
6.035926e+04 -4.487856e+01 7.568783e-05 4.579664e-06
6.982316e+04 -4.215797e+01 6.848181e-05 4.577250e-06
8.076630e+04 -3.962890e+01 6.196314e-05 4.572787e-06
8.640000e+04 -3.846359e+01 5.901683e-05 4.562101e-06
8.640000e+04 -3.845631e+01 5.901684e-05 4.556345e-06
8.640000e+04 -3.850961e+01 5.901683e-05 4.556356e-06
8.640000e+04 -3.844717e+01 5.901684e-05 4.556345e-06
8.640000e+04 -3.840769e+01 5.901683e-05 4.556356e-06
8.640000e+04 -3.846460e+01 5.901684e-05 4.556345e-06
8.640000e+04 -3.847901e+01 5.901683e-05 4.556356e-06
8.640000e+04 -3.846953e+01 5.901684e-05 4.556345e-06
8.640000e+04 -3.845322e+01 5.901683e-05 4.556356e-06
8.640001e+04 -3.847184e+01 5.901684e-05 4.556345e-06
8.640001e+04 -3.845951e+01 5.901683e-05 4.556356e-06
8.640002e+04 -3.846257e+01 5.901684e-05 4.556345e-06
8.640003e+04 -3.846634e+01 5.901682e-05 4.556356e-06
8.640004e+04 -3.846518e+01 5.901683e-05 4.556345e-06
8.640006e+04 -3.846257e+01 5.901681e-05 4.556356e-06
8.640009e+04 -3.846317e+01 5.901681e-05 4.556345e-06
8.640013e+04 -3.846241e+01 5.901679e-05 4.556356e-06
8.640020e+04 -3.846103e+01 5.901678e-05 4.556345e-06
8.640030e+04 -3.845920e+01 5.901674e-05 4.556356e-06
8.640044e+04 -3.845656e+01 5.901670e-05 4.556345e-06
8.640066e+04 -3.845246e+01 5.901662e-05 4.556355e-06
8.640100e+04 -3.844647e+01 5.901653e-05 4.556345e-06
8.640150e+04 -3.843733e+01 5.901636e-05 4.556355e-06
8.640224e+04 -3.842371e+01 5.901613e-05 4.556345e-06
8.640337e+04 -3.840323e+01 5.901578e-05 4.556355e-06
8.640505e+04 -3.837251e+01 5.901526e-05 4.556345e-06
8.640758e+04 -3.846370e+01 5.901446e-05 4.556355e-06
8.641136e+04 -3.846293e+01 5.901250e-05 4.556355e-06
8.641704e+04 -3.846174e+01 5.900955e-05 4.556354e-06
8.642557e+04 -3.845998e+01 5.900512e-05 4.556353e-06
8.643835e+04 -3.845734e+01 5.899848e-05 4.556352e-06
8.645753e+04 -3.845337e+01 5.898853e-05 4.556350e-06
8.648629e+04 -3.844743e+01 5.897362e-05 4.556348e-06
8.652943e+04 -3.843853e+01 5.895127e-05 4.556346e-06
8.659415e+04 -3.842521e+01 5.891779e-05 4.556347e-06
8.669122e+04 -3.840528e+01 5.886769e-05 4.556355e-06
8.683683e+04 -3.837552e+01 5.879278e-05 4.556378e-06
8.705525e+04 -3.833113e+01 5.868096e-05 4.556428e-06
8.738287e+04 -3.826512e+01 5.851444e-05 4.556532e-06
8.787431e+04 -3.816731e+01 5.826735e-05 4.556734e-06
8.861147e+04 -3.802319e+01 5.790260e-05 4.557115e-06
8.971720e+04 -3.781261e+01 5.736819e-05 4.557825e-06
9.137580e+04 -3.750859e+01 5.659364e-05 4.559140e-06
9.386370e+04 -3.707716e+01 5.548792e-05 4.561553e-06
9.759555e+04 -3.644373e+01 5.394199e-05 4.565940e-06
1.031933e+05 -3.557206e+01 5.183968e-05 4.559844e-06
1.115900e+05 -3.441959e+01 4.908030e-05 4.552920e-06
1.241850e+05 -3.294889e+01 4.561258e-05 4.541271e-06
1.430775e+05 -3.115353e+01 4.147053e-05 4.518617e-06
1.657723e+05 -2.941315e+01 3.755632e-05 4.482236e-06
1.919948e+05 -2.779164e+01 3.400420e-05 4.434179e-06
2.222881e+05 -2.628236e+01 3.078384e-05 4.372875e-06
2.572974e+05 -2.487821e+01 2.786514e-05 4.295600e-06
2.977714e+05 -2.357250e+01 2.522053e-05 4.199813e-06
3.445798e+05 -2.235891e+01 2.282494e-05 4.083834e-06
3.987449e+05 -2.123145e+01 2.065555e-05 3.947082e-06
4.615525e+05 -2.018372e+01 1.869025e-05 3.789848e-06
5.346474e+05 -1.920993e+01 1.690943e-05 3.613044e-06
6.203883e+05 -1.830389e+01 1.529406e-05 3.417496e-06
7.223172e+05 -1.746034e+01 1.382779e-05 3.203416e-06
8.460952e+05 -1.667574e+01 1.249813e-05 2.969737e-06
8.640000e+05 -1.665978e+01 1.231666e-05 2.934236e-06
8.640000e+05 -1.673177e+01 1.231628e-05 2.992203e-06
8.640000e+05 -1.669569e+01 1.231666e-05 2.934224e-06
8.640000e+05 -1.657146e+01 1.231628e-05 2.992203e-06
8.640000e+05 -1.670140e+01 1.231666e-05 2.934224e-06
8.640000e+05 -1.658498e+01 1.231628e-05 2.992203e-06
8.640000e+05 -1.667308e+01 1.231666e-05 2.934224e-06
8.640000e+05 -1.659822e+01 1.231628e-05 2.992203e-06
8.640000e+05 -1.666446e+01 1.231666e-05 2.934224e-06
8.640000e+05 -1.661296e+01 1.231628e-05 2.992203e-06
8.640000e+05 -1.666198e+01 1.231666e-05 2.934224e-06
8.640000e+05 -1.661370e+01 1.231628e-05 2.992203e-06
8.640000e+05 -1.665835e+01 1.231666e-05 2.934224e-06
8.640000e+05 -1.661612e+01 1.231628e-05 2.992203e-06
8.640001e+05 -1.665894e+01 1.231666e-05 2.934224e-06
8.640001e+05 -1.661433e+01 1.231629e-05 2.992202e-06
8.640001e+05 -1.665956e+01 1.231666e-05 2.934224e-06
8.640002e+05 -1.661402e+01 1.231631e-05 2.992200e-06
8.640003e+05 -1.665923e+01 1.231666e-05 2.934224e-06
8.640004e+05 -1.661353e+01 1.231634e-05 2.992196e-06
8.640007e+05 -1.665826e+01 1.231666e-05 2.934224e-06
8.640010e+05 -1.661244e+01 1.231640e-05 2.992188e-06
8.640015e+05 -1.665660e+01 1.231665e-05 2.934223e-06
8.640022e+05 -1.660974e+01 1.231648e-05 2.992168e-06
8.640034e+05 -1.665260e+01 1.231664e-05 2.934221e-06
8.640051e+05 -1.660373e+01 1.231655e-05 2.992124e-06
8.640076e+05 -1.664365e+01 1.231662e-05 2.934216e-06
8.640114e+05 -1.659012e+01 1.231655e-05 2.992025e-06
8.640170e+05 -1.662352e+01 1.231656e-05 2.934206e-06
8.640256e+05 -1.655947e+01 1.231648e-05 2.991807e-06
8.640384e+05 -1.657820e+01 1.231643e-05 2.934184e-06
8.640575e+05 -1.669857e+01 1.231629e-05 2.991334e-06
8.640863e+05 -1.669705e+01 1.231600e-05 2.990668e-06
8.641294e+05 -1.669493e+01 1.231556e-05 2.989739e-06
8.641941e+05 -1.669208e+01 1.231490e-05 2.988490e-06
8.642912e+05 -1.668835e+01 1.231392e-05 2.986873e-06
8.644368e+05 -1.668367e+01 1.231245e-05 2.984861e-06
8.646552e+05 -1.667797e+01 1.231025e-05 2.982447e-06
8.649829e+05 -1.667115e+01 1.230694e-05 2.979617e-06
8.654743e+05 -1.666300e+01 1.230199e-05 2.976316e-06
8.662115e+05 -1.665312e+01 1.229457e-05 2.972425e-06
8.673172e+05 -1.664093e+01 1.228348e-05 2.967757e-06
8.689758e+05 -1.662565e+01 1.226692e-05 2.962052e-06
8.714637e+05 -1.660628e+01 1.224223e-05 2.954959e-06
8.751955e+05 -1.658169e+01 1.220554e-05 2.945992e-06
8.807933e+05 -1.655082e+01 1.215130e-05 2.934489e-06
8.891900e+05 -1.651341e+01 1.207162e-05 2.919568e-06
9.017850e+05 -1.647170e+01 1.195577e-05 2.900114e-06
9.206775e+05 -1.643400e+01 1.178975e-05 2.874852e-06
9.490162e+05 -1.624441e+01 1.155679e-05 2.842633e-06
9.915243e+05 -1.601975e+01 1.123953e-05 2.758204e-06
1.055286e+06 -1.574619e+01 1.082508e-05 2.650269e-06
1.150930e+06 -1.541546e+01 1.031410e-05 2.507152e-06
1.294395e+06 -1.503871e+01 9.732050e-06 2.319728e-06
1.509592e+06 -1.464963e+01 9.135971e-06 2.082572e-06
1.832388e+06 -1.430119e+01 8.604858e-06 1.797084e-06
2.316581e+06 -1.404643e+01 8.208128e-06 1.474238e-06
2.592000e+06 -1.397313e+01 8.064384e-06 1.317206e-06
2.592000e+06 -1.398002e+01 8.064386e-06 1.316105e-06
2.592000e+06 -1.398498e+01 8.064384e-06 1.317192e-06
2.592000e+06 -1.396712e+01 8.064386e-06 1.316105e-06
2.592000e+06 -1.398037e+01 8.064384e-06 1.317192e-06
2.592000e+06 -1.396439e+01 8.064386e-06 1.316105e-06
2.592000e+06 -1.398684e+01 8.064384e-06 1.317192e-06
2.592000e+06 -1.397166e+01 8.064386e-06 1.316105e-06
2.592000e+06 -1.397844e+01 8.064384e-06 1.317192e-06
2.592000e+06 -1.397579e+01 8.064386e-06 1.316105e-06
2.592000e+06 -1.397874e+01 8.064384e-06 1.317192e-06
2.592000e+06 -1.397947e+01 8.064386e-06 1.316105e-06
2.592000e+06 -1.397157e+01 8.064384e-06 1.317192e-06
2.592000e+06 -1.397851e+01 8.064386e-06 1.316105e-06
2.592000e+06 -1.397430e+01 8.064384e-06 1.317192e-06
2.592000e+06 -1.397899e+01 8.064386e-06 1.316105e-06
2.592000e+06 -1.397275e+01 8.064384e-06 1.317192e-06
2.592000e+06 -1.397946e+01 8.064386e-06 1.316105e-06
2.592000e+06 -1.397287e+01 8.064384e-06 1.317192e-06
2.592000e+06 -1.397912e+01 8.064386e-06 1.316105e-06
2.592001e+06 -1.397302e+01 8.064384e-06 1.317192e-06
2.592001e+06 -1.397905e+01 8.064386e-06 1.316105e-06
2.592001e+06 -1.397293e+01 8.064384e-06 1.317191e-06
2.592002e+06 -1.397887e+01 8.064386e-06 1.316105e-06
2.592003e+06 -1.397269e+01 8.064383e-06 1.317191e-06
2.592005e+06 -1.397850e+01 8.064385e-06 1.316104e-06
2.592008e+06 -1.397215e+01 8.064382e-06 1.317189e-06
2.592011e+06 -1.397768e+01 8.064383e-06 1.316103e-06
2.592017e+06 -1.397094e+01 8.064379e-06 1.317186e-06
2.592026e+06 -1.397585e+01 8.064378e-06 1.316099e-06
2.592038e+06 -1.396819e+01 8.064372e-06 1.317179e-06
2.592058e+06 -1.397173e+01 8.064368e-06 1.316091e-06
2.592086e+06 -1.396200e+01 8.064357e-06 1.317164e-06
2.592129e+06 -1.396247e+01 8.064346e-06 1.316073e-06
2.592194e+06 -1.394810e+01 8.064324e-06 1.317129e-06
2.592291e+06 -1.394164e+01 8.064295e-06 1.316030e-06
2.592437e+06 -1.391683e+01 8.064248e-06 1.317050e-06
2.592655e+06 -1.389479e+01 8.064182e-06 1.315929e-06
2.592983e+06 -1.384655e+01 8.064078e-06 1.316875e-06
2.593474e+06 -1.397483e+01 8.063926e-06 1.315684e-06
2.594211e+06 -1.397468e+01 8.063544e-06 1.315311e-06
2.595317e+06 -1.397445e+01 8.062971e-06 1.314746e-06
2.596976e+06 -1.397410e+01 8.062115e-06 1.313889e-06
2.599464e+06 -1.397357e+01 8.060838e-06 1.312598e-06
2.603196e+06 -1.397281e+01 8.058936e-06 1.310663e-06
2.608793e+06 -1.397178e+01 8.056115e-06 1.307772e-06
2.617190e+06 -1.397048e+01 8.051955e-06 1.303472e-06
2.629785e+06 -1.396907e+01 8.045871e-06 1.297108e-06
2.648677e+06 -1.396808e+01 8.037081e-06 1.287746e-06
2.677016e+06 -1.396878e+01 8.024613e-06 1.274079e-06
2.719524e+06 -1.397377e+01 8.007395e-06 1.254322e-06
2.783286e+06 -1.398750e+01 7.984523e-06 1.226109e-06
2.878930e+06 -1.401571e+01 7.955780e-06 1.186413e-06
3.022395e+06 -1.406187e+01 7.922363e-06 1.131489e-06
3.237592e+06 -1.394830e+01 7.887436e-06 1.056989e-06
3.560388e+06 -1.391409e+01 7.855809e-06 9.366510e-07
4.044581e+06 -1.389456e+01 7.831836e-06 7.931713e-07
4.770872e+06 -1.388798e+01 7.817254e-06 6.292812e-07
5.770872e+06 -1.389194e+01 7.810600e-06 4.661595e-07
6.770872e+06 -1.389920e+01 7.808394e-06 3.457385e-07
7.770872e+06 -1.390633e+01 7.807662e-06 2.551818e-07
8.770872e+06 -1.391250e+01 7.807420e-06 1.862178e-07
9.770872e+06 -1.391849e+01 7.807339e-06 1.332647e-07
1.077087e+07 -1.392210e+01 7.807312e-06 9.255308e-08
1.177087e+07 -1.392507e+01 7.807304e-06 6.088832e-08
1.277087e+07 -1.392748e+01 7.807301e-06 3.626138e-08
1.377087e+07 -1.392940e+01 7.807300e-06 1.709389e-08
1.477087e+07 -1.393092e+01 7.807299e-06 2.162150e-09
1.577087e+07 -1.393212e+01 7.807299e-06 -9.479369e-09
1.677087e+07 -1.393306e+01 7.807299e-06 -1.856174e-08
1.777087e+07 -1.393380e+01 7.807299e-06 -2.565127e-08
1.877087e+07 -1.393438e+01 7.807299e-06 -3.118749e-08
1.977087e+07 -1.393483e+01 7.807299e-06 -3.551207e-08
2.077087e+07 -1.393518e+01 7.807299e-06 -3.889102e-08
2.177087e+07 -1.393546e+01 7.807299e-06 -4.153159e-08
2.277087e+07 -1.393567e+01 7.807299e-06 -4.359543e-08
2.377087e+07 -1.393584e+01 7.807299e-06 -4.520869e-08
2.477087e+07 -1.393597e+01 7.807299e-06 -4.646984e-08
2.577087e+07 -1.393608e+01 7.807299e-06 -4.745580e-08
2.677087e+07 -1.393616e+01 7.807299e-06 -4.822665e-08
2.777087e+07 -1.393622e+01 7.807299e-06 -4.882936e-08
2.877087e+07 -1.393627e+01 7.807299e-06 -4.930061e-08
2.977087e+07 -1.393631e+01 7.807299e-06 -4.966908e-08
3.077087e+07 -1.393634e+01 7.807299e-06 -4.995720e-08
3.153600e+07 -1.393636e+01 7.807299e-06 -5.013888e-08
