# Models: X-axis(1) Expressions(2)
# Labels: suction(1) kappa(2)
1.000000e+03 1.081097e-02
2.606015e+04 6.600504e-03
5.112030e+04 3.156024e-03
7.618045e+04 2.412662e-04
1.012406e+05 -2.285191e-03
1.263008e+05 -4.514753e-03
1.513609e+05 -6.509907e-03
1.764211e+05 -8.315299e-03
2.014812e+05 -9.963901e-03
2.265414e+05 -1.148079e-02
2.516015e+05 -1.288546e-02
2.766617e+05 -1.419339e-02
3.017218e+05 -1.541703e-02
3.267820e+05 -1.656661e-02
3.518421e+05 -1.765056e-02
3.769023e+05 -1.867600e-02
4.019624e+05 -1.964891e-02
4.270226e+05 -2.057441e-02
4.520827e+05 -2.145690e-02
4.771429e+05 -2.230022e-02
5.022030e+05 -2.310768e-02
5.272632e+05 -2.388222e-02
5.523233e+05 -2.462641e-02
5.773835e+05 -2.534254e-02
6.024436e+05 -2.603266e-02
6.275038e+05 -2.669858e-02
6.525639e+05 -2.734194e-02
6.776241e+05 -2.796423e-02
7.026842e+05 -2.856678e-02
7.277444e+05 -2.915081e-02
7.528045e+05 -2.971741e-02
7.778647e+05 -3.026761e-02
8.029248e+05 -3.080231e-02
8.279850e+05 -3.132238e-02
8.530451e+05 -3.182859e-02
8.781053e+05 -3.232165e-02
9.031654e+05 -3.280225e-02
9.282256e+05 -3.327098e-02
9.532857e+05 -3.372843e-02
9.783459e+05 -3.417512e-02
1.003406e+06 -3.461155e-02
1.028466e+06 -3.503817e-02
1.053526e+06 -3.545542e-02
1.078586e+06 -3.586371e-02
1.103647e+06 -3.626342e-02
1.128707e+06 -3.665488e-02
1.153767e+06 -3.703843e-02
1.178827e+06 -3.741439e-02
1.203887e+06 -3.778306e-02
1.228947e+06 -3.814471e-02
1.254008e+06 -3.849961e-02
1.279068e+06 -3.884800e-02
1.304128e+06 -3.919010e-02
1.329188e+06 -3.952616e-02
1.354248e+06 -3.985638e-02
1.379308e+06 -4.018095e-02
1.404368e+06 -4.050007e-02
1.429429e+06 -4.081393e-02
1.454489e+06 -4.112268e-02
1.479549e+06 -4.142649e-02
1.504609e+06 -4.172551e-02
1.529669e+06 -4.201991e-02
1.554729e+06 -4.230981e-02
1.579789e+06 -4.259535e-02
1.604850e+06 -4.287667e-02
1.629910e+06 -4.315388e-02
1.654970e+06 -4.342711e-02
1.680030e+06 -4.369645e-02
1.705090e+06 -4.396204e-02
1.730150e+06 -4.422396e-02
1.755211e+06 -4.448233e-02
1.780271e+06 -4.473722e-02
1.805331e+06 -4.498873e-02
1.830391e+06 -4.523696e-02
1.855451e+06 -4.548199e-02
1.880511e+06 -4.572390e-02
1.905571e+06 -4.596277e-02
1.930632e+06 -4.619868e-02
1.955692e+06 -4.643169e-02
1.980752e+06 -4.666187e-02
2.005812e+06 -4.688930e-02
2.030872e+06 -4.711403e-02
2.055932e+06 -4.733614e-02
2.080992e+06 -4.755569e-02
2.106053e+06 -4.777273e-02
2.131113e+06 -4.798731e-02
2.156173e+06 -4.819950e-02
2.181233e+06 -4.840934e-02
2.206293e+06 -4.861689e-02
2.231353e+06 -4.882220e-02
2.256414e+06 -4.902532e-02
2.281474e+06 -4.922628e-02
2.306534e+06 -4.942514e-02
2.331594e+06 -4.962194e-02
2.356654e+06 -4.981672e-02
2.381714e+06 -5.000952e-02
2.406774e+06 -5.020039e-02
2.431835e+06 -5.038936e-02
2.456895e+06 -5.057647e-02
2.481955e+06 -5.076175e-02
2.507015e+06 -5.094525e-02
2.532075e+06 -5.112698e-02
2.557135e+06 -5.130700e-02
2.582195e+06 -5.148532e-02
2.607256e+06 -5.166200e-02
2.632316e+06 -5.183704e-02
2.657376e+06 -5.201048e-02
2.682436e+06 -5.218235e-02
2.707496e+06 -5.235268e-02
2.732556e+06 -5.252150e-02
2.757617e+06 -5.268883e-02
2.782677e+06 -5.285470e-02
2.807737e+06 -5.301913e-02
2.832797e+06 -5.318216e-02
2.857857e+06 -5.334379e-02
2.882917e+06 -5.350406e-02
2.907977e+06 -5.366299e-02
2.933038e+06 -5.382061e-02
2.958098e+06 -5.397693e-02
2.983158e+06 -5.413196e-02
3.008218e+06 -5.428575e-02
3.033278e+06 -5.443830e-02
3.058338e+06 -5.458963e-02
3.083398e+06 -5.473977e-02
3.108459e+06 -5.488874e-02
3.133519e+06 -5.503654e-02
3.158579e+06 -5.518320e-02
3.183639e+06 -5.532874e-02
3.208699e+06 -5.547317e-02
3.233759e+06 -5.561651e-02
3.258820e+06 -5.575878e-02
3.283880e+06 -5.589999e-02
3.308940e+06 -5.604016e-02
3.334000e+06 -5.617930e-02
3.359060e+06 -5.631743e-02
3.384120e+06 -5.645456e-02
3.409180e+06 -5.659071e-02
3.434241e+06 -5.672589e-02
3.459301e+06 -5.686012e-02
3.484361e+06 -5.699340e-02
3.509421e+06 -5.712576e-02
3.534481e+06 -5.725720e-02
3.559541e+06 -5.738773e-02
3.584602e+06 -5.751738e-02
3.609662e+06 -5.764615e-02
3.634722e+06 -5.777405e-02
3.659782e+06 -5.790109e-02
3.684842e+06 -5.802729e-02
3.709902e+06 -5.815266e-02
3.734962e+06 -5.827721e-02
3.760023e+06 -5.840095e-02
3.785083e+06 -5.852388e-02
3.810143e+06 -5.864602e-02
3.835203e+06 -5.876739e-02
3.860263e+06 -5.888798e-02
3.885323e+06 -5.900781e-02
3.910383e+06 -5.912689e-02
3.935444e+06 -5.924523e-02
3.960504e+06 -5.936284e-02
3.985564e+06 -5.947972e-02
4.010624e+06 -5.959589e-02
4.035684e+06 -5.971135e-02
4.060744e+06 -5.982612e-02
4.085805e+06 -5.994020e-02
4.110865e+06 -6.005359e-02
4.135925e+06 -6.016631e-02
4.160985e+06 -6.027837e-02
4.186045e+06 -6.038977e-02
4.211105e+06 -6.050052e-02
4.236165e+06 -6.061062e-02
4.261226e+06 -6.072010e-02
4.286286e+06 -6.082895e-02
4.311346e+06 -6.093717e-02
4.336406e+06 -6.104479e-02
4.361466e+06 -6.115179e-02
4.386526e+06 -6.125820e-02
4.411586e+06 -6.136402e-02
4.436647e+06 -6.146925e-02
4.461707e+06 -6.157390e-02
4.486767e+06 -6.167797e-02
4.511827e+06 -6.178148e-02
4.536887e+06 -6.188443e-02
4.561947e+06 -6.198682e-02
4.587008e+06 -6.208867e-02
4.612068e+06 -6.218997e-02
4.637128e+06 -6.229073e-02
4.662188e+06 -6.239096e-02
4.687248e+06 -6.249067e-02
4.712308e+06 -6.258985e-02
4.737368e+06 -6.268852e-02
4.762429e+06 -6.278669e-02
4.787489e+06 -6.288434e-02
4.812549e+06 -6.298150e-02
4.837609e+06 -6.307816e-02
4.862669e+06 -6.317433e-02
4.887729e+06 -6.327002e-02
4.912789e+06 -6.336523e-02
4.937850e+06 -6.345997e-02
4.962910e+06 -6.355423e-02
4.987970e+06 -6.364803e-02
5.013030e+06 -6.374137e-02
5.038090e+06 -6.383425e-02
5.063150e+06 -6.392667e-02
5.088211e+06 -6.401866e-02
5.113271e+06 -6.411020e-02
5.138331e+06 -6.420130e-02
5.163391e+06 -6.429196e-02
5.188451e+06 -6.438219e-02
5.213511e+06 -6.447200e-02
5.238571e+06 -6.456139e-02
5.263632e+06 -6.465036e-02
5.288692e+06 -6.473891e-02
5.313752e+06 -6.482705e-02
5.338812e+06 -6.491478e-02
5.363872e+06 -6.500211e-02
5.388932e+06 -6.508904e-02
5.413992e+06 -6.517558e-02
5.439053e+06 -6.526172e-02
5.464113e+06 -6.534747e-02
5.489173e+06 -6.543284e-02
5.514233e+06 -6.551783e-02
5.539293e+06 -6.560244e-02
5.564353e+06 -6.568667e-02
5.589414e+06 -6.577053e-02
5.614474e+06 -6.585402e-02
5.639534e+06 -6.593715e-02
5.664594e+06 -6.601991e-02
5.689654e+06 -6.610232e-02
5.714714e+06 -6.618437e-02
5.739774e+06 -6.626606e-02
5.764835e+06 -6.634741e-02
5.789895e+06 -6.642841e-02
5.814955e+06 -6.650907e-02
5.840015e+06 -6.658939e-02
5.865075e+06 -6.666936e-02
5.890135e+06 -6.674900e-02
5.915195e+06 -6.682831e-02
5.940256e+06 -6.690730e-02
5.965316e+06 -6.698595e-02
5.990376e+06 -6.706428e-02
6.015436e+06 -6.714228e-02
6.040496e+06 -6.721997e-02
6.065556e+06 -6.729734e-02
6.090617e+06 -6.737440e-02
6.115677e+06 -6.745115e-02
6.140737e+06 -6.752758e-02
6.165797e+06 -6.760371e-02
6.190857e+06 -6.767954e-02
6.215917e+06 -6.775507e-02
6.240977e+06 -6.783029e-02
6.266038e+06 -6.790522e-02
6.291098e+06 -6.797986e-02
6.316158e+06 -6.805420e-02
6.341218e+06 -6.812826e-02
6.366278e+06 -6.820202e-02
6.391338e+06 -6.827550e-02
6.416398e+06 -6.834870e-02
6.441459e+06 -6.842162e-02
6.466519e+06 -6.849426e-02
6.491579e+06 -6.856662e-02
6.516639e+06 -6.863870e-02
6.541699e+06 -6.871052e-02
6.566759e+06 -6.878206e-02
6.591820e+06 -6.885334e-02
6.616880e+06 -6.892435e-02
6.641940e+06 -6.899509e-02
6.667000e+06 -6.906557e-02
6.692060e+06 -6.913579e-02
6.717120e+06 -6.920576e-02
6.742180e+06 -6.927546e-02
6.767241e+06 -6.934491e-02
6.792301e+06 -6.941411e-02
6.817361e+06 -6.948306e-02
6.842421e+06 -6.955176e-02
6.867481e+06 -6.962021e-02
6.892541e+06 -6.968841e-02
6.917602e+06 -6.975637e-02
6.942662e+06 -6.982409e-02
6.967722e+06 -6.989157e-02
6.992782e+06 -6.995881e-02
7.017842e+06 -7.002581e-02
7.042902e+06 -7.009257e-02
7.067962e+06 -7.015911e-02
7.093023e+06 -7.022541e-02
7.118083e+06 -7.029148e-02
7.143143e+06 -7.035732e-02
7.168203e+06 -7.042293e-02
7.193263e+06 -7.048832e-02
7.218323e+06 -7.055348e-02
7.243383e+06 -7.061842e-02
7.268444e+06 -7.068314e-02
7.293504e+06 -7.074764e-02
7.318564e+06 -7.081192e-02
7.343624e+06 -7.087599e-02
7.368684e+06 -7.093983e-02
7.393744e+06 -7.100347e-02
7.418805e+06 -7.106689e-02
7.443865e+06 -7.113011e-02
7.468925e+06 -7.119311e-02
7.493985e+06 -7.125590e-02
7.519045e+06 -7.131849e-02
7.544105e+06 -7.138087e-02
7.569165e+06 -7.144304e-02
7.594226e+06 -7.150502e-02
7.619286e+06 -7.156679e-02
7.644346e+06 -7.162837e-02
7.669406e+06 -7.168974e-02
7.694466e+06 -7.175091e-02
7.719526e+06 -7.181189e-02
7.744586e+06 -7.187268e-02
7.769647e+06 -7.193327e-02
7.794707e+06 -7.199367e-02
7.819767e+06 -7.205387e-02
7.844827e+06 -7.211389e-02
7.869887e+06 -7.217372e-02
7.894947e+06 -7.223336e-02
7.920008e+06 -7.229281e-02
7.945068e+06 -7.235208e-02
7.970128e+06 -7.241116e-02
7.995188e+06 -7.247006e-02
8.020248e+06 -7.252878e-02
8.045308e+06 -7.258732e-02
8.070368e+06 -7.264567e-02
8.095429e+06 -7.270385e-02
8.120489e+06 -7.276185e-02
8.145549e+06 -7.281968e-02
8.170609e+06 -7.287733e-02
8.195669e+06 -7.293480e-02
8.220729e+06 -7.299210e-02
8.245789e+06 -7.304923e-02
8.270850e+06 -7.310619e-02
8.295910e+06 -7.316297e-02
8.320970e+06 -7.321959e-02
8.346030e+06 -7.327604e-02
8.371090e+06 -7.333232e-02
8.396150e+06 -7.338844e-02
8.421211e+06 -7.344439e-02
8.446271e+06 -7.350018e-02
8.471331e+06 -7.355580e-02
8.496391e+06 -7.361126e-02
8.521451e+06 -7.366656e-02
8.546511e+06 -7.372170e-02
8.571571e+06 -7.377668e-02
8.596632e+06 -7.383150e-02
8.621692e+06 -7.388616e-02
8.646752e+06 -7.394067e-02
8.671812e+06 -7.399502e-02
8.696872e+06 -7.404921e-02
8.721932e+06 -7.410325e-02
8.746992e+06 -7.415714e-02
8.772053e+06 -7.421088e-02
8.797113e+06 -7.426446e-02
8.822173e+06 -7.431789e-02
8.847233e+06 -7.437118e-02
8.872293e+06 -7.442431e-02
8.897353e+06 -7.447730e-02
8.922414e+06 -7.453014e-02
8.947474e+06 -7.458283e-02
8.972534e+06 -7.463537e-02
8.997594e+06 -7.468777e-02
9.022654e+06 -7.474003e-02
9.047714e+06 -7.479214e-02
9.072774e+06 -7.484412e-02
9.097835e+06 -7.489595e-02
9.122895e+06 -7.494763e-02
9.147955e+06 -7.499918e-02
9.173015e+06 -7.505059e-02
9.198075e+06 -7.510186e-02
9.223135e+06 -7.515299e-02
9.248195e+06 -7.520399e-02
9.273256e+06 -7.525485e-02
9.298316e+06 -7.530557e-02
9.323376e+06 -7.535615e-02
9.348436e+06 -7.540661e-02
9.373496e+06 -7.545693e-02
9.398556e+06 -7.550711e-02
9.423617e+06 -7.555717e-02
9.448677e+06 -7.560709e-02
9.473737e+06 -7.565688e-02
9.498797e+06 -7.570654e-02
9.523857e+06 -7.575607e-02
9.548917e+06 -7.580548e-02
9.573977e+06 -7.585475e-02
9.599038e+06 -7.590390e-02
9.624098e+06 -7.595292e-02
9.649158e+06 -7.600181e-02
9.674218e+06 -7.605058e-02
9.699278e+06 -7.609923e-02
9.724338e+06 -7.614775e-02
9.749398e+06 -7.619614e-02
9.774459e+06 -7.624442e-02
9.799519e+06 -7.629257e-02
9.824579e+06 -7.634060e-02
9.849639e+06 -7.638851e-02
9.874699e+06 -7.643629e-02
9.899759e+06 -7.648396e-02
9.924820e+06 -7.653151e-02
9.949880e+06 -7.657894e-02
9.974940e+06 -7.662625e-02
1.000000e+07 -7.667344e-02
