# Models: X-axis(1) Expressions(2)
# Labels: pnet(1) kappa_s(2)
1.000000e+03 1.250177e-02
2.606015e+04 7.444951e-02
5.112030e+04 8.725122e-02
7.618045e+04 9.483076e-02
1.012406e+05 1.002343e-01
1.263008e+05 1.044364e-01
1.513609e+05 1.078754e-01
1.764211e+05 1.107864e-01
2.014812e+05 1.133100e-01
2.265414e+05 1.155374e-01
2.516015e+05 1.175308e-01
2.766617e+05 1.193349e-01
3.017218e+05 1.209824e-01
3.267820e+05 1.224983e-01
3.518421e+05 1.239022e-01
3.769023e+05 1.252095e-01
4.019624e+05 1.264326e-01
4.270226e+05 1.275817e-01
4.520827e+05 1.286652e-01
4.771429e+05 1.296903e-01
5.022030e+05 1.306629e-01
5.272632e+05 1.315881e-01
5.523233e+05 1.324703e-01
5.773835e+05 1.333134e-01
6.024436e+05 1.341207e-01
6.275038e+05 1.348950e-01
6.525639e+05 1.356390e-01
6.776241e+05 1.363550e-01
7.026842e+05 1.370450e-01
7.277444e+05 1.377108e-01
7.528045e+05 1.383541e-01
7.778647e+05 1.389763e-01
8.029248e+05 1.395787e-01
8.279850e+05 1.401627e-01
8.530451e+05 1.407292e-01
8.781053e+05 1.412793e-01
9.031654e+05 1.418140e-01
9.282256e+05 1.423340e-01
9.532857e+05 1.428401e-01
9.783459e+05 1.433332e-01
1.003406e+06 1.438137e-01
1.028466e+06 1.442824e-01
1.053526e+06 1.447398e-01
1.078586e+06 1.451865e-01
1.103647e+06 1.456229e-01
1.128707e+06 1.460495e-01
1.153767e+06 1.464667e-01
1.178827e+06 1.468750e-01
1.203887e+06 1.472747e-01
1.228947e+06 1.476661e-01
1.254008e+06 1.480497e-01
1.279068e+06 1.484256e-01
1.304128e+06 1.487943e-01
1.329188e+06 1.491559e-01
1.354248e+06 1.495108e-01
1.379308e+06 1.498592e-01
1.404368e+06 1.502013e-01
1.429429e+06 1.505373e-01
1.454489e+06 1.508676e-01
1.479549e+06 1.511921e-01
1.504609e+06 1.515112e-01
1.529669e+06 1.518251e-01
1.554729e+06 1.521338e-01
1.579789e+06 1.524377e-01
1.604850e+06 1.527367e-01
1.629910e+06 1.530311e-01
1.654970e+06 1.533210e-01
1.680030e+06 1.536065e-01
1.705090e+06 1.538879e-01
1.730150e+06 1.541651e-01
1.755211e+06 1.544383e-01
1.780271e+06 1.547077e-01
1.805331e+06 1.549733e-01
1.830391e+06 1.552352e-01
1.855451e+06 1.554935e-01
1.880511e+06 1.557484e-01
1.905571e+06 1.560000e-01
1.930632e+06 1.562482e-01
1.955692e+06 1.564933e-01
1.980752e+06 1.567352e-01
2.005812e+06 1.569740e-01
2.030872e+06 1.572100e-01
2.055932e+06 1.574430e-01
2.080992e+06 1.576732e-01
2.106053e+06 1.579006e-01
2.131113e+06 1.581254e-01
2.156173e+06 1.583475e-01
2.181233e+06 1.585670e-01
2.206293e+06 1.587841e-01
2.231353e+06 1.589987e-01
2.256414e+06 1.592109e-01
2.281474e+06 1.594207e-01
2.306534e+06 1.596283e-01
2.331594e+06 1.598336e-01
2.356654e+06 1.600367e-01
2.381714e+06 1.602377e-01
2.406774e+06 1.604366e-01
2.431835e+06 1.606334e-01
2.456895e+06 1.608282e-01
2.481955e+06 1.610210e-01
2.507015e+06 1.612119e-01
2.532075e+06 1.614009e-01
2.557135e+06 1.615880e-01
2.582195e+06 1.617733e-01
2.607256e+06 1.619568e-01
2.632316e+06 1.621385e-01
2.657376e+06 1.623186e-01
2.682436e+06 1.624969e-01
2.707496e+06 1.626736e-01
2.732556e+06 1.628486e-01
2.757617e+06 1.630221e-01
2.782677e+06 1.631940e-01
2.807737e+06 1.633643e-01
2.832797e+06 1.635331e-01
2.857857e+06 1.637005e-01
2.882917e+06 1.638664e-01
2.907977e+06 1.640308e-01
2.933038e+06 1.641939e-01
2.958098e+06 1.643555e-01
2.983158e+06 1.645158e-01
3.008218e+06 1.646747e-01
3.033278e+06 1.648324e-01
3.058338e+06 1.649887e-01
3.083398e+06 1.651437e-01
3.108459e+06 1.652975e-01
3.133519e+06 1.654501e-01
3.158579e+06 1.656014e-01
3.183639e+06 1.657516e-01
3.208699e+06 1.659006e-01
3.233759e+06 1.660484e-01
3.258820e+06 1.661951e-01
3.283880e+06 1.663406e-01
3.308940e+06 1.664850e-01
3.334000e+06 1.666284e-01
3.359060e+06 1.667707e-01
3.384120e+06 1.669119e-01
3.409180e+06 1.670521e-01
3.434241e+06 1.671912e-01
3.459301e+06 1.673294e-01
3.484361e+06 1.674665e-01
3.509421e+06 1.676027e-01
3.534481e+06 1.677379e-01
3.559541e+06 1.678721e-01
3.584602e+06 1.680054e-01
3.609662e+06 1.681378e-01
3.634722e+06 1.682692e-01
3.659782e+06 1.683998e-01
3.684842e+06 1.685294e-01
3.709902e+06 1.686582e-01
3.734962e+06 1.687861e-01
3.760023e+06 1.689132e-01
3.785083e+06 1.690394e-01
3.810143e+06 1.691648e-01
3.835203e+06 1.692893e-01
3.860263e+06 1.694131e-01
3.885323e+06 1.695360e-01
3.910383e+06 1.696582e-01
3.935444e+06 1.697796e-01
3.960504e+06 1.699002e-01
3.985564e+06 1.700200e-01
4.010624e+06 1.701391e-01
4.035684e+06 1.702575e-01
4.060744e+06 1.703751e-01
4.085805e+06 1.704920e-01
4.110865e+06 1.706082e-01
4.135925e+06 1.707236e-01
4.160985e+06 1.708384e-01
4.186045e+06 1.709525e-01
4.211105e+06 1.710659e-01
4.236165e+06 1.711786e-01
4.261226e+06 1.712907e-01
4.286286e+06 1.714021e-01
4.311346e+06 1.715129e-01
4.336406e+06 1.716230e-01
4.361466e+06 1.717325e-01
4.386526e+06 1.718413e-01
4.411586e+06 1.719496e-01
4.436647e+06 1.720572e-01
4.461707e+06 1.721642e-01
4.486767e+06 1.722706e-01
4.511827e+06 1.723765e-01
4.536887e+06 1.724817e-01
4.561947e+06 1.725864e-01
4.587008e+06 1.726904e-01
4.612068e+06 1.727940e-01
4.637128e+06 1.728969e-01
4.662188e+06 1.729993e-01
4.687248e+06 1.731012e-01
4.712308e+06 1.732025e-01
4.737368e+06 1.733033e-01
4.762429e+06 1.734035e-01
4.787489e+06 1.735032e-01
4.812549e+06 1.736024e-01
4.837609e+06 1.737011e-01
4.862669e+06 1.737993e-01
4.887729e+06 1.738969e-01
4.912789e+06 1.739941e-01
4.937850e+06 1.740908e-01
4.962910e+06 1.741870e-01
4.987970e+06 1.742827e-01
5.013030e+06 1.743779e-01
5.038090e+06 1.744726e-01
5.063150e+06 1.745669e-01
5.088211e+06 1.746607e-01
5.113271e+06 1.747541e-01
5.138331e+06 1.748470e-01
5.163391e+06 1.749394e-01
5.188451e+06 1.750314e-01
5.213511e+06 1.751229e-01
5.238571e+06 1.752140e-01
5.263632e+06 1.753047e-01
5.288692e+06 1.753950e-01
5.313752e+06 1.754848e-01
5.338812e+06 1.755742e-01
5.363872e+06 1.756632e-01
5.388932e+06 1.757517e-01
5.413992e+06 1.758399e-01
5.439053e+06 1.759276e-01
5.464113e+06 1.760150e-01
5.489173e+06 1.761019e-01
5.514233e+06 1.761884e-01
5.539293e+06 1.762746e-01
5.564353e+06 1.763604e-01
5.589414e+06 1.764457e-01
5.614474e+06 1.765307e-01
5.639534e+06 1.766153e-01
5.664594e+06 1.766996e-01
5.689654e+06 1.767835e-01
5.714714e+06 1.768670e-01
5.739774e+06 1.769501e-01
5.764835e+06 1.770329e-01
5.789895e+06 1.771153e-01
5.814955e+06 1.771973e-01
5.840015e+06 1.772791e-01
5.865075e+06 1.773604e-01
5.890135e+06 1.774414e-01
5.915195e+06 1.775221e-01
5.940256e+06 1.776024e-01
5.965316e+06 1.776824e-01
5.990376e+06 1.777620e-01
6.015436e+06 1.778414e-01
6.040496e+06 1.779204e-01
6.065556e+06 1.779990e-01
6.090617e+06 1.780774e-01
6.115677e+06 1.781554e-01
6.140737e+06 1.782331e-01
6.165797e+06 1.783104e-01
6.190857e+06 1.783875e-01
6.215917e+06 1.784643e-01
6.240977e+06 1.785407e-01
6.266038e+06 1.786169e-01
6.291098e+06 1.786927e-01
6.316158e+06 1.787682e-01
6.341218e+06 1.788435e-01
6.366278e+06 1.789184e-01
6.391338e+06 1.789930e-01
6.416398e+06 1.790674e-01
6.441459e+06 1.791415e-01
6.466519e+06 1.792152e-01
6.491579e+06 1.792887e-01
6.516639e+06 1.793619e-01
6.541699e+06 1.794349e-01
6.566759e+06 1.795075e-01
6.591820e+06 1.795799e-01
6.616880e+06 1.796520e-01
6.641940e+06 1.797238e-01
6.667000e+06 1.797953e-01
6.692060e+06 1.798666e-01
6.717120e+06 1.799376e-01
6.742180e+06 1.800084e-01
6.767241e+06 1.800789e-01
6.792301e+06 1.801491e-01
6.817361e+06 1.802191e-01
6.842421e+06 1.802888e-01
6.867481e+06 1.803583e-01
6.892541e+06 1.804275e-01
6.917602e+06 1.804964e-01
6.942662e+06 1.805651e-01
6.967722e+06 1.806336e-01
6.992782e+06 1.807018e-01
7.017842e+06 1.807698e-01
7.042902e+06 1.808375e-01
7.067962e+06 1.809050e-01
7.093023e+06 1.809722e-01
7.118083e+06 1.810392e-01
7.143143e+06 1.811060e-01
7.168203e+06 1.811726e-01
7.193263e+06 1.812389e-01
7.218323e+06 1.813049e-01
7.243383e+06 1.813708e-01
7.268444e+06 1.814364e-01
7.293504e+06 1.815018e-01
7.318564e+06 1.815670e-01
7.343624e+06 1.816319e-01
7.368684e+06 1.816967e-01
7.393744e+06 1.817612e-01
7.418805e+06 1.818255e-01
7.443865e+06 1.818895e-01
7.468925e+06 1.819534e-01
7.493985e+06 1.820170e-01
7.519045e+06 1.820805e-01
7.544105e+06 1.821437e-01
7.569165e+06 1.822067e-01
7.594226e+06 1.822695e-01
7.619286e+06 1.823321e-01
7.644346e+06 1.823945e-01
7.669406e+06 1.824567e-01
7.694466e+06 1.825186e-01
7.719526e+06 1.825804e-01
7.744586e+06 1.826420e-01
7.769647e+06 1.827034e-01
7.794707e+06 1.827646e-01
7.819767e+06 1.828256e-01
7.844827e+06 1.828863e-01
7.869887e+06 1.829469e-01
7.894947e+06 1.830074e-01
7.920008e+06 1.830676e-01
7.945068e+06 1.831276e-01
7.970128e+06 1.831874e-01
7.995188e+06 1.832471e-01
8.020248e+06 1.833065e-01
8.045308e+06 1.833658e-01
8.070368e+06 1.834249e-01
8.095429e+06 1.834838e-01
8.120489e+06 1.835425e-01
8.145549e+06 1.836011e-01
8.170609e+06 1.836594e-01
8.195669e+06 1.837176e-01
8.220729e+06 1.837756e-01
8.245789e+06 1.838335e-01
8.270850e+06 1.838911e-01
8.295910e+06 1.839486e-01
8.320970e+06 1.840059e-01
8.346030e+06 1.840631e-01
8.371090e+06 1.841200e-01
8.396150e+06 1.841768e-01
8.421211e+06 1.842334e-01
8.446271e+06 1.842899e-01
8.471331e+06 1.843462e-01
8.496391e+06 1.844023e-01
8.521451e+06 1.844583e-01
8.546511e+06 1.845141e-01
8.571571e+06 1.845697e-01
8.596632e+06 1.846252e-01
8.621692e+06 1.846805e-01
8.646752e+06 1.847356e-01
8.671812e+06 1.847906e-01
8.696872e+06 1.848454e-01
8.721932e+06 1.849001e-01
8.746992e+06 1.849546e-01
8.772053e+06 1.850090e-01
8.797113e+06 1.850632e-01
8.822173e+06 1.851172e-01
8.847233e+06 1.851711e-01
8.872293e+06 1.852248e-01
8.897353e+06 1.852784e-01
8.922414e+06 1.853319e-01
8.947474e+06 1.853852e-01
8.972534e+06 1.854383e-01
8.997594e+06 1.854913e-01
9.022654e+06 1.855441e-01
9.047714e+06 1.855968e-01
9.072774e+06 1.856494e-01
9.097835e+06 1.857018e-01
9.122895e+06 1.857541e-01
9.147955e+06 1.858062e-01
9.173015e+06 1.858582e-01
9.198075e+06 1.859100e-01
9.223135e+06 1.859617e-01
9.248195e+06 1.860133e-01
9.273256e+06 1.860647e-01
9.298316e+06 1.861159e-01
9.323376e+06 1.861671e-01
9.348436e+06 1.862181e-01
9.373496e+06 1.862690e-01
9.398556e+06 1.863197e-01
9.423617e+06 1.863703e-01
9.448677e+06 1.864207e-01
9.473737e+06 1.864711e-01
9.498797e+06 1.865213e-01
9.523857e+06 1.865713e-01
9.548917e+06 1.866212e-01
9.573977e+06 1.866710e-01
9.599038e+06 1.867207e-01
9.624098e+06 1.867702e-01
9.649158e+06 1.868197e-01
9.674218e+06 1.868689e-01
9.699278e+06 1.869181e-01
9.724338e+06 1.869671e-01
9.749398e+06 1.870160e-01
9.774459e+06 1.870648e-01
9.799519e+06 1.871134e-01
9.824579e+06 1.871620e-01
9.849639e+06 1.872104e-01
9.874699e+06 1.872587e-01
9.899759e+06 1.873068e-01
9.924820e+06 1.873549e-01
9.949880e+06 1.874028e-01
9.974940e+06 1.874506e-01
1.000000e+07 1.874982e-01
