# Models: X-axis(1) Expressions(2)
# Labels: suction(1) kappa(2)
1.000000e+03 1.118903e-02
2.606015e+04 1.539950e-02
5.112030e+04 1.884398e-02
7.618045e+04 2.175873e-02
1.012406e+05 2.428519e-02
1.263008e+05 2.651475e-02
1.513609e+05 2.850991e-02
1.764211e+05 3.031530e-02
2.014812e+05 3.196390e-02
2.265414e+05 3.348079e-02
2.516015e+05 3.488546e-02
2.766617e+05 3.619339e-02
3.017218e+05 3.741703e-02
3.267820e+05 3.856661e-02
3.518421e+05 3.965056e-02
3.769023e+05 4.067600e-02
4.019624e+05 4.164891e-02
4.270226e+05 4.257441e-02
4.520827e+05 4.345690e-02
4.771429e+05 4.430022e-02
5.022030e+05 4.510768e-02
5.272632e+05 4.588222e-02
5.523233e+05 4.662641e-02
5.773835e+05 4.734254e-02
6.024436e+05 4.803266e-02
6.275038e+05 4.869858e-02
6.525639e+05 4.934194e-02
6.776241e+05 4.996423e-02
7.026842e+05 5.056678e-02
7.277444e+05 5.115081e-02
7.528045e+05 5.171741e-02
7.778647e+05 5.226761e-02
8.029248e+05 5.280231e-02
8.279850e+05 5.332238e-02
8.530451e+05 5.382859e-02
8.781053e+05 5.432165e-02
9.031654e+05 5.480225e-02
9.282256e+05 5.527098e-02
9.532857e+05 5.572843e-02
9.783459e+05 5.617512e-02
1.003406e+06 5.661155e-02
1.028466e+06 5.703817e-02
1.053526e+06 5.745542e-02
1.078586e+06 5.786371e-02
1.103647e+06 5.826342e-02
1.128707e+06 5.865488e-02
1.153767e+06 5.903843e-02
1.178827e+06 5.941439e-02
1.203887e+06 5.978306e-02
1.228947e+06 6.014471e-02
1.254008e+06 6.049961e-02
1.279068e+06 6.084800e-02
1.304128e+06 6.119010e-02
1.329188e+06 6.152616e-02
1.354248e+06 6.185638e-02
1.379308e+06 6.218095e-02
1.404368e+06 6.250007e-02
1.429429e+06 6.281393e-02
1.454489e+06 6.312268e-02
1.479549e+06 6.342649e-02
1.504609e+06 6.372551e-02
1.529669e+06 6.401991e-02
1.554729e+06 6.430981e-02
1.579789e+06 6.459535e-02
1.604850e+06 6.487667e-02
1.629910e+06 6.515388e-02
1.654970e+06 6.542711e-02
1.680030e+06 6.569645e-02
1.705090e+06 6.596204e-02
1.730150e+06 6.622396e-02
1.755211e+06 6.648233e-02
1.780271e+06 6.673722e-02
1.805331e+06 6.698873e-02
1.830391e+06 6.723696e-02
1.855451e+06 6.748199e-02
1.880511e+06 6.772390e-02
1.905571e+06 6.796277e-02
1.930632e+06 6.819868e-02
1.955692e+06 6.843169e-02
1.980752e+06 6.866187e-02
2.005812e+06 6.888930e-02
2.030872e+06 6.911403e-02
2.055932e+06 6.933614e-02
2.080992e+06 6.955569e-02
2.106053e+06 6.977273e-02
2.131113e+06 6.998731e-02
2.156173e+06 7.019950e-02
2.181233e+06 7.040934e-02
2.206293e+06 7.061689e-02
2.231353e+06 7.082220e-02
2.256414e+06 7.102532e-02
2.281474e+06 7.122628e-02
2.306534e+06 7.142514e-02
2.331594e+06 7.162194e-02
2.356654e+06 7.181672e-02
2.381714e+06 7.200952e-02
2.406774e+06 7.220039e-02
2.431835e+06 7.238936e-02
2.456895e+06 7.257647e-02
2.481955e+06 7.276175e-02
2.507015e+06 7.294525e-02
2.532075e+06 7.312698e-02
2.557135e+06 7.330700e-02
2.582195e+06 7.348532e-02
2.607256e+06 7.366200e-02
2.632316e+06 7.383704e-02
2.657376e+06 7.401048e-02
2.682436e+06 7.418235e-02
2.707496e+06 7.435268e-02
2.732556e+06 7.452150e-02
2.757617e+06 7.468883e-02
2.782677e+06 7.485470e-02
2.807737e+06 7.501913e-02
2.832797e+06 7.518216e-02
2.857857e+06 7.534379e-02
2.882917e+06 7.550406e-02
2.907977e+06 7.566299e-02
2.933038e+06 7.582061e-02
2.958098e+06 7.597693e-02
2.983158e+06 7.613196e-02
3.008218e+06 7.628575e-02
3.033278e+06 7.643830e-02
3.058338e+06 7.658963e-02
3.083398e+06 7.673977e-02
3.108459e+06 7.688874e-02
3.133519e+06 7.703654e-02
3.158579e+06 7.718320e-02
3.183639e+06 7.732874e-02
3.208699e+06 7.747317e-02
3.233759e+06 7.761651e-02
3.258820e+06 7.775878e-02
3.283880e+06 7.789999e-02
3.308940e+06 7.804016e-02
3.334000e+06 7.817930e-02
3.359060e+06 7.831743e-02
3.384120e+06 7.845456e-02
3.409180e+06 7.859071e-02
3.434241e+06 7.872589e-02
3.459301e+06 7.886012e-02
3.484361e+06 7.899340e-02
3.509421e+06 7.912576e-02
3.534481e+06 7.925720e-02
3.559541e+06 7.938773e-02
3.584602e+06 7.951738e-02
3.609662e+06 7.964615e-02
3.634722e+06 7.977405e-02
3.659782e+06 7.990109e-02
3.684842e+06 8.002729e-02
3.709902e+06 8.015266e-02
3.734962e+06 8.027721e-02
3.760023e+06 8.040095e-02
3.785083e+06 8.052388e-02
3.810143e+06 8.064602e-02
3.835203e+06 8.076739e-02
3.860263e+06 8.088798e-02
3.885323e+06 8.100781e-02
3.910383e+06 8.112689e-02
3.935444e+06 8.124523e-02
3.960504e+06 8.136284e-02
3.985564e+06 8.147972e-02
4.010624e+06 8.159589e-02
4.035684e+06 8.171135e-02
4.060744e+06 8.182612e-02
4.085805e+06 8.194020e-02
4.110865e+06 8.205359e-02
4.135925e+06 8.216631e-02
4.160985e+06 8.227837e-02
4.186045e+06 8.238977e-02
4.211105e+06 8.250052e-02
4.236165e+06 8.261062e-02
4.261226e+06 8.272010e-02
4.286286e+06 8.282895e-02
4.311346e+06 8.293717e-02
4.336406e+06 8.304479e-02
4.361466e+06 8.315179e-02
4.386526e+06 8.325820e-02
4.411586e+06 8.336402e-02
4.436647e+06 8.346925e-02
4.461707e+06 8.357390e-02
4.486767e+06 8.367797e-02
4.511827e+06 8.378148e-02
4.536887e+06 8.388443e-02
4.561947e+06 8.398682e-02
4.587008e+06 8.408867e-02
4.612068e+06 8.418997e-02
4.637128e+06 8.429073e-02
4.662188e+06 8.439096e-02
4.687248e+06 8.449067e-02
4.712308e+06 8.458985e-02
4.737368e+06 8.468852e-02
4.762429e+06 8.478669e-02
4.787489e+06 8.488434e-02
4.812549e+06 8.498150e-02
4.837609e+06 8.507816e-02
4.862669e+06 8.517433e-02
4.887729e+06 8.527002e-02
4.912789e+06 8.536523e-02
4.937850e+06 8.545997e-02
4.962910e+06 8.555423e-02
4.987970e+06 8.564803e-02
5.013030e+06 8.574137e-02
5.038090e+06 8.583425e-02
5.063150e+06 8.592667e-02
5.088211e+06 8.601866e-02
5.113271e+06 8.611020e-02
5.138331e+06 8.620130e-02
5.163391e+06 8.629196e-02
5.188451e+06 8.638219e-02
5.213511e+06 8.647200e-02
5.238571e+06 8.656139e-02
5.263632e+06 8.665036e-02
5.288692e+06 8.673891e-02
5.313752e+06 8.682705e-02
5.338812e+06 8.691478e-02
5.363872e+06 8.700211e-02
5.388932e+06 8.708904e-02
5.413992e+06 8.717558e-02
5.439053e+06 8.726172e-02
5.464113e+06 8.734747e-02
5.489173e+06 8.743284e-02
5.514233e+06 8.751783e-02
5.539293e+06 8.760244e-02
5.564353e+06 8.768667e-02
5.589414e+06 8.777053e-02
5.614474e+06 8.785402e-02
5.639534e+06 8.793715e-02
5.664594e+06 8.801991e-02
5.689654e+06 8.810232e-02
5.714714e+06 8.818437e-02
5.739774e+06 8.826606e-02
5.764835e+06 8.834741e-02
5.789895e+06 8.842841e-02
5.814955e+06 8.850907e-02
5.840015e+06 8.858939e-02
5.865075e+06 8.866936e-02
5.890135e+06 8.874900e-02
5.915195e+06 8.882831e-02
5.940256e+06 8.890730e-02
5.965316e+06 8.898595e-02
5.990376e+06 8.906428e-02
6.015436e+06 8.914228e-02
6.040496e+06 8.921997e-02
6.065556e+06 8.929734e-02
6.090617e+06 8.937440e-02
6.115677e+06 8.945115e-02
6.140737e+06 8.952758e-02
6.165797e+06 8.960371e-02
6.190857e+06 8.967954e-02
6.215917e+06 8.975507e-02
6.240977e+06 8.983029e-02
6.266038e+06 8.990522e-02
6.291098e+06 8.997986e-02
6.316158e+06 9.005420e-02
6.341218e+06 9.012826e-02
6.366278e+06 9.020202e-02
6.391338e+06 9.027550e-02
6.416398e+06 9.034870e-02
6.441459e+06 9.042162e-02
6.466519e+06 9.049426e-02
6.491579e+06 9.056662e-02
6.516639e+06 9.063870e-02
6.541699e+06 9.071052e-02
6.566759e+06 9.078206e-02
6.591820e+06 9.085334e-02
6.616880e+06 9.092435e-02
6.641940e+06 9.099509e-02
6.667000e+06 9.106557e-02
6.692060e+06 9.113579e-02
6.717120e+06 9.120576e-02
6.742180e+06 9.127546e-02
6.767241e+06 9.134491e-02
6.792301e+06 9.141411e-02
6.817361e+06 9.148306e-02
6.842421e+06 9.155176e-02
6.867481e+06 9.162021e-02
6.892541e+06 9.168841e-02
6.917602e+06 9.175637e-02
6.942662e+06 9.182409e-02
6.967722e+06 9.189157e-02
6.992782e+06 9.195881e-02
7.017842e+06 9.202581e-02
7.042902e+06 9.209257e-02
7.067962e+06 9.215911e-02
7.093023e+06 9.222541e-02
7.118083e+06 9.229148e-02
7.143143e+06 9.235732e-02
7.168203e+06 9.242293e-02
7.193263e+06 9.248832e-02
7.218323e+06 9.255348e-02
7.243383e+06 9.261842e-02
7.268444e+06 9.268314e-02
7.293504e+06 9.274764e-02
7.318564e+06 9.281192e-02
7.343624e+06 9.287599e-02
7.368684e+06 9.293983e-02
7.393744e+06 9.300347e-02
7.418805e+06 9.306689e-02
7.443865e+06 9.313011e-02
7.468925e+06 9.319311e-02
7.493985e+06 9.325590e-02
7.519045e+06 9.331849e-02
7.544105e+06 9.338087e-02
7.569165e+06 9.344304e-02
7.594226e+06 9.350502e-02
7.619286e+06 9.356679e-02
7.644346e+06 9.362837e-02
7.669406e+06 9.368974e-02
7.694466e+06 9.375091e-02
7.719526e+06 9.381189e-02
7.744586e+06 9.387268e-02
7.769647e+06 9.393327e-02
7.794707e+06 9.399367e-02
7.819767e+06 9.405387e-02
7.844827e+06 9.411389e-02
7.869887e+06 9.417372e-02
7.894947e+06 9.423336e-02
7.920008e+06 9.429281e-02
7.945068e+06 9.435208e-02
7.970128e+06 9.441116e-02
7.995188e+06 9.447006e-02
8.020248e+06 9.452878e-02
8.045308e+06 9.458732e-02
8.070368e+06 9.464567e-02
8.095429e+06 9.470385e-02
8.120489e+06 9.476185e-02
8.145549e+06 9.481968e-02
8.170609e+06 9.487733e-02
8.195669e+06 9.493480e-02
8.220729e+06 9.499210e-02
8.245789e+06 9.504923e-02
8.270850e+06 9.510619e-02
8.295910e+06 9.516297e-02
8.320970e+06 9.521959e-02
8.346030e+06 9.527604e-02
8.371090e+06 9.533232e-02
8.396150e+06 9.538844e-02
8.421211e+06 9.544439e-02
8.446271e+06 9.550018e-02
8.471331e+06 9.555580e-02
8.496391e+06 9.561126e-02
8.521451e+06 9.566656e-02
8.546511e+06 9.572170e-02
8.571571e+06 9.577668e-02
8.596632e+06 9.583150e-02
8.621692e+06 9.588616e-02
8.646752e+06 9.594067e-02
8.671812e+06 9.599502e-02
8.696872e+06 9.604921e-02
8.721932e+06 9.610325e-02
8.746992e+06 9.615714e-02
8.772053e+06 9.621088e-02
8.797113e+06 9.626446e-02
8.822173e+06 9.631789e-02
8.847233e+06 9.637118e-02
8.872293e+06 9.642431e-02
8.897353e+06 9.647730e-02
8.922414e+06 9.653014e-02
8.947474e+06 9.658283e-02
8.972534e+06 9.663537e-02
8.997594e+06 9.668777e-02
9.022654e+06 9.674003e-02
9.047714e+06 9.679214e-02
9.072774e+06 9.684412e-02
9.097835e+06 9.689595e-02
9.122895e+06 9.694763e-02
9.147955e+06 9.699918e-02
9.173015e+06 9.705059e-02
9.198075e+06 9.710186e-02
9.223135e+06 9.715299e-02
9.248195e+06 9.720399e-02
9.273256e+06 9.725485e-02
9.298316e+06 9.730557e-02
9.323376e+06 9.735615e-02
9.348436e+06 9.740661e-02
9.373496e+06 9.745693e-02
9.398556e+06 9.750711e-02
9.423617e+06 9.755717e-02
9.448677e+06 9.760709e-02
9.473737e+06 9.765688e-02
9.498797e+06 9.770654e-02
9.523857e+06 9.775607e-02
9.548917e+06 9.780548e-02
9.573977e+06 9.785475e-02
9.599038e+06 9.790390e-02
9.624098e+06 9.795292e-02
9.649158e+06 9.800181e-02
9.674218e+06 9.805058e-02
9.699278e+06 9.809923e-02
9.724338e+06 9.814775e-02
9.749398e+06 9.819614e-02
9.774459e+06 9.824442e-02
9.799519e+06 9.829257e-02
9.824579e+06 9.834060e-02
9.849639e+06 9.838851e-02
9.874699e+06 9.843629e-02
9.899759e+06 9.848396e-02
9.924820e+06 9.853151e-02
9.949880e+06 9.857894e-02
9.974940e+06 9.862625e-02
1.000000e+07 9.867344e-02
