# Models: X-axis(1) Expressions(2)
# Labels: pnet(1) kappa_s(2)
1.000000e+03 1.874982e-01
2.606015e+04 1.255505e-01
5.112030e+04 1.127488e-01
7.618045e+04 1.051692e-01
1.012406e+05 9.976574e-02
1.263008e+05 9.556357e-02
1.513609e+05 9.212456e-02
1.764211e+05 8.921363e-02
2.014812e+05 8.669001e-02
2.265414e+05 8.446261e-02
2.516015e+05 8.246915e-02
2.766617e+05 8.066512e-02
3.017218e+05 7.901763e-02
3.267820e+05 7.750166e-02
3.518421e+05 7.609777e-02
3.769023e+05 7.479050e-02
4.019624e+05 7.356742e-02
4.270226e+05 7.241833e-02
4.520827e+05 7.133480e-02
4.771429e+05 7.030973e-02
5.022030e+05 6.933715e-02
5.272632e+05 6.841194e-02
5.523233e+05 6.752970e-02
5.773835e+05 6.668661e-02
6.024436e+05 6.587935e-02
6.275038e+05 6.510499e-02
6.525639e+05 6.436096e-02
6.776241e+05 6.364497e-02
7.026842e+05 6.295499e-02
7.277444e+05 6.228919e-02
7.528045e+05 6.164593e-02
7.778647e+05 6.102373e-02
8.029248e+05 6.042127e-02
8.279850e+05 5.983733e-02
8.530451e+05 5.927080e-02
8.781053e+05 5.872067e-02
9.031654e+05 5.818603e-02
9.282256e+05 5.766601e-02
9.532857e+05 5.715986e-02
9.783459e+05 5.666683e-02
1.003406e+06 5.618628e-02
1.028466e+06 5.571758e-02
1.053526e+06 5.526017e-02
1.078586e+06 5.481352e-02
1.103647e+06 5.437710e-02
1.128707e+06 5.395050e-02
1.153767e+06 5.353327e-02
1.178827e+06 5.312501e-02
1.203887e+06 5.272533e-02
1.228947e+06 5.233389e-02
1.254008e+06 5.195033e-02
1.279068e+06 5.157438e-02
1.304128e+06 5.120573e-02
1.329188e+06 5.084409e-02
1.354248e+06 5.048920e-02
1.379308e+06 5.014083e-02
1.404368e+06 4.979872e-02
1.429429e+06 4.946266e-02
1.454489e+06 4.913245e-02
1.479549e+06 4.880787e-02
1.504609e+06 4.848876e-02
1.529669e+06 4.817491e-02
1.554729e+06 4.786616e-02
1.579789e+06 4.756235e-02
1.604850e+06 4.726331e-02
1.629910e+06 4.696891e-02
1.654970e+06 4.667901e-02
1.680030e+06 4.639346e-02
1.705090e+06 4.611214e-02
1.730150e+06 4.583493e-02
1.755211e+06 4.556169e-02
1.780271e+06 4.529234e-02
1.805331e+06 4.502675e-02
1.830391e+06 4.476482e-02
1.855451e+06 4.450646e-02
1.880511e+06 4.425156e-02
1.905571e+06 4.400003e-02
1.930632e+06 4.375178e-02
1.955692e+06 4.350675e-02
1.980752e+06 4.326483e-02
2.005812e+06 4.302595e-02
2.030872e+06 4.279004e-02
2.055932e+06 4.255703e-02
2.080992e+06 4.232683e-02
2.106053e+06 4.209939e-02
2.131113e+06 4.187464e-02
2.156173e+06 4.165252e-02
2.181233e+06 4.143297e-02
2.206293e+06 4.121592e-02
2.231353e+06 4.100133e-02
2.256414e+06 4.078912e-02
2.281474e+06 4.057927e-02
2.306534e+06 4.037171e-02
2.331594e+06 4.016639e-02
2.356654e+06 3.996327e-02
2.381714e+06 3.976230e-02
2.406774e+06 3.956343e-02
2.431835e+06 3.936661e-02
2.456895e+06 3.917181e-02
2.481955e+06 3.897900e-02
2.507015e+06 3.878812e-02
2.532075e+06 3.859914e-02
2.557135e+06 3.841202e-02
2.582195e+06 3.822673e-02
2.607256e+06 3.804322e-02
2.632316e+06 3.786147e-02
2.657376e+06 3.768144e-02
2.682436e+06 3.750310e-02
2.707496e+06 3.732642e-02
2.732556e+06 3.715137e-02
2.757617e+06 3.697791e-02
2.782677e+06 3.680603e-02
2.807737e+06 3.663569e-02
2.832797e+06 3.646686e-02
2.857857e+06 3.629951e-02
2.882917e+06 3.613363e-02
2.907977e+06 3.596919e-02
2.933038e+06 3.580615e-02
2.958098e+06 3.564450e-02
2.983158e+06 3.548422e-02
3.008218e+06 3.532527e-02
3.033278e+06 3.516765e-02
3.058338e+06 3.501132e-02
3.083398e+06 3.485627e-02
3.108459e+06 3.470247e-02
3.133519e+06 3.454991e-02
3.158579e+06 3.439856e-02
3.183639e+06 3.424841e-02
3.208699e+06 3.409944e-02
3.233759e+06 3.395162e-02
3.258820e+06 3.380495e-02
3.283880e+06 3.365940e-02
3.308940e+06 3.351495e-02
3.334000e+06 3.337160e-02
3.359060e+06 3.322932e-02
3.384120e+06 3.308810e-02
3.409180e+06 3.294792e-02
3.434241e+06 3.280876e-02
3.459301e+06 3.267062e-02
3.484361e+06 3.253347e-02
3.509421e+06 3.239731e-02
3.534481e+06 3.226212e-02
3.559541e+06 3.212788e-02
3.584602e+06 3.199458e-02
3.609662e+06 3.186221e-02
3.634722e+06 3.173076e-02
3.659782e+06 3.160022e-02
3.684842e+06 3.147056e-02
3.709902e+06 3.134178e-02
3.734962e+06 3.121387e-02
3.760023e+06 3.108681e-02
3.785083e+06 3.096059e-02
3.810143e+06 3.083522e-02
3.835203e+06 3.071066e-02
3.860263e+06 3.058691e-02
3.885323e+06 3.046397e-02
3.910383e+06 3.034181e-02
3.935444e+06 3.022043e-02
3.960504e+06 3.009983e-02
3.985564e+06 2.997999e-02
4.010624e+06 2.986089e-02
4.035684e+06 2.974254e-02
4.060744e+06 2.962493e-02
4.085805e+06 2.950803e-02
4.110865e+06 2.939185e-02
4.135925e+06 2.927637e-02
4.160985e+06 2.916160e-02
4.186045e+06 2.904751e-02
4.211105e+06 2.893411e-02
4.236165e+06 2.882137e-02
4.261226e+06 2.870930e-02
4.286286e+06 2.859789e-02
4.311346e+06 2.848713e-02
4.336406e+06 2.837701e-02
4.361466e+06 2.826753e-02
4.386526e+06 2.815867e-02
4.411586e+06 2.805043e-02
4.436647e+06 2.794280e-02
4.461707e+06 2.783579e-02
4.486767e+06 2.772937e-02
4.511827e+06 2.762354e-02
4.536887e+06 2.751830e-02
4.561947e+06 2.741364e-02
4.587008e+06 2.730955e-02
4.612068e+06 2.720603e-02
4.637128e+06 2.710307e-02
4.662188e+06 2.700067e-02
4.687248e+06 2.689882e-02
4.712308e+06 2.679750e-02
4.737368e+06 2.669673e-02
4.762429e+06 2.659648e-02
4.787489e+06 2.649677e-02
4.812549e+06 2.639757e-02
4.837609e+06 2.629889e-02
4.862669e+06 2.620072e-02
4.887729e+06 2.610306e-02
4.912789e+06 2.600589e-02
4.937850e+06 2.590921e-02
4.962910e+06 2.581303e-02
4.987970e+06 2.571733e-02
5.013030e+06 2.562211e-02
5.038090e+06 2.552737e-02
5.063150e+06 2.543310e-02
5.088211e+06 2.533928e-02
5.113271e+06 2.524594e-02
5.138331e+06 2.515305e-02
5.163391e+06 2.506061e-02
5.188451e+06 2.496861e-02
5.213511e+06 2.487707e-02
5.238571e+06 2.478596e-02
5.263632e+06 2.469528e-02
5.288692e+06 2.460504e-02
5.313752e+06 2.451522e-02
5.338812e+06 2.442582e-02
5.363872e+06 2.433685e-02
5.388932e+06 2.424829e-02
5.413992e+06 2.416014e-02
5.439053e+06 2.407239e-02
5.464113e+06 2.398505e-02
5.489173e+06 2.389811e-02
5.514233e+06 2.381156e-02
5.539293e+06 2.372541e-02
5.564353e+06 2.363965e-02
5.589414e+06 2.355427e-02
5.614474e+06 2.346927e-02
5.639534e+06 2.338466e-02
5.664594e+06 2.330041e-02
5.689654e+06 2.321654e-02
5.714714e+06 2.313304e-02
5.739774e+06 2.304991e-02
5.764835e+06 2.296713e-02
5.789895e+06 2.288471e-02
5.814955e+06 2.280266e-02
5.840015e+06 2.272095e-02
5.865075e+06 2.263959e-02
5.890135e+06 2.255858e-02
5.915195e+06 2.247792e-02
5.940256e+06 2.239759e-02
5.965316e+06 2.231760e-02
5.990376e+06 2.223795e-02
6.015436e+06 2.215864e-02
6.040496e+06 2.207965e-02
6.065556e+06 2.200099e-02
6.090617e+06 2.192264e-02
6.115677e+06 2.184463e-02
6.140737e+06 2.176693e-02
6.165797e+06 2.168955e-02
6.190857e+06 2.161249e-02
6.215917e+06 2.153573e-02
6.240977e+06 2.145929e-02
6.266038e+06 2.138314e-02
6.291098e+06 2.130731e-02
6.316158e+06 2.123177e-02
6.341218e+06 2.115654e-02
6.366278e+06 2.108160e-02
6.391338e+06 2.100695e-02
6.416398e+06 2.093260e-02
6.441459e+06 2.085854e-02
6.466519e+06 2.078476e-02
6.491579e+06 2.071127e-02
6.516639e+06 2.063807e-02
6.541699e+06 2.056514e-02
6.566759e+06 2.049250e-02
6.591820e+06 2.042012e-02
6.616880e+06 2.034803e-02
6.641940e+06 2.027621e-02
6.667000e+06 2.020465e-02
6.692060e+06 2.013337e-02
6.717120e+06 2.006235e-02
6.742180e+06 1.999160e-02
6.767241e+06 1.992111e-02
6.792301e+06 1.985088e-02
6.817361e+06 1.978091e-02
6.842421e+06 1.971119e-02
6.867481e+06 1.964173e-02
6.892541e+06 1.957253e-02
6.917602e+06 1.950357e-02
6.942662e+06 1.943486e-02
6.967722e+06 1.936640e-02
6.992782e+06 1.929819e-02
7.017842e+06 1.923022e-02
7.042902e+06 1.916250e-02
7.067962e+06 1.909501e-02
7.093023e+06 1.902776e-02
7.118083e+06 1.896075e-02
7.143143e+06 1.889398e-02
7.168203e+06 1.882744e-02
7.193263e+06 1.876113e-02
7.218323e+06 1.869505e-02
7.243383e+06 1.862920e-02
7.268444e+06 1.856358e-02
7.293504e+06 1.849819e-02
7.318564e+06 1.843301e-02
7.343624e+06 1.836807e-02
7.368684e+06 1.830334e-02
7.393744e+06 1.823883e-02
7.418805e+06 1.817454e-02
7.443865e+06 1.811047e-02
7.468925e+06 1.804661e-02
7.493985e+06 1.798297e-02
7.519045e+06 1.791954e-02
7.544105e+06 1.785632e-02
7.569165e+06 1.779331e-02
7.594226e+06 1.773051e-02
7.619286e+06 1.766791e-02
7.644346e+06 1.760552e-02
7.669406e+06 1.754334e-02
7.694466e+06 1.748136e-02
7.719526e+06 1.741958e-02
7.744586e+06 1.735800e-02
7.769647e+06 1.729661e-02
7.794707e+06 1.723543e-02
7.819767e+06 1.717444e-02
7.844827e+06 1.711365e-02
7.869887e+06 1.705305e-02
7.894947e+06 1.699265e-02
7.920008e+06 1.693243e-02
7.945068e+06 1.687241e-02
7.970128e+06 1.681257e-02
7.995188e+06 1.675293e-02
8.020248e+06 1.669347e-02
8.045308e+06 1.663419e-02
8.070368e+06 1.657510e-02
8.095429e+06 1.651619e-02
8.120489e+06 1.645747e-02
8.145549e+06 1.639892e-02
8.170609e+06 1.634056e-02
8.195669e+06 1.628237e-02
8.220729e+06 1.622436e-02
8.245789e+06 1.616653e-02
8.270850e+06 1.610887e-02
8.295910e+06 1.605139e-02
8.320970e+06 1.599409e-02
8.346030e+06 1.593695e-02
8.371090e+06 1.587999e-02
8.396150e+06 1.582319e-02
8.421211e+06 1.576656e-02
8.446271e+06 1.571011e-02
8.471331e+06 1.565382e-02
8.496391e+06 1.559770e-02
8.521451e+06 1.554174e-02
8.546511e+06 1.548594e-02
8.571571e+06 1.543031e-02
8.596632e+06 1.537484e-02
8.621692e+06 1.531954e-02
8.646752e+06 1.526439e-02
8.671812e+06 1.520941e-02
8.696872e+06 1.515458e-02
8.721932e+06 1.509991e-02
8.746992e+06 1.504540e-02
8.772053e+06 1.499104e-02
8.797113e+06 1.493683e-02
8.822173e+06 1.488279e-02
8.847233e+06 1.482889e-02
8.872293e+06 1.477515e-02
8.897353e+06 1.472156e-02
8.922414e+06 1.466812e-02
8.947474e+06 1.461483e-02
8.972534e+06 1.456169e-02
8.997594e+06 1.450870e-02
9.022654e+06 1.445585e-02
9.047714e+06 1.440315e-02
9.072774e+06 1.435060e-02
9.097835e+06 1.429819e-02
9.122895e+06 1.424593e-02
9.147955e+06 1.419381e-02
9.173015e+06 1.414183e-02
9.198075e+06 1.408999e-02
9.223135e+06 1.403830e-02
9.248195e+06 1.398674e-02
9.273256e+06 1.393533e-02
9.298316e+06 1.388405e-02
9.323376e+06 1.383291e-02
9.348436e+06 1.378191e-02
9.373496e+06 1.373105e-02
9.398556e+06 1.368032e-02
9.423617e+06 1.362972e-02
9.448677e+06 1.357926e-02
9.473737e+06 1.352894e-02
9.498797e+06 1.347875e-02
9.523857e+06 1.342868e-02
9.548917e+06 1.337876e-02
9.573977e+06 1.332896e-02
9.599038e+06 1.327929e-02
9.624098e+06 1.322975e-02
9.649158e+06 1.318034e-02
9.674218e+06 1.313106e-02
9.699278e+06 1.308191e-02
9.724338e+06 1.303288e-02
9.749398e+06 1.298398e-02
9.774459e+06 1.293520e-02
9.799519e+06 1.288655e-02
9.824579e+06 1.283802e-02
9.849639e+06 1.278962e-02
9.874699e+06 1.274134e-02
9.899759e+06 1.269319e-02
9.924820e+06 1.264515e-02
9.949880e+06 1.259723e-02
9.974940e+06 1.254944e-02
1.000000e+07 1.250177e-02
