# Models: X-axis(1) Expressions(2) Expressions(3)
# Labels: pc(1) kl(2) kg(3)
0.000000e+00 1.000000e+00 1.000000e+00
1.764706e+05 9.345192e-01 1.000000e+00
3.529412e+05 8.733262e-01 1.000000e+00
5.294118e+05 8.161401e-01 1.000000e+00
7.058824e+05 7.626986e-01 1.000000e+00
8.823529e+05 7.127565e-01 1.000000e+00
1.058824e+06 6.660845e-01 1.000000e+00
1.235294e+06 6.224689e-01 1.000000e+00
1.411765e+06 5.817091e-01 1.000000e+00
1.588235e+06 5.436184e-01 1.000000e+00
1.764706e+06 5.080218e-01 1.000000e+00
1.941176e+06 4.747562e-01 1.000000e+00
2.117647e+06 4.436687e-01 1.000000e+00
2.294118e+06 4.146169e-01 1.000000e+00
2.470588e+06 3.874675e-01 1.000000e+00
2.647059e+06 3.620958e-01 1.000000e+00
2.823529e+06 3.383856e-01 1.000000e+00
3.000000e+06 3.162278e-01 1.000000e+00
3.176471e+06 2.955209e-01 1.000000e+00
3.352941e+06 2.761700e-01 1.000000e+00
3.529412e+06 2.580861e-01 1.000000e+00
3.705882e+06 2.411865e-01 1.000000e+00
3.882353e+06 2.253934e-01 1.000000e+00
4.058824e+06 2.106344e-01 1.000000e+00
4.235294e+06 1.968420e-01 1.000000e+00
4.411765e+06 1.839526e-01 1.000000e+00
4.588235e+06 1.719072e-01 1.000000e+00
4.764706e+06 1.606506e-01 1.000000e+00
4.941176e+06 1.501311e-01 1.000000e+00
5.117647e+06 1.403004e-01 1.000000e+00
5.294118e+06 1.311134e-01 1.000000e+00
5.470588e+06 1.225280e-01 1.000000e+00
5.647059e+06 1.145047e-01 1.000000e+00
5.823529e+06 1.070069e-01 1.000000e+00
6.000000e+06 1.000000e-01 1.000000e+00
6.176471e+06 9.345191e-02 1.000000e+00
6.352941e+06 8.733262e-02 1.000000e+00
6.529412e+06 8.161400e-02 1.000000e+00
6.705882e+06 7.626987e-02 1.000000e+00
6.882353e+06 7.127565e-02 1.000000e+00
7.058824e+06 6.660845e-02 1.000000e+00
7.235294e+06 6.224689e-02 1.000000e+00
7.411765e+06 5.817091e-02 1.000000e+00
7.588235e+06 5.436184e-02 1.000000e+00
7.764706e+06 5.080218e-02 1.000000e+00
7.941176e+06 4.747562e-02 1.000000e+00
8.117647e+06 4.436687e-02 1.000000e+00
8.294118e+06 4.146169e-02 1.000000e+00
8.470588e+06 3.874675e-02 1.000000e+00
8.647059e+06 3.620958e-02 1.000000e+00
8.823529e+06 3.383856e-02 1.000000e+00
9.000000e+06 3.162278e-02 1.000000e+00
9.176471e+06 2.955209e-02 1.000000e+00
9.352941e+06 2.761700e-02 1.000000e+00
9.529412e+06 2.580861e-02 1.000000e+00
9.705882e+06 2.411865e-02 1.000000e+00
9.882353e+06 2.253934e-02 1.000000e+00
1.005882e+07 2.106347e-02 1.000000e+00
1.023529e+07 1.968423e-02 1.000000e+00
1.041176e+07 1.839529e-02 1.000000e+00
1.058824e+07 1.719069e-02 1.000000e+00
1.076471e+07 1.606503e-02 1.000000e+00
1.094118e+07 1.501309e-02 1.000000e+00
1.111765e+07 1.403002e-02 1.000000e+00
1.129412e+07 1.311133e-02 1.000000e+00
1.147059e+07 1.225279e-02 1.000000e+00
1.164706e+07 1.145047e-02 1.000000e+00
1.182353e+07 1.070069e-02 1.000000e+00
1.200000e+07 1.000000e-02 1.000000e+00
1.217647e+07 9.345194e-03 1.000000e+00
1.235294e+07 8.733266e-03 1.000000e+00
1.252941e+07 8.161406e-03 1.000000e+00
1.270588e+07 7.626993e-03 1.000000e+00
1.288235e+07 7.127573e-03 1.000000e+00
1.305882e+07 6.660855e-03 1.000000e+00
1.323529e+07 6.224699e-03 1.000000e+00
1.341176e+07 5.817102e-03 1.000000e+00
1.358824e+07 5.436174e-03 1.000000e+00
1.376471e+07 5.080210e-03 1.000000e+00
1.394118e+07 4.747555e-03 1.000000e+00
1.411765e+07 4.436682e-03 1.000000e+00
1.429412e+07 4.146166e-03 1.000000e+00
1.447059e+07 3.874672e-03 1.000000e+00
1.464706e+07 3.620957e-03 1.000000e+00
1.482353e+07 3.383854e-03 1.000000e+00
1.500000e+07 3.162278e-03 1.000000e+00
1.517647e+07 2.955210e-03 1.000000e+00
1.535294e+07 2.761701e-03 1.000000e+00
1.552941e+07 2.580863e-03 1.000000e+00
1.570588e+07 2.411867e-03 1.000000e+00
1.588235e+07 2.253936e-03 1.000000e+00
1.605882e+07 2.106347e-03 1.000000e+00
1.623529e+07 1.968423e-03 1.000000e+00
1.641176e+07 1.839529e-03 1.000000e+00
1.658824e+07 1.719069e-03 1.000000e+00
1.676471e+07 1.606503e-03 1.000000e+00
1.694118e+07 1.501309e-03 1.000000e+00
1.711765e+07 1.403002e-03 1.000000e+00
1.729412e+07 1.311133e-03 1.000000e+00
1.747059e+07 1.225279e-03 1.000000e+00
1.764706e+07 1.145047e-03 1.000000e+00
1.782353e+07 1.070069e-03 1.000000e+00
1.800000e+07 1.000000e-03 1.000000e+00
1.817647e+07 9.345194e-04 1.000000e+00
1.835294e+07 8.733266e-04 1.000000e+00
1.852941e+07 8.161406e-04 1.000000e+00
1.870588e+07 7.626993e-04 1.000000e+00
1.888235e+07 7.127573e-04 1.000000e+00
1.905882e+07 6.660855e-04 1.000000e+00
1.923529e+07 6.224699e-04 1.000000e+00
1.941176e+07 5.817102e-04 1.000000e+00
1.958824e+07 5.436174e-04 1.000000e+00
1.976471e+07 5.080210e-04 1.000000e+00
1.994118e+07 4.747555e-04 1.000000e+00
2.011765e+07 4.436682e-04 1.000000e+00
2.029412e+07 4.146166e-04 1.000000e+00
2.047059e+07 3.874672e-04 1.000000e+00
2.064706e+07 3.620957e-04 1.000000e+00
2.082353e+07 3.383854e-04 1.000000e+00
2.100000e+07 3.162278e-04 1.000000e+00
2.117647e+07 2.955210e-04 1.000000e+00
2.135294e+07 2.761701e-04 1.000000e+00
2.152941e+07 2.580863e-04 1.000000e+00
2.170588e+07 2.411867e-04 1.000000e+00
2.188235e+07 2.253936e-04 1.000000e+00
2.205882e+07 2.106347e-04 1.000000e+00
2.223529e+07 1.968423e-04 1.000000e+00
2.241176e+07 1.839529e-04 1.000000e+00
2.258824e+07 1.719069e-04 1.000000e+00
2.276471e+07 1.606503e-04 1.000000e+00
2.294118e+07 1.501309e-04 1.000000e+00
2.311765e+07 1.403002e-04 1.000000e+00
2.329412e+07 1.311133e-04 1.000000e+00
2.347059e+07 1.225279e-04 1.000000e+00
2.364706e+07 1.145047e-04 1.000000e+00
2.382353e+07 1.070069e-04 1.000000e+00
2.400000e+07 1.000000e-04 1.000000e+00
2.417647e+07 9.345194e-05 1.000000e+00
2.435294e+07 8.733266e-05 1.000000e+00
2.452941e+07 8.161406e-05 1.000000e+00
2.470588e+07 7.626993e-05 1.000000e+00
2.488235e+07 7.127573e-05 1.000000e+00
2.505882e+07 6.660855e-05 1.000000e+00
2.523529e+07 6.224699e-05 1.000000e+00
2.541176e+07 5.817102e-05 1.000000e+00
2.558824e+07 5.436174e-05 1.000000e+00
2.576471e+07 5.080210e-05 1.000000e+00
2.594118e+07 4.747555e-05 1.000000e+00
2.611765e+07 4.436682e-05 1.000000e+00
2.629412e+07 4.146166e-05 1.000000e+00
2.647059e+07 3.874672e-05 1.000000e+00
2.664706e+07 3.620957e-05 1.000000e+00
2.682353e+07 3.383854e-05 1.000000e+00
2.700000e+07 3.162278e-05 1.000000e+00
2.717647e+07 2.955210e-05 1.000000e+00
2.735294e+07 2.761701e-05 1.000000e+00
2.752941e+07 2.580863e-05 1.000000e+00
2.770588e+07 2.411867e-05 1.000000e+00
2.788235e+07 2.253936e-05 1.000000e+00
2.805882e+07 2.106347e-05 1.000000e+00
2.823529e+07 1.968423e-05 1.000000e+00
2.841176e+07 1.839529e-05 1.000000e+00
2.858824e+07 1.719069e-05 1.000000e+00
2.876471e+07 1.606503e-05 1.000000e+00
2.894118e+07 1.501309e-05 1.000000e+00
2.911765e+07 1.403002e-05 1.000000e+00
2.929412e+07 1.311133e-05 1.000000e+00
2.947059e+07 1.225279e-05 1.000000e+00
2.964706e+07 1.145047e-05 1.000000e+00
2.982353e+07 1.070069e-05 1.000000e+00
3.000000e+07 1.000000e-05 1.000000e+00
