DIME
1 plan
MAIL
4 0. 0.  0.025 0.05
2.5e-4
1 100 100
1 1 2
MATE
64
porosite = 0.229
D_Cl = 5.e-11
r_d = 1.
T = 293.
k_int =  3.24e-16 
d_va  = 2.512
B_h =  0.	 
n = 1.9079
anpha = 1.2123e-2
S_max = 1.001
Pc_min = 1.e10
s_srf = 6.e6
phi_x = 1
MATE
64
porosite = 0.165
D_Cl = 8.e-12
r_d = 1.
T = 293.
k_int =   1.37e-12 
d_va  = 2.512
B_h = 3.e-3
n = 3.7736
anpha = 2.8272
S_max = 1.00000001
Pc_min = 1.e10
s_srf =6.e6
phi_x = 1
CHMP
6
1945.69 0. 0.
-0.3333333333333 0. 0.
1945.69 0. 0.
-0.3333333333333 0. 0.
50. 0. 0.
3526.9793 0. 0.
INIT
6
1 1 1
1 2 2
2 1 1
2 2 2
3 1 3
3 2 4
FONC
2
96
0.		0.2321
0.001322	0.2321
0.0018058	0.2344
0.0022896	0.2355
0.0027735	0.235
0.0032573	0.2328
0.0037411	0.2314
0.0042249	0.2321
0.0047087	0.232
0.0051926	0.2284
0.0056764	0.2229
0.0061602	0.2202
0.006644	0.2208
0.0071278	0.2204
0.0076117	0.2182
0.0080955	0.2179
0.0085793	0.2197
0.0090631	0.2209
0.0095469	0.2202
0.0100308	0.2173
0.0105146	0.2152
0.0109984	0.2136
0.0114822	0.2101
0.011966	0.2085
0.0124498	0.2082
0.0129337	0.2088
0.0134175	0.2111
0.0139013	0.2133
0.0143851	0.213
0.0148689	0.2109
0.0153528	0.2082
0.0158366	0.2067
0.0163204	0.2056
0.0168042	0.2055
0.017288	0.2037
0.0177719	0.1982
0.0182557	0.1923
0.0187395	0.1891
0.0192233	0.1882
0.0197071	0.196
0.020191	0.2094
0.0206748	0.2149
0.0211586	0.2124
0.0216424	0.2124
0.0221262	0.207
0.0226101	0.1823
0.0230939	0.1572
0.0235777	0.1605
0.0240615	0.1713
0.0245453	0.1693
0.0250291	0.1653
0.025513	0.1607
0.0259968	0.1576
0.0264806	0.1577
0.0269644	0.158
0.0274482	0.1566
0.0279321	0.157
0.0284159	0.1576
0.0288997	0.157
0.0293835	0.1575
0.0298673	0.1586
0.0303512	0.158
0.030835	0.1558
0.0313188	0.1551
0.0318026	0.1547
0.0322864	0.1539
0.0327703	0.154
0.0332541	0.1537
0.0337379	0.153
0.0342217	0.153
0.0347055	0.1529
0.0351893	0.1518
0.0356732	0.1515
0.036157	0.1525
0.0366408	0.1524
0.0371246	0.1519
0.0376084	0.1525
0.0380923	0.152
0.0385761	0.1509
0.0390599	0.1507
0.0395437	0.1505
0.0400275	0.1496
0.0405114	0.1497
0.0409952	0.1503
0.041479	0.1502
0.0419628	0.1508
0.0424466	0.1511
0.0429305	0.1499
0.0434143	0.1498
0.0438981	0.1509
0.0443819	0.1514
0.0448657	0.1509
0.0453495	0.1518
0.0458334	0.1518
0.0463172	0.1491
0.05		0.1491
128
0.0		2.3538352E-03
7516.8		2.2581071E-03
15034.0		2.1691701E-03
22550.8		2.0866363E-03
30067.6		2.0101183E-03
37584.7		1.9392286E-03
45101.5		1.8735795E-03
52618.3		1.8127835E-03
60135.1		1.7564530E-03
67652.3		1.7042003E-03
75169.1		1.6556382E-03
82685.9		1.6103787E-03
90203.0		1.5680345E-03
97719.8		1.5282181E-03
105236.6	1.4905416E-03
112753.8	1.4546177E-03
120270.6	1.4200588E-03
127787.4	1.3864773E-03
135304.6	1.3534871E-03
142821.4	1.3208395E-03
150338.2	1.2885274E-03
157855.3	1.2565683E-03
165372.1	1.2249799E-03
172888.9	1.1937795E-03
180405.7	1.1629848E-03
187922.9	1.1326130E-03
195439.7	1.1026821E-03
202956.5	1.0732092E-03
210473.6	1.0442120E-03
217990.4	1.0157081E-03
225507.2	9.8771490E-04
233024.4	9.6024980E-04
240541.2	9.3333070E-04
248058.0	9.0697480E-04
255575.2	8.8119960E-04
263092.0	8.5602290E-04
270608.8	8.3146200E-04
278125.9	8.0753450E-04
285642.7	7.8425780E-04
293159.5	7.6164960E-04
300676.3	7.3972730E-04
308193.5	7.1850850E-04
315710.3	6.9801070E-04
323227.1	6.7825100E-04
330744.2	6.5923040E-04
338261.0	6.4093040E-04
345777.8	6.2333150E-04
353295.0	6.0641440E-04
360811.8	5.9015970E-04
368328.6	5.7454800E-04
375845.8	5.5955970E-04
383362.6	5.4517570E-04
390879.4	5.3137620E-04
398396.5	5.1814230E-04
405913.3	5.0545410E-04
413430.1	4.9329250E-04
420946.9	4.8163800E-04
428464.1	4.7047110E-04
435980.9	4.5977250E-04
443497.7	4.4952290E-04
451014.8	4.3970270E-04
458531.6	4.3029250E-04
466048.4	4.2127300E-04
473565.6	4.1262480E-04
481082.4	4.0432840E-04
488599.2	3.9636430E-04
496116.4	3.8871340E-04
503633.2	3.8135610E-04
511150.0	3.7427290E-04
518666.8	3.6744460E-04
526183.9	3.6085170E-04
533700.7	3.5447460E-04
541217.5	3.4829420E-04
548734.7	3.4229110E-04
556251.5	3.3644560E-04
563768.3	3.3073840E-04
571285.4	3.2515030E-04
578802.2	3.1966170E-04
586319.0	3.1425310E-04
593836.2	3.0890870E-04
601353.0	3.0362510E-04
608869.8	2.9840230E-04
616387.0	2.9324010E-04
623903.8	2.8813840E-04
631420.6	2.8309710E-04
638937.4	2.7811600E-04
646454.5	2.7319510E-04
653971.3	2.6833410E-04
661488.1	2.6353280E-04
669005.3	2.5879150E-04
676522.1	2.5410960E-04
684038.9	2.4948730E-04
691556.0	2.4492420E-04
699072.8	2.4042030E-04
706589.6	2.3597560E-04
714106.8	2.3158980E-04
721623.6	2.2726280E-04
729140.4	2.2299450E-04
736657.6	2.1878470E-04
744174.4	2.1463340E-04
751691.2	2.1054040E-04
759208.0	2.0650540E-04
766725.1	2.0252860E-04
774241.9	1.9860970E-04
781758.7	1.9474860E-04
789275.9	1.9094500E-04
796792.7	1.8719910E-04
804309.5	1.8351050E-04
811826.6	1.7987910E-04
819343.4	1.7630500E-04
826860.2	1.7278780E-04
834377.4	1.6932750E-04
841894.2	1.6592390E-04
849411.0	1.6257690E-04
856928.2	1.5928640E-04
864445.0	1.5605230E-04
871961.8	1.5287440E-04
879478.6	1.4975260E-04
886995.7	1.4668670E-04
894512.5	1.4367670E-04
902029.3	1.4072240E-04
909546.5	1.3782370E-04
917063.3	1.3498040E-04
924580.1	1.3219250E-04
932097.2	1.2945970E-04
939614.0	1.2678200E-04
947130.8	1.2415930E-04
954648.0	1.2159130E-04
962164.8	1.1907800E-04
COND
0
CHAR
1
1 1 flux 6 2
POIN
3
1.e-4 0.02485 0.02515
TEMP
10
0. 22531.68 37552.68 90126.72 127679.4 180253.1 270379.8 540759.2 729140.4 962164.8
ALGO
20 1.e-9 20
1.e-10 1.e2 1.e-2 1.e-3
