1.000000e-01 1.000000e-00 9.997961e-01
1.174898e-01 1.000000e-00 9.997605e-01
1.380384e-01 1.000000e-00 9.997186e-01
1.621810e-01 1.000000e-00 9.996694e-01
1.905461e-01 1.000000e-00 9.996116e-01
2.238721e-01 1.000000e-00 9.995436e-01
2.630268e-01 1.000000e-00 9.994638e-01
3.090295e-01 1.000000e-00 9.993700e-01
3.630781e-01 9.999999e-01 9.992599e-01
4.265795e-01 9.999999e-01 9.991305e-01
5.011872e-01 9.999999e-01 9.989784e-01
5.888437e-01 9.999998e-01 9.987998e-01
6.918310e-01 9.999998e-01 9.985899e-01
8.128305e-01 9.999997e-01 9.983434e-01
9.549926e-01 9.999995e-01 9.980537e-01
1.122018e+00 9.999993e-01 9.977135e-01
1.318257e+00 9.999991e-01 9.973138e-01
1.548817e+00 9.999988e-01 9.968442e-01
1.819701e+00 9.999983e-01 9.962927e-01
2.137962e+00 9.999976e-01 9.956448e-01
2.511886e+00 9.999967e-01 9.948839e-01
2.951209e+00 9.999955e-01 9.939901e-01
3.467369e+00 9.999938e-01 9.929404e-01
4.073803e+00 9.999914e-01 9.917076e-01
4.786301e+00 9.999881e-01 9.902600e-01
5.623413e+00 9.999836e-01 9.885603e-01
6.606934e+00 9.999773e-01 9.865647e-01
7.762471e+00 9.999687e-01 9.842221e-01
9.120108e+00 9.999568e-01 9.814725e-01
1.071519e+01 9.999404e-01 9.782460e-01
1.258925e+01 9.999177e-01 9.744605e-01
1.479108e+01 9.998864e-01 9.700205e-01
1.737801e+01 9.998431e-01 9.648144e-01
2.041738e+01 9.997835e-01 9.587125e-01
2.398833e+01 9.997012e-01 9.515641e-01
2.818383e+01 9.995876e-01 9.431945e-01
3.311311e+01 9.994308e-01 9.334018e-01
3.890451e+01 9.992145e-01 9.219543e-01
4.570882e+01 9.989163e-01 9.085863e-01
5.370318e+01 9.985049e-01 8.929967e-01
6.309573e+01 9.979380e-01 8.748461e-01
7.413102e+01 9.971570e-01 8.537578e-01
8.709636e+01 9.960819e-01 8.293206e-01
1.023293e+02 9.946036e-01 8.010968e-01
1.202264e+02 9.925737e-01 7.686377e-01
1.412538e+02 9.897920e-01 7.315100e-01
1.659587e+02 9.859903e-01 6.893373e-01
1.949845e+02 9.808137e-01 6.418621e-01
2.290868e+02 9.738002e-01 5.890311e-01
2.691535e+02 9.643614e-01 5.311056e-01
3.162278e+02 9.517721e-01 4.687875e-01
3.715352e+02 9.351770e-01 4.033379e-01
4.365158e+02 9.136332e-01 3.366429e-01
5.128614e+02 8.862010e-01 2.711613e-01
6.025596e+02 8.520972e-01 2.096923e-01
7.079458e+02 8.108966e-01 1.549467e-01
8.317638e+02 7.627392e-01 1.090084e-01
9.772372e+02 7.084642e-01 7.287884e-02
1.148154e+03 6.495951e-01 4.631575e-02
1.348963e+03 5.881466e-01 2.804956e-02
1.584893e+03 5.263064e-01 1.625893e-02
1.862087e+03 4.661014e-01 9.071162e-03
2.187762e+03 4.091529e-01 4.901149e-03
2.570396e+03 3.565671e-01 2.579893e-03
3.019952e+03 3.089481e-01 1.330256e-03
3.548134e+03 2.664854e-01 6.750235e-04
4.168694e+03 2.290683e-01 3.383822e-04
4.897788e+03 1.963938e-01 1.680792e-04
5.754399e+03 1.680537e-01 8.291917e-05
6.760830e+03 1.435968e-01 4.070084e-05
7.943282e+03 1.225694e-01 1.990397e-05
9.332543e+03 1.045401e-01 9.707237e-06
1.096478e+04 8.911232e-02 4.724865e-06
1.288250e+04 7.593001e-02 2.296440e-06
1.513561e+04 6.467832e-02 1.114972e-06
1.778279e+04 5.508193e-02 5.409298e-07
2.089296e+04 4.690194e-02 2.622870e-07
2.454709e+04 3.993213e-02 1.271269e-07
2.884032e+04 3.399522e-02 6.159872e-08
3.388442e+04 2.893924e-02 2.984103e-08
3.981072e+04 2.463413e-02 1.445404e-08
4.677351e+04 2.096880e-02 7.000294e-09
5.495409e+04 1.784842e-02 3.390068e-09
6.456542e+04 1.519214e-02 1.641629e-09
7.585776e+04 1.293102e-02 7.949200e-10
8.912509e+04 1.100633e-02 3.849094e-10
1.047129e+05 9.368066e-03 1.863734e-10
1.230269e+05 7.973614e-03 9.024065e-11
1.445440e+05 6.786706e-03 4.369337e-11
1.698244e+05 5.776460e-03 2.115559e-11
1.995262e+05 4.916587e-03 1.024312e-11
2.344229e+05 4.184708e-03 4.959492e-12
2.754229e+05 3.561773e-03 2.401269e-12
3.235937e+05 3.031566e-03 1.162635e-12
3.801894e+05 2.580284e-03 5.629184e-13
4.466836e+05 2.196180e-03 2.725504e-13
5.248075e+05 1.869254e-03 1.319617e-13
6.165950e+05 1.590994e-03 6.389231e-14
7.244360e+05 1.354156e-03 3.093493e-14
8.511380e+05 1.152574e-03 1.497785e-14
1.000000e+06 9.809995e-04 7.251867e-15
