1.000000e-01 9.954876e-01
1.174898e-01 9.951093e-01
1.380384e-01 9.946994e-01
1.621810e-01 9.942552e-01
1.905461e-01 9.937738e-01
2.238721e-01 9.932521e-01
2.630268e-01 9.926868e-01
3.090295e-01 9.920743e-01
3.630781e-01 9.914105e-01
4.265795e-01 9.906913e-01
5.011872e-01 9.899120e-01
5.888437e-01 9.890677e-01
6.918310e-01 9.881529e-01
8.128305e-01 9.871618e-01
9.549926e-01 9.860881e-01
1.122018e+00 9.849250e-01
1.318257e+00 9.836650e-01
1.548817e+00 9.823001e-01
1.819701e+00 9.808218e-01
2.137962e+00 9.792207e-01
2.511886e+00 9.774866e-01
2.951209e+00 9.756087e-01
3.467369e+00 9.735753e-01
4.073803e+00 9.713736e-01
4.786301e+00 9.689899e-01
5.623413e+00 9.664094e-01
6.606934e+00 9.636162e-01
7.762471e+00 9.605932e-01
9.120108e+00 9.573217e-01
1.071519e+01 9.537819e-01
1.258925e+01 9.499524e-01
1.479108e+01 9.458101e-01
1.737801e+01 9.413302e-01
2.041738e+01 9.364863e-01
2.398833e+01 9.312498e-01
2.818383e+01 9.255902e-01
3.311311e+01 9.194749e-01
3.890451e+01 9.128690e-01
4.570882e+01 9.057353e-01
5.370318e+01 8.980340e-01
6.309573e+01 8.897231e-01
7.413102e+01 8.807579e-01
8.709636e+01 8.710909e-01
1.023293e+02 8.606723e-01
1.202264e+02 8.494494e-01
1.412538e+02 8.373671e-01
1.659587e+02 8.243680e-01
1.949845e+02 8.103924e-01
2.290868e+02 7.953788e-01
2.691535e+02 7.792644e-01
3.162278e+02 7.619854e-01
3.715352e+02 7.434784e-01
4.365158e+02 7.236807e-01
5.128614e+02 7.025326e-01
6.025596e+02 6.799785e-01
7.079458e+02 6.559692e-01
8.317638e+02 6.304653e-01
9.772372e+02 6.034402e-01
1.148154e+03 5.748848e-01
1.348963e+03 5.448126e-01
1.584893e+03 5.132661e-01
1.862087e+03 4.803243e-01
2.187762e+03 4.461107e-01
2.570396e+03 4.108022e-01
3.019952e+03 3.746382e-01
3.548134e+03 3.379280e-01
4.168694e+03 3.010559e-01
4.897788e+03 2.644811e-01
5.754399e+03 2.287297e-01
6.760830e+03 1.943762e-01
7.943282e+03 1.620126e-01
9.332543e+03 1.322048e-01
1.096478e+04 1.054401e-01
1.288250e+04 8.207419e-02
1.513561e+04 6.228761e-02
1.778279e+04 4.606420e-02
2.089296e+04 3.319861e-02
2.454709e+04 2.333270e-02
2.884032e+04 1.601190e-02
3.388442e+04 1.074747e-02
3.981072e+04 7.070638e-03
4.677351e+04 4.569688e-03
5.495409e+04 2.908026e-03
6.456542e+04 1.826294e-03
7.585776e+04 1.134260e-03
8.912509e+04 6.979751e-04
1.047129e+05 4.262530e-04
1.230269e+05 2.587060e-04
1.445440e+05 1.562324e-04
1.698244e+05 9.396971e-05
1.995262e+05 5.633859e-05
2.344229e+05 3.369066e-05
2.754229e+05 2.010608e-05
3.235937e+05 1.197963e-05
3.801894e+05 7.128601e-06
4.466836e+05 4.237666e-06
5.248075e+05 2.517116e-06
6.165950e+05 1.494195e-06
7.244360e+05 8.865361e-07
8.511380e+05 5.257955e-07
1.000000e+06 3.117485e-07
