0 0.000000e+00 0
49890 2.763208e-02 0.16202
99780 5.510442e-02 0.321113
149670 8.226335e-02 0.474546
199560 1.089667e-01 0.619933
249450 1.350883e-01 0.755333
299340 1.605208e-01 0.879399
349230 1.851775e-01 0.991266
399120 2.089927e-01 1.0905
449010 2.319203e-01 1.1773
498900 2.539326e-01 1.252
498900 2.539326e-01 1.252
548790 2.750178e-01 1.31527
598680 2.951775e-01 1.36797
648570 3.144243e-01 1.41103
698460 3.327794e-01 1.4454
748350 3.502705e-01 1.47207
798240 3.669297e-01 1.492
848130 3.827924e-01 1.50597
898020 3.978956e-01 1.51487
947910 4.122772e-01 1.51937
997800 4.259750e-01 1.5201
1047690 4.390263e-01 1.5177
1097580 4.514673e-01 1.5126
1147470 4.633329e-01 1.50527
1197360 4.746565e-01 1.4961
1247250 4.854699e-01 1.4854
1297140 4.958030e-01 1.47347
1347030 5.056842e-01 1.46057
1.39692e+06 5.151403e-01 1.44683
1446810 5.241961e-01 1.43253
1496700 5.328751e-01 1.41773
1546590 5.411993e-01 1.4026
1596480 5.491891e-01 1.38727
1646370 5.568635e-01 1.3718
1.69626e+06 5.642406e-01 1.35627
1746150 5.713369e-01 1.34073
1796040 5.781680e-01 1.32523
1845930 5.847485e-01 1.30983
1895820 5.910918e-01 1.2946
1945710 5.972106e-01 1.27953
1995600 6.031168e-01 1.26463
2.04549e+06 6.088213e-01 1.25
2095380 6.143347e-01 1.2355
2145270 6.196664e-01 1.2213
2195160 6.248256e-01 1.20733
2245050 6.298208e-01 1.1936
2294940 6.346599e-01 1.1801
2344830 6.393503e-01 1.1669
2394720 6.438991e-01 1.15393
2444610 6.483128e-01 1.14123
2494500 6.525977e-01 1.1288
2544390 6.567595e-01 1.1166
2594280 6.608037e-01 1.10463
2644170 6.647355e-01 1.09293
2694060 6.685597e-01 1.08147
2743950 6.722809e-01 1.07027
2.79384e+06 6.759035e-01 1.05927
2.84373e+06 6.794316e-01 1.04847
2893620 6.828689e-01 1.03797
2943510 6.862192e-01 1.02763
2993400 6.894859e-01 1.01753
3043290 6.926723e-01 1.00763
3093180 6.957816e-01 0.997899
3143070 6.988165e-01 0.988432
3192960 7.017801e-01 0.979132
3242850 7.046749e-01 0.969999
3292740 7.075034e-01 0.961066
3342630 7.102680e-01 0.952332
3.39252e+06 7.129711e-01 0.943732
3.44241e+06 7.156148e-01 0.935332
3492300 7.182011e-01 0.927099
3542190 7.207321e-01 0.918999
3592080 7.232097e-01 0.911032
3641970 7.256355e-01 0.903266
3691860 7.280114e-01 0.895632
3741750 7.303390e-01 0.888132
3791640 7.326198e-01 0.880799
3841530 7.348554e-01 0.873566
3891420 7.370471e-01 0.866499
3941310 7.391964e-01 0.859532
3991200 7.413045e-01 0.852732
4.04109e+06 7.433727e-01 0.846032
4.09098e+06 7.454023e-01 0.839432
4140870 7.473943e-01 0.832966
4190760 7.493499e-01 0.826599
4240650 7.512702e-01 0.820333
4290540 7.531561e-01 0.814199
4340430 7.550087e-01 0.808166
4390320 7.568289e-01 0.802233
4440210 7.586175e-01 0.796399
4490100 7.603756e-01 0.790633
4539990 7.621038e-01 0.784999
4589880 7.638031e-01 0.779433
4639770 7.654741e-01 0.773999
4689660 7.671177e-01 0.768599
4739550 7.687346e-01 0.763299
4789440 7.703254e-01 0.758099
4839330 7.718909e-01 0.752966
4889220 7.734317e-01 0.747899
4939110 7.749483e-01 0.742933
4989000 7.764415e-01 0.738033
5038890 7.779117e-01 0.733233
5088780 7.793596e-01 0.728466
5138670 7.807857e-01 0.723799
5188560 7.821906e-01 0.719166
5238450 7.835746e-01 0.714633
5288340 7.849384e-01 0.710166
5338230 7.862824e-01 0.705733
5388120 7.876071e-01 0.701366
5438010 7.889128e-01 0.697099
5487900 7.902001e-01 0.692833
5.53779e+06 7.914694e-01 0.688666
5.58768e+06 7.927210e-01 0.684533
5.63757e+06 7.939553e-01 0.680499
5.68746e+06 7.951728e-01 0.676499
5737350 7.963738e-01 0.672533
5787240 7.975587e-01 0.668599
5837130 7.987277e-01 0.664799
5887020 7.998813e-01 0.660999
5936910 8.010198e-01 0.657233
5986800 8.021435e-01 0.653499
6036690 8.032526e-01 0.649866
6086580 8.043476e-01 0.646266
6136470 8.054286e-01 0.642699
6186360 8.064960e-01 0.639199
6236250 8.075501e-01 0.635699
6286140 8.085910e-01 0.632299
6336030 8.096192e-01 0.628899
6385920 8.106347e-01 0.625566
6435810 8.116380e-01 0.622233
6485700 8.126291e-01 0.618966
6535590 8.136084e-01 0.615733
6585480 8.145760e-01 0.612566
6635370 8.155323e-01 0.609399
6685260 8.164773e-01 0.606266
6735150 8.174113e-01 0.603233
6.78504e+06 8.183346e-01 0.600166
6.83493e+06 8.192473e-01 0.597166
6.88482e+06 8.201496e-01 0.594166
6.93471e+06 8.210417e-01 0.591233
6984600 8.219238e-01 0.588333
7034490 8.227960e-01 0.585466
7084380 8.236586e-01 0.582599
7134270 8.245117e-01 0.579799
7184160 8.253555e-01 0.576999
7234050 8.261901e-01 0.574233
7283940 8.270157e-01 0.571499
7333830 8.278324e-01 0.568833
7383720 8.286405e-01 0.566166
7433610 8.294400e-01 0.563499
7483500 8.302311e-01 0.560899
7533390 8.310139e-01 0.558333
7583280 8.317886e-01 0.555766
7633170 8.325553e-01 0.553233
7683060 8.333141e-01 0.550766
7732950 8.340653e-01 0.548266
7782840 8.348088e-01 0.545799
7832730 8.355448e-01 0.543399
7882620 8.362735e-01 0.540966
7932510 8.369949e-01 0.538599
7982400 8.377091e-01 0.536266
8.03229e+06 8.384164e-01 0.533899
8.08218e+06 8.391168e-01 0.531566
8.13207e+06 8.398103e-01 0.529299
8.18196e+06 8.404971e-01 0.527066
8231850 8.411774e-01 0.524799
8281740 8.418512e-01 0.522566
8331630 8.425185e-01 0.520366
8381520 8.431796e-01 0.518199
8431410 8.438344e-01 0.516033
8481300 8.444832e-01 0.513866
8531190 8.451259e-01 0.511766
8581080 8.457627e-01 0.509666
8630970 8.463937e-01 0.507566
8680860 8.470188e-01 0.505533
8730750 8.476383e-01 0.503499
8780640 8.482523e-01 0.501433
8830530 8.488607e-01 0.499433
8880420 8.494636e-01 0.497466
8930310 8.500612e-01 0.4955
8980200 8.506536e-01 0.4935
9030090 8.512407e-01 0.491566
9079980 8.518226e-01 0.489666
9129870 8.523996e-01 0.487733
9179760 8.529715e-01 0.485866
9229650 8.535385e-01 0.484
9279540 8.541006e-01 0.482133
9329430 8.546579e-01 0.4803
9379320 8.552105e-01 0.4785
9429210 8.557585e-01 0.476666
9479100 8.563018e-01 0.4749
9528990 8.568406e-01 0.4731
9578880 8.573750e-01 0.471333
9628770 8.579049e-01 0.469566
9678660 8.584304e-01 0.467833
9728550 8.589516e-01 0.466133
9778440 8.594686e-01 0.464433
9828330 8.599814e-01 0.462733
9878220 8.604900e-01 0.461066
9928110 8.609946e-01 0.459366
9978000 8.614951e-01 0.457733
1.00279e+07 8.619916e-01 0.4561
10077780 8.624842e-01 0.454466
1.01277e+07 8.629729e-01 0.452866
10177560 8.634578e-01 0.451233
10227450 8.639389e-01 0.449633
10277340 8.644162e-01 0.4481
10327230 8.648898e-01 0.446533
10377120 8.653598e-01 0.444966
10427010 8.658262e-01 0.443433
10476900 8.662890e-01 0.4419
10526790 8.667483e-01 0.4404
10576680 8.672041e-01 0.4389
10626570 8.676565e-01 0.4374
10676460 8.681055e-01 0.4359
10726350 8.685511e-01 0.434433
10776240 8.689934e-01 0.433
10826130 8.694325e-01 0.431533
10876020 8.698683e-01 0.430066
10925910 8.703009e-01 0.428666
10975800 8.707303e-01 0.427233
11025690 8.711566e-01 0.425833
1.10756e+07 8.715798e-01 0.424433
11125470 8.720000e-01 0.423066
1.11754e+07 8.724171e-01 0.4217
11225250 8.728313e-01 0.4203
1.12751e+07 8.732425e-01 0.418933
11325030 8.736508e-01 0.4176
1.13749e+07 8.740562e-01 0.416266
11424810 8.744587e-01 0.414933
11474700 8.748584e-01 0.413633
11524590 8.752554e-01 0.4123
11574480 8.756495e-01 0.411
11624370 8.760410e-01 0.4097
11674260 8.764297e-01 0.408433
11724150 8.768158e-01 0.407133
11774040 8.771992e-01 0.4059
11823930 8.775800e-01 0.404633
11873820 8.779582e-01 0.4034
11923710 8.783339e-01 0.402133
11973600 8.787070e-01 0.4009
12023490 8.790777e-01 0.399666
12073380 8.794458e-01 0.398466
12123270 8.798115e-01 0.397266
12173160 8.801748e-01 0.396066
12223050 8.805357e-01 0.394866
12272940 8.808942e-01 0.393666
1.23228e+07 8.812503e-01 0.3925
12372720 8.816041e-01 0.391366
1.24226e+07 8.819556e-01 0.3902
12472500 8.823049e-01 0.389033
1.25224e+07 8.826519e-01 0.387866
12572280 8.829966e-01 0.386766
1.26222e+07 8.833392e-01 0.3856
12672060 8.836795e-01 0.3845
12721950 8.840177e-01 0.383366
12771840 8.843538e-01 0.382266
12821730 8.846877e-01 0.381166
12871620 8.850195e-01 0.380066
12921510 8.853492e-01 0.379
12971400 8.856769e-01 0.3779
13021290 8.860026e-01 0.3768
13071180 8.863262e-01 0.375733
13121070 8.866478e-01 0.3747
13170960 8.869674e-01 0.373633
13220850 8.872851e-01 0.3726
13270740 8.876008e-01 0.371566
13320630 8.879146e-01 0.370533
13370520 8.882265e-01 0.3695
13420410 8.885366e-01 0.368433
13470300 8.888447e-01 0.367433
13520190 8.891510e-01 0.366433
1.35701e+07 8.894555e-01 0.3654
13619970 8.897581e-01 0.364433
1.36699e+07 8.900589e-01 0.363433
13719750 8.903580e-01 0.362433
1.37696e+07 8.906553e-01 0.361466
13819530 8.909508e-01 0.3605
1.38694e+07 8.912446e-01 0.359533
13919310 8.915367e-01 0.358566
13969200 8.918271e-01 0.3576
14019090 8.921158e-01 0.356633
14068980 8.924028e-01 0.3557
14118870 8.926882e-01 0.354733
14168760 8.929719e-01 0.353833
14218650 8.932540e-01 0.3529
14268540 8.935345e-01 0.351966
14318430 8.938134e-01 0.351033
14368320 8.940907e-01 0.350133
14418210 8.943665e-01 0.3492
14468100 8.946407e-01 0.3483
14517990 8.949133e-01 0.3474
14567880 8.951844e-01 0.3465
14617770 8.954540e-01 0.345633
14667660 8.957221e-01 0.344733
14717550 8.959887e-01 0.343866
14767440 8.962539e-01 0.342966
1.48173e+07 8.965176e-01 0.3421
14867220 8.967798e-01 0.341233
1.49171e+07 8.970406e-01 0.340366
14967000 8.972999e-01 0.339533
1.50169e+07 8.975579e-01 0.338666
15066780 8.978145e-01 0.3378
1.51167e+07 8.980696e-01 0.336966
15166560 8.983234e-01 0.336133
15216450 8.985758e-01 0.3353
15266340 8.988269e-01 0.334466
15316230 8.990766e-01 0.333666
15366120 8.993250e-01 0.332833
15416010 8.995721e-01 0.332
15465900 8.998178e-01 0.331233
15515790 9.000623e-01 0.3304
15565680 9.003055e-01 0.3296
15615570 9.005474e-01 0.3288
15665460 9.007880e-01 0.328
15715350 9.010274e-01 0.3272
15765240 9.012655e-01 0.326433
15815130 9.015024e-01 0.325666
15865020 9.017381e-01 0.324866
15914910 9.019726e-01 0.324066
15964800 9.022058e-01 0.323333
16014690 9.024379e-01 0.322533
1.60646e+07 9.026687e-01 0.3218
16114470 9.028984e-01 0.321033
1.61644e+07 9.031270e-01 0.320266
16214250 9.033543e-01 0.319533
1.62641e+07 9.035805e-01 0.3188
16314030 9.038056e-01 0.318033
1.63639e+07 9.040296e-01 0.3173
16413810 9.042524e-01 0.316566
16463700 9.044741e-01 0.315833
16513590 9.046947e-01 0.3151
16563480 9.049142e-01 0.314366
16613370 9.051326e-01 0.313666
16663260 9.053500e-01 0.312933
16713150 9.055663e-01 0.3122
16763040 9.057815e-01 0.3115
16812930 9.059956e-01 0.3108
16862820 9.062087e-01 0.3101
16912710 9.064208e-01 0.3094
16962600 9.066318e-01 0.3087
17012490 9.068418e-01 0.308033
17062380 9.070508e-01 0.307333
17112270 9.072588e-01 0.306633
17162160 9.074658e-01 0.305966
17212050 9.076718e-01 0.305266
17261940 9.078768e-01 0.3046
17311830 9.080809e-01 0.3039
17361720 9.082840e-01 0.303233
17411610 9.084861e-01 0.302566
17461500 9.086872e-01 0.301933
17511390 9.088874e-01 0.301266
17561280 9.090867e-01 0.3006
17611170 9.092850e-01 0.299933
17661060 9.094824e-01 0.2993
17710950 9.096789e-01 0.298633
17760840 9.098744e-01 0.298
17810730 9.100691e-01 0.297333
17860620 9.102628e-01 0.296733
17910510 9.104557e-01 0.296066
17960400 9.106477e-01 0.295433
18010290 9.108387e-01 0.294833
18060180 9.110290e-01 0.294166
18110070 9.112183e-01 0.293566
18159960 9.114068e-01 0.292933
18209850 9.115944e-01 0.2923
18259740 9.117812e-01 0.2917
18309630 9.119671e-01 0.291066
18359520 9.121522e-01 0.290466
18409410 9.123364e-01 0.289866
18459300 9.125199e-01 0.289233
18509190 9.127025e-01 0.288633
18559080 9.128842e-01 0.288066
18608970 9.130652e-01 0.287466
18658860 9.132454e-01 0.286866
18708750 9.134248e-01 0.286266
18758640 9.136033e-01 0.2857
18808530 9.137811e-01 0.2851
18858420 9.139581e-01 0.284533
18908310 9.141344e-01 0.283933
18958200 9.143098e-01 0.283366
19008090 9.144845e-01 0.2828
19057980 9.146585e-01 0.2822
19107870 9.148316e-01 0.281633
19157760 9.150041e-01 0.281033
19207650 9.151758e-01 0.280466
19257540 9.153467e-01 0.279933
19307430 9.155169e-01 0.279366
19357320 9.156864e-01 0.2788
19407210 9.158551e-01 0.278233
19457100 9.160231e-01 0.2777
19506990 9.161904e-01 0.277166
19556880 9.163570e-01 0.2766
19606770 9.165229e-01 0.276033
19656660 9.166881e-01 0.2755
19706550 9.168526e-01 0.274966
19756440 9.170164e-01 0.2744
19806330 9.171795e-01 0.273866
19856220 9.173419e-01 0.273333
19906110 9.175037e-01 0.2728
19956000 9.176647e-01 0.272266