#Pression capillaire (model Van Genuchten)
#p_c(1) s_w(2)
0.000000e+00 1.000000e+00
5.000000e+05 9.998476e-01
1.000000e+06 9.994489e-01
1.500000e+06 9.988315e-01
2.000000e+06 9.980096e-01
2.500000e+06 9.969933e-01
3.000000e+06 9.957907e-01
3.500000e+06 9.944089e-01
4.000000e+06 9.928544e-01
4.500000e+06 9.911330e-01
5.000000e+06 9.892505e-01
5.500000e+06 9.872125e-01
6.000000e+06 9.850244e-01
6.500000e+06 9.826914e-01
7.000000e+06 9.802188e-01
7.500000e+06 9.776117e-01
8.000000e+06 9.748753e-01
8.500000e+06 9.720146e-01
9.000000e+06 9.690347e-01
9.500000e+06 9.659404e-01
1.000000e+07 9.627369e-01
1.050000e+07 9.594288e-01
1.100000e+07 9.560212e-01
1.150000e+07 9.525186e-01
1.200000e+07 9.489259e-01
1.250000e+07 9.452477e-01
1.300000e+07 9.414885e-01
1.350000e+07 9.376528e-01
1.400000e+07 9.337450e-01
1.450000e+07 9.297694e-01
1.500000e+07 9.257303e-01
1.550000e+07 9.216318e-01
1.600000e+07 9.174779e-01
1.650000e+07 9.132725e-01
1.700000e+07 9.090194e-01
1.750000e+07 9.047225e-01
1.800000e+07 9.003852e-01
1.850000e+07 8.960111e-01
1.900000e+07 8.916037e-01
1.950000e+07 8.871661e-01
2.000000e+07 8.827016e-01
2.050000e+07 8.782133e-01
2.100000e+07 8.737040e-01
2.150000e+07 8.691767e-01
2.200000e+07 8.646342e-01
2.250000e+07 8.600789e-01
2.300000e+07 8.555135e-01
2.350000e+07 8.509405e-01
2.400000e+07 8.463620e-01
2.450000e+07 8.417804e-01
2.500000e+07 8.371979e-01
2.550000e+07 8.326163e-01
2.600000e+07 8.280377e-01
2.650000e+07 8.234639e-01
2.700000e+07 8.188967e-01
2.750000e+07 8.143377e-01
2.800000e+07 8.097885e-01
2.850000e+07 8.052507e-01
2.900000e+07 8.007256e-01
2.950000e+07 7.962146e-01
3.000000e+07 7.917190e-01
3.050000e+07 7.872399e-01
3.100000e+07 7.827786e-01
3.150000e+07 7.783360e-01
3.200000e+07 7.739132e-01
3.250000e+07 7.695111e-01
3.300000e+07 7.651306e-01
3.350000e+07 7.607724e-01
3.400000e+07 7.564375e-01
3.450000e+07 7.521263e-01
3.500000e+07 7.478398e-01
3.550000e+07 7.435783e-01
3.600000e+07 7.393425e-01
3.650000e+07 7.351330e-01
3.700000e+07 7.309502e-01
3.750000e+07 7.267944e-01
3.800000e+07 7.226662e-01
3.850000e+07 7.185659e-01
3.900000e+07 7.144938e-01
3.950000e+07 7.104502e-01
4.000000e+07 7.064353e-01
4.050000e+07 7.024494e-01
4.100000e+07 6.984927e-01
4.150000e+07 6.945653e-01
4.200000e+07 6.906674e-01
4.250000e+07 6.867991e-01
4.300000e+07 6.829605e-01
4.350000e+07 6.791517e-01
4.400000e+07 6.753727e-01
4.450000e+07 6.716235e-01
4.500000e+07 6.679043e-01
4.550000e+07 6.642149e-01
4.600000e+07 6.605553e-01
4.650000e+07 6.569256e-01
4.700000e+07 6.533256e-01
4.750000e+07 6.497553e-01
4.800000e+07 6.462146e-01
4.850000e+07 6.427034e-01
4.900000e+07 6.392217e-01
4.950000e+07 6.357692e-01
5.000000e+07 6.323460e-01
5.050000e+07 6.289517e-01
5.100000e+07 6.255864e-01
5.150000e+07 6.222498e-01
5.200000e+07 6.189419e-01
5.250000e+07 6.156623e-01
5.300000e+07 6.124110e-01
5.350000e+07 6.091878e-01
5.400000e+07 6.059925e-01
5.450000e+07 6.028249e-01
5.500000e+07 5.996848e-01
5.550000e+07 5.965720e-01
5.600000e+07 5.934863e-01
5.650000e+07 5.904276e-01
5.700000e+07 5.873955e-01
5.750000e+07 5.843900e-01
5.800000e+07 5.814107e-01
5.850000e+07 5.784575e-01
5.900000e+07 5.755301e-01
5.950000e+07 5.726283e-01
6.000000e+07 5.697520e-01
6.050000e+07 5.669008e-01
6.100000e+07 5.640746e-01
6.150000e+07 5.612731e-01
6.200000e+07 5.584961e-01
6.250000e+07 5.557434e-01
6.300000e+07 5.530148e-01
6.350000e+07 5.503100e-01
6.400000e+07 5.476288e-01
6.450000e+07 5.449710e-01
6.500000e+07 5.423363e-01
6.550000e+07 5.397246e-01
6.600000e+07 5.371356e-01
6.650000e+07 5.345690e-01
6.700000e+07 5.320247e-01
6.750000e+07 5.295025e-01
6.800000e+07 5.270021e-01
6.850000e+07 5.245232e-01
6.900000e+07 5.220658e-01
6.950000e+07 5.196295e-01
7.000000e+07 5.172141e-01
7.050000e+07 5.148195e-01
7.100000e+07 5.124454e-01
7.150000e+07 5.100916e-01
7.200000e+07 5.077579e-01
7.250000e+07 5.054440e-01
7.300000e+07 5.031499e-01
7.350000e+07 5.008752e-01
7.400000e+07 4.986198e-01
7.450000e+07 4.963834e-01
7.500000e+07 4.941659e-01
7.550000e+07 4.919671e-01
7.600000e+07 4.897867e-01
7.650000e+07 4.876246e-01
7.700000e+07 4.854806e-01
7.750000e+07 4.833545e-01
7.800000e+07 4.812460e-01
7.850000e+07 4.791551e-01
7.900000e+07 4.770815e-01
7.950000e+07 4.750250e-01
8.000000e+07 4.729855e-01
8.050000e+07 4.709627e-01
8.100000e+07 4.689565e-01
8.150000e+07 4.669668e-01
8.200000e+07 4.649933e-01
8.250000e+07 4.630358e-01
8.300000e+07 4.610942e-01
8.350000e+07 4.591684e-01
8.400000e+07 4.572581e-01
8.450000e+07 4.553632e-01
8.500000e+07 4.534836e-01
8.550000e+07 4.516190e-01
8.600000e+07 4.497693e-01
8.650000e+07 4.479343e-01
8.700000e+07 4.461139e-01
8.750000e+07 4.443080e-01
8.800000e+07 4.425163e-01
8.850000e+07 4.407388e-01
8.900000e+07 4.389752e-01
8.950000e+07 4.372255e-01
9.000000e+07 4.354894e-01
9.050000e+07 4.337669e-01
9.100000e+07 4.320577e-01
9.150000e+07 4.303618e-01
9.200000e+07 4.286791e-01
9.250000e+07 4.270093e-01
9.300000e+07 4.253523e-01
9.350000e+07 4.237080e-01
9.400000e+07 4.220763e-01
9.450000e+07 4.204570e-01
9.500000e+07 4.188501e-01
9.550000e+07 4.172553e-01
9.600000e+07 4.156725e-01
9.650000e+07 4.141017e-01
9.700000e+07 4.125427e-01
9.750000e+07 4.109953e-01
9.800000e+07 4.094595e-01
9.850000e+07 4.079351e-01
9.900000e+07 4.064221e-01
9.950000e+07 4.049202e-01
1.000000e+08 4.034295e-01
1.005000e+08 4.019497e-01
1.010000e+08 4.004807e-01
1.015000e+08 3.990225e-01
1.020000e+08 3.975750e-01
1.025000e+08 3.961379e-01
1.030000e+08 3.947113e-01
1.035000e+08 3.932950e-01
1.040000e+08 3.918889e-01
1.045000e+08 3.904930e-01
1.050000e+08 3.891070e-01
1.055000e+08 3.877309e-01
1.060000e+08 3.863646e-01
1.065000e+08 3.850080e-01
1.070000e+08 3.836611e-01
1.075000e+08 3.823236e-01
1.080000e+08 3.809955e-01
1.085000e+08 3.796768e-01
1.090000e+08 3.783673e-01
1.095000e+08 3.770669e-01
1.100000e+08 3.757756e-01
1.105000e+08 3.744933e-01
1.110000e+08 3.732198e-01
1.115000e+08 3.719551e-01
1.120000e+08 3.706990e-01
1.125000e+08 3.694516e-01
1.130000e+08 3.682127e-01
1.135000e+08 3.669823e-01
1.140000e+08 3.657602e-01
1.145000e+08 3.645464e-01
1.150000e+08 3.633408e-01
1.155000e+08 3.621433e-01
1.160000e+08 3.609538e-01
1.165000e+08 3.597723e-01
1.170000e+08 3.585987e-01
1.175000e+08 3.574330e-01
1.180000e+08 3.562749e-01
1.185000e+08 3.551245e-01
1.190000e+08 3.539817e-01
1.195000e+08 3.528464e-01
1.200000e+08 3.517185e-01
1.205000e+08 3.505981e-01
1.210000e+08 3.494849e-01
1.215000e+08 3.483790e-01
1.220000e+08 3.472802e-01
1.225000e+08 3.461886e-01
1.230000e+08 3.451039e-01
1.235000e+08 3.440263e-01
1.240000e+08 3.429555e-01
1.245000e+08 3.418916e-01
1.250000e+08 3.408345e-01
1.255000e+08 3.397841e-01
1.260000e+08 3.387403e-01
1.265000e+08 3.377032e-01
1.270000e+08 3.366725e-01
1.275000e+08 3.356484e-01
1.280000e+08 3.346306e-01
1.285000e+08 3.336192e-01
1.290000e+08 3.326141e-01
1.295000e+08 3.316152e-01
1.300000e+08 3.306226e-01
1.305000e+08 3.296360e-01
1.310000e+08 3.286555e-01
1.315000e+08 3.276811e-01
1.320000e+08 3.267126e-01
1.325000e+08 3.257500e-01
1.330000e+08 3.247933e-01
1.335000e+08 3.238423e-01
1.340000e+08 3.228972e-01
1.345000e+08 3.219577e-01
1.350000e+08 3.210239e-01
1.355000e+08 3.200957e-01
1.360000e+08 3.191730e-01
1.365000e+08 3.182559e-01
1.370000e+08 3.173442e-01
1.375000e+08 3.164379e-01
1.380000e+08 3.155370e-01
1.385000e+08 3.146414e-01
1.390000e+08 3.137510e-01
1.395000e+08 3.128659e-01
1.400000e+08 3.119860e-01
1.405000e+08 3.111112e-01
1.410000e+08 3.102415e-01
1.415000e+08 3.093769e-01
1.420000e+08 3.085172e-01
1.425000e+08 3.076625e-01
1.430000e+08 3.068128e-01
1.435000e+08 3.059679e-01
1.440000e+08 3.051279e-01
1.445000e+08 3.042926e-01
1.450000e+08 3.034621e-01
1.455000e+08 3.026363e-01
1.460000e+08 3.018152e-01
1.465000e+08 3.009988e-01
1.470000e+08 3.001869e-01
1.475000e+08 2.993796e-01
1.480000e+08 2.985768e-01
1.485000e+08 2.977785e-01
1.490000e+08 2.969847e-01
1.495000e+08 2.961952e-01
1.500000e+08 2.954102e-01
1.505000e+08 2.946295e-01
1.510000e+08 2.938531e-01
1.515000e+08 2.930809e-01
1.520000e+08 2.923130e-01
1.525000e+08 2.915493e-01
1.530000e+08 2.907898e-01
1.535000e+08 2.900343e-01
1.540000e+08 2.892830e-01
1.545000e+08 2.885358e-01
1.550000e+08 2.877926e-01
1.555000e+08 2.870534e-01
1.560000e+08 2.863181e-01
1.565000e+08 2.855869e-01
1.570000e+08 2.848595e-01
1.575000e+08 2.841359e-01
1.580000e+08 2.834163e-01
1.585000e+08 2.827004e-01
1.590000e+08 2.819884e-01
1.595000e+08 2.812801e-01
1.600000e+08 2.805755e-01
1.605000e+08 2.798746e-01
1.610000e+08 2.791774e-01
1.615000e+08 2.784838e-01
1.620000e+08 2.777938e-01
1.625000e+08 2.771074e-01
1.630000e+08 2.764246e-01
1.635000e+08 2.757453e-01
1.640000e+08 2.750695e-01
1.645000e+08 2.743972e-01
1.650000e+08 2.737283e-01
1.655000e+08 2.730628e-01
1.660000e+08 2.724008e-01
1.665000e+08 2.717421e-01
1.670000e+08 2.710868e-01
1.675000e+08 2.704347e-01
1.680000e+08 2.697860e-01
1.685000e+08 2.691405e-01
1.690000e+08 2.684983e-01
1.695000e+08 2.678593e-01
1.700000e+08 2.672235e-01
1.705000e+08 2.665909e-01
1.710000e+08 2.659614e-01
1.715000e+08 2.653351e-01
1.720000e+08 2.647118e-01
1.725000e+08 2.640916e-01
1.730000e+08 2.634745e-01
1.735000e+08 2.628605e-01
1.740000e+08 2.622494e-01
1.745000e+08 2.616413e-01
1.750000e+08 2.610362e-01
1.755000e+08 2.604340e-01
1.760000e+08 2.598348e-01
1.765000e+08 2.592385e-01
1.770000e+08 2.586450e-01
1.775000e+08 2.580544e-01
1.780000e+08 2.574667e-01
1.785000e+08 2.568818e-01
1.790000e+08 2.562996e-01
1.795000e+08 2.557203e-01
1.800000e+08 2.551437e-01
1.805000e+08 2.545699e-01
1.810000e+08 2.539987e-01
1.815000e+08 2.534303e-01
1.820000e+08 2.528646e-01
1.825000e+08 2.523015e-01
1.830000e+08 2.517411e-01
1.835000e+08 2.511833e-01
1.840000e+08 2.506281e-01
1.845000e+08 2.500755e-01
1.850000e+08 2.495255e-01
1.855000e+08 2.489780e-01
1.860000e+08 2.484331e-01
1.865000e+08 2.478907e-01
1.870000e+08 2.473507e-01
1.875000e+08 2.468133e-01
1.880000e+08 2.462783e-01
1.885000e+08 2.457458e-01
1.890000e+08 2.452158e-01
1.895000e+08 2.446881e-01
1.900000e+08 2.441628e-01
1.905000e+08 2.436399e-01
1.910000e+08 2.431194e-01
1.915000e+08 2.426013e-01
1.920000e+08 2.420854e-01
1.925000e+08 2.415719e-01
1.930000e+08 2.410607e-01
1.935000e+08 2.405518e-01
1.940000e+08 2.400452e-01
1.945000e+08 2.395408e-01
1.950000e+08 2.390387e-01
1.955000e+08 2.385387e-01
1.960000e+08 2.380410e-01
1.965000e+08 2.375455e-01
1.970000e+08 2.370522e-01
1.975000e+08 2.365611e-01
1.980000e+08 2.360721e-01
1.985000e+08 2.355852e-01
1.990000e+08 2.351005e-01
1.995000e+08 2.346179e-01
2.000000e+08 2.341374e-01
