#Modele Mualem-liq_pc
#p_c(1) k_rl(2)
0.000000e+00 1.000000e+00
5.000000e+05 9.509137e-01
1.000000e+06 9.119917e-01
1.500000e+06 8.765777e-01
2.000000e+06 8.434958e-01
2.500000e+06 8.122122e-01
3.000000e+06 7.824219e-01
3.500000e+06 7.539308e-01
4.000000e+06 7.266048e-01
4.500000e+06 7.003408e-01
5.000000e+06 6.750637e-01
5.500000e+06 6.507130e-01
6.000000e+06 6.272383e-01
6.500000e+06 6.045962e-01
7.000000e+06 5.827505e-01
7.500000e+06 5.616685e-01
8.000000e+06 5.413217e-01
8.500000e+06 5.216832e-01
9.000000e+06 5.027291e-01
9.500000e+06 4.844356e-01
1.000000e+07 4.667828e-01
1.050000e+07 4.497487e-01
1.100000e+07 4.333152e-01
1.150000e+07 4.174625e-01
1.200000e+07 4.021732e-01
1.250000e+07 3.874298e-01
1.300000e+07 3.732149e-01
1.350000e+07 3.595121e-01
1.400000e+07 3.463052e-01
1.450000e+07 3.335785e-01
1.500000e+07 3.213169e-01
1.550000e+07 3.095052e-01
1.600000e+07 2.981286e-01
1.650000e+07 2.871728e-01
1.700000e+07 2.766237e-01
1.750000e+07 2.664680e-01
1.800000e+07 2.566919e-01
1.850000e+07 2.472826e-01
1.900000e+07 2.382276e-01
1.950000e+07 2.295142e-01
2.000000e+07 2.211304e-01
2.050000e+07 2.130648e-01
2.100000e+07 2.053055e-01
2.150000e+07 1.978418e-01
2.200000e+07 1.906629e-01
2.250000e+07 1.837580e-01
2.300000e+07 1.771174e-01
2.350000e+07 1.707311e-01
2.400000e+07 1.645894e-01
2.450000e+07 1.586834e-01
2.500000e+07 1.530041e-01
2.550000e+07 1.475426e-01
2.600000e+07 1.422909e-01
2.650000e+07 1.372408e-01
2.700000e+07 1.323845e-01
2.750000e+07 1.277145e-01
2.800000e+07 1.232236e-01
2.850000e+07 1.189048e-01
2.900000e+07 1.147514e-01
2.950000e+07 1.107568e-01
3.000000e+07 1.069148e-01
3.050000e+07 1.032194e-01
3.100000e+07 9.966490e-02
3.150000e+07 9.624555e-02
3.200000e+07 9.295612e-02
3.250000e+07 8.979140e-02
3.300000e+07 8.674646e-02
3.350000e+07 8.381646e-02
3.400000e+07 8.099697e-02
3.450000e+07 7.828341e-02
3.500000e+07 7.567176e-02
3.550000e+07 7.315778e-02
3.600000e+07 7.073766e-02
3.650000e+07 6.840770e-02
3.700000e+07 6.616428e-02
3.750000e+07 6.400388e-02
3.800000e+07 6.192329e-02
3.850000e+07 5.991934e-02
3.900000e+07 5.798895e-02
3.950000e+07 5.612921e-02
4.000000e+07 5.433731e-02
4.050000e+07 5.261059e-02
4.100000e+07 5.094648e-02
4.150000e+07 4.934248e-02
4.200000e+07 4.779624e-02
4.250000e+07 4.630549e-02
4.300000e+07 4.486805e-02
4.350000e+07 4.348184e-02
4.400000e+07 4.214485e-02
4.450000e+07 4.085514e-02
4.500000e+07 3.961094e-02
4.550000e+07 3.841041e-02
4.600000e+07 3.725188e-02
4.650000e+07 3.613375e-02
4.700000e+07 3.505444e-02
4.750000e+07 3.401246e-02
4.800000e+07 3.300637e-02
4.850000e+07 3.203482e-02
4.900000e+07 3.109649e-02
4.950000e+07 3.019009e-02
5.000000e+07 2.931446e-02
5.050000e+07 2.846837e-02
5.100000e+07 2.765077e-02
5.150000e+07 2.686054e-02
5.200000e+07 2.609671e-02
5.250000e+07 2.535822e-02
5.300000e+07 2.464419e-02
5.350000e+07 2.395368e-02
5.400000e+07 2.328584e-02
5.450000e+07 2.263982e-02
5.500000e+07 2.201482e-02
5.550000e+07 2.141007e-02
5.600000e+07 2.082483e-02
5.650000e+07 2.025841e-02
5.700000e+07 1.971009e-02
5.750000e+07 1.917926e-02
5.800000e+07 1.866526e-02
5.850000e+07 1.816750e-02
5.900000e+07 1.768538e-02
5.950000e+07 1.721836e-02
6.000000e+07 1.676592e-02
6.050000e+07 1.632751e-02
6.100000e+07 1.590265e-02
6.150000e+07 1.549088e-02
6.200000e+07 1.509171e-02
6.250000e+07 1.470473e-02
6.300000e+07 1.432952e-02
6.350000e+07 1.396565e-02
6.400000e+07 1.361274e-02
6.450000e+07 1.327041e-02
6.500000e+07 1.293830e-02
6.550000e+07 1.261607e-02
6.600000e+07 1.230337e-02
6.650000e+07 1.199989e-02
6.700000e+07 1.170531e-02
6.750000e+07 1.141935e-02
6.800000e+07 1.114170e-02
6.850000e+07 1.087209e-02
6.900000e+07 1.061026e-02
6.950000e+07 1.035595e-02
7.000000e+07 1.010890e-02
7.050000e+07 9.868889e-03
7.100000e+07 9.635683e-03
7.150000e+07 9.409057e-03
7.200000e+07 9.188801e-03
7.250000e+07 8.974699e-03
7.300000e+07 8.766574e-03
7.350000e+07 8.564216e-03
7.400000e+07 8.367451e-03
7.450000e+07 8.176091e-03
7.500000e+07 7.989976e-03
7.550000e+07 7.808939e-03
7.600000e+07 7.632812e-03
7.650000e+07 7.461449e-03
7.700000e+07 7.294702e-03
7.750000e+07 7.132427e-03
7.800000e+07 6.974476e-03
7.850000e+07 6.820731e-03
7.900000e+07 6.671054e-03
7.950000e+07 6.525320e-03
8.000000e+07 6.383415e-03
8.050000e+07 6.245214e-03
8.100000e+07 6.110611e-03
8.150000e+07 5.979502e-03
8.200000e+07 5.851775e-03
8.250000e+07 5.727327e-03
8.300000e+07 5.606065e-03
8.350000e+07 5.487899e-03
8.400000e+07 5.372729e-03
8.450000e+07 5.260471e-03
8.500000e+07 5.151044e-03
8.550000e+07 5.044358e-03
8.600000e+07 4.940335e-03
8.650000e+07 4.838897e-03
8.700000e+07 4.739972e-03
8.750000e+07 4.643491e-03
8.800000e+07 4.549376e-03
8.850000e+07 4.457567e-03
8.900000e+07 4.367992e-03
8.950000e+07 4.280594e-03
9.000000e+07 4.195306e-03
9.050000e+07 4.112073e-03
9.100000e+07 4.030832e-03
9.150000e+07 3.951534e-03
9.200000e+07 3.874126e-03
9.250000e+07 3.798548e-03
9.300000e+07 3.724753e-03
9.350000e+07 3.652692e-03
9.400000e+07 3.582320e-03
9.450000e+07 3.513587e-03
9.500000e+07 3.446455e-03
9.550000e+07 3.380873e-03
9.600000e+07 3.316801e-03
9.650000e+07 3.254203e-03
9.700000e+07 3.193036e-03
9.750000e+07 3.133259e-03
9.800000e+07 3.074841e-03
9.850000e+07 3.017742e-03
9.900000e+07 2.961931e-03
9.950000e+07 2.907369e-03
1.000000e+08 2.854030e-03
1.005000e+08 2.801876e-03
1.010000e+08 2.750877e-03
1.015000e+08 2.701005e-03
1.020000e+08 2.652234e-03
1.025000e+08 2.604527e-03
1.030000e+08 2.557865e-03
1.035000e+08 2.512218e-03
1.040000e+08 2.467560e-03
1.045000e+08 2.423870e-03
1.050000e+08 2.381116e-03
1.055000e+08 2.339278e-03
1.060000e+08 2.298334e-03
1.065000e+08 2.258262e-03
1.070000e+08 2.219041e-03
1.075000e+08 2.180645e-03
1.080000e+08 2.143057e-03
1.085000e+08 2.106260e-03
1.090000e+08 2.070230e-03
1.095000e+08 2.034949e-03
1.100000e+08 2.000401e-03
1.105000e+08 1.966568e-03
1.110000e+08 1.933430e-03
1.115000e+08 1.900972e-03
1.120000e+08 1.869175e-03
1.125000e+08 1.838029e-03
1.130000e+08 1.807513e-03
1.135000e+08 1.777616e-03
1.140000e+08 1.748321e-03
1.145000e+08 1.719613e-03
1.150000e+08 1.691481e-03
1.155000e+08 1.663909e-03
1.160000e+08 1.636883e-03
1.165000e+08 1.610394e-03
1.170000e+08 1.584427e-03
1.175000e+08 1.558973e-03
1.180000e+08 1.534015e-03
1.185000e+08 1.509545e-03
1.190000e+08 1.485551e-03
1.195000e+08 1.462022e-03
1.200000e+08 1.438946e-03
1.205000e+08 1.416318e-03
1.210000e+08 1.394122e-03
1.215000e+08 1.372351e-03
1.220000e+08 1.350994e-03
1.225000e+08 1.330045e-03
1.230000e+08 1.309489e-03
1.235000e+08 1.289324e-03
1.240000e+08 1.269536e-03
1.245000e+08 1.250120e-03
1.250000e+08 1.231067e-03
1.255000e+08 1.212369e-03
1.260000e+08 1.194017e-03
1.265000e+08 1.176005e-03
1.270000e+08 1.158324e-03
1.275000e+08 1.140969e-03
1.280000e+08 1.123931e-03
1.285000e+08 1.107204e-03
1.290000e+08 1.090781e-03
1.295000e+08 1.074656e-03
1.300000e+08 1.058824e-03
1.305000e+08 1.043275e-03
1.310000e+08 1.028005e-03
1.315000e+08 1.013010e-03
1.320000e+08 9.982820e-04
1.325000e+08 9.838154e-04
1.330000e+08 9.696058e-04
1.335000e+08 9.556458e-04
1.340000e+08 9.419337e-04
1.345000e+08 9.284608e-04
1.350000e+08 9.152244e-04
1.355000e+08 9.022189e-04
1.360000e+08 8.894388e-04
1.365000e+08 8.768815e-04
1.370000e+08 8.645405e-04
1.375000e+08 8.524119e-04
1.380000e+08 8.404921e-04
1.385000e+08 8.287761e-04
1.390000e+08 8.172592e-04
1.395000e+08 8.059392e-04
1.400000e+08 7.948115e-04
1.405000e+08 7.838715e-04
1.410000e+08 7.731160e-04
1.415000e+08 7.625419e-04
1.420000e+08 7.521437e-04
1.425000e+08 7.419196e-04
1.430000e+08 7.318668e-04
1.435000e+08 7.219799e-04
1.440000e+08 7.122574e-04
1.445000e+08 7.026942e-04
1.450000e+08 6.932889e-04
1.455000e+08 6.840377e-04
1.460000e+08 6.749380e-04
1.465000e+08 6.659873e-04
1.470000e+08 6.571812e-04
1.475000e+08 6.485181e-04
1.480000e+08 6.399948e-04
1.485000e+08 6.316091e-04
1.490000e+08 6.233585e-04
1.495000e+08 6.152390e-04
1.500000e+08 6.072504e-04
1.505000e+08 5.993886e-04
1.510000e+08 5.916516e-04
1.515000e+08 5.840364e-04
1.520000e+08 5.765421e-04
1.525000e+08 5.691657e-04
1.530000e+08 5.619054e-04
1.535000e+08 5.547575e-04
1.540000e+08 5.477221e-04
1.545000e+08 5.407964e-04
1.550000e+08 5.339779e-04
1.555000e+08 5.272649e-04
1.560000e+08 5.206548e-04
1.565000e+08 5.141479e-04
1.570000e+08 5.077398e-04
1.575000e+08 5.014291e-04
1.580000e+08 4.952159e-04
1.585000e+08 4.890963e-04
1.590000e+08 4.830705e-04
1.595000e+08 4.771354e-04
1.600000e+08 4.712896e-04
1.605000e+08 4.655318e-04
1.610000e+08 4.598606e-04
1.615000e+08 4.542739e-04
1.620000e+08 4.487704e-04
1.625000e+08 4.433490e-04
1.630000e+08 4.380083e-04
1.635000e+08 4.327464e-04
1.640000e+08 4.275622e-04
1.645000e+08 4.224544e-04
1.650000e+08 4.174213e-04
1.655000e+08 4.124616e-04
1.660000e+08 4.075751e-04
1.665000e+08 4.027592e-04
1.670000e+08 3.980137e-04
1.675000e+08 3.933359e-04
1.680000e+08 3.887265e-04
1.685000e+08 3.841830e-04
1.690000e+08 3.797051e-04
1.695000e+08 3.752912e-04
1.700000e+08 3.709404e-04
1.705000e+08 3.666517e-04
1.710000e+08 3.624237e-04
1.715000e+08 3.582561e-04
1.720000e+08 3.541468e-04
1.725000e+08 3.500955e-04
1.730000e+08 3.461015e-04
1.735000e+08 3.421639e-04
1.740000e+08 3.382806e-04
1.745000e+08 3.344516e-04
1.750000e+08 3.306761e-04
1.755000e+08 3.269527e-04
1.760000e+08 3.232814e-04
1.765000e+08 3.196607e-04
1.770000e+08 3.160893e-04
1.775000e+08 3.125673e-04
1.780000e+08 3.090939e-04
1.785000e+08 3.056678e-04
1.790000e+08 3.022878e-04
1.795000e+08 2.989545e-04
1.800000e+08 2.956661e-04
1.805000e+08 2.924225e-04
1.810000e+08 2.892220e-04
1.815000e+08 2.860651e-04
1.820000e+08 2.829507e-04
1.825000e+08 2.798776e-04
1.830000e+08 2.768459e-04
1.835000e+08 2.738545e-04
1.840000e+08 2.709028e-04
1.845000e+08 2.679903e-04
1.850000e+08 2.651165e-04
1.855000e+08 2.622803e-04
1.860000e+08 2.594818e-04
1.865000e+08 2.567200e-04
1.870000e+08 2.539938e-04
1.875000e+08 2.513038e-04
1.880000e+08 2.486485e-04
1.885000e+08 2.460280e-04
1.890000e+08 2.434419e-04
1.895000e+08 2.408886e-04
1.900000e+08 2.383683e-04
1.905000e+08 2.358806e-04
1.910000e+08 2.334249e-04
1.915000e+08 2.310010e-04
1.920000e+08 2.286074e-04
1.925000e+08 2.262447e-04
1.930000e+08 2.239121e-04
1.935000e+08 2.216091e-04
1.940000e+08 2.193354e-04
1.945000e+08 2.170902e-04
1.950000e+08 2.148735e-04
1.955000e+08 2.126842e-04
1.960000e+08 2.105227e-04
1.965000e+08 2.083883e-04
1.970000e+08 2.062805e-04
1.975000e+08 2.041992e-04
1.980000e+08 2.021435e-04
1.985000e+08 2.001131e-04
1.990000e+08 1.981082e-04
1.995000e+08 1.961279e-04
2.000000e+08 1.941720e-04
