# Models: X-axis(1) VanGenuchten(2) MualemVanGenuchten(3) Mualem_gas(4)
# Labels: p_c(1) s_l(2) kl(3) kg(4)
1.000000e+03 1.000000e+00 1.000000e+00 0.000000e+00
1.016249e+03 1.000000e+00 1.000000e+00 0.000000e+00
1.032761e+03 1.000000e+00 1.000000e+00 0.000000e+00
1.049542e+03 1.000000e+00 1.000000e+00 0.000000e+00
1.066596e+03 1.000000e+00 1.000000e+00 0.000000e+00
1.083927e+03 1.000000e+00 1.000000e+00 0.000000e+00
1.101539e+03 1.000000e+00 1.000000e+00 0.000000e+00
1.119438e+03 1.000000e+00 1.000000e+00 0.000000e+00
1.137627e+03 1.000000e+00 1.000000e+00 0.000000e+00
1.156112e+03 1.000000e+00 1.000000e+00 0.000000e+00
1.174898e+03 1.000000e+00 1.000000e+00 0.000000e+00
1.193988e+03 1.000000e+00 1.000000e+00 0.000000e+00
1.213389e+03 1.000000e+00 1.000000e+00 0.000000e+00
1.233105e+03 1.000000e+00 1.000000e+00 0.000000e+00
1.253141e+03 1.000000e+00 1.000000e+00 0.000000e+00
1.273503e+03 1.000000e+00 1.000000e+00 0.000000e+00
1.294196e+03 1.000000e+00 1.000000e+00 0.000000e+00
1.315225e+03 1.000000e+00 1.000000e+00 0.000000e+00
1.336596e+03 1.000000e+00 1.000000e+00 0.000000e+00
1.358313e+03 1.000000e+00 1.000000e+00 0.000000e+00
1.380384e+03 1.000000e+00 1.000000e+00 0.000000e+00
1.402814e+03 1.000000e+00 1.000000e+00 0.000000e+00
1.425608e+03 1.000000e+00 1.000000e+00 0.000000e+00
1.448772e+03 1.000000e+00 1.000000e+00 0.000000e+00
1.472313e+03 1.000000e+00 1.000000e+00 0.000000e+00
1.496236e+03 1.000000e+00 1.000000e+00 0.000000e+00
1.520548e+03 1.000000e+00 1.000000e+00 0.000000e+00
1.545254e+03 1.000000e+00 1.000000e+00 0.000000e+00
1.570363e+03 1.000000e+00 1.000000e+00 0.000000e+00
1.595879e+03 1.000000e+00 1.000000e+00 0.000000e+00
1.621810e+03 1.000000e+00 1.000000e+00 0.000000e+00
1.648162e+03 1.000000e+00 1.000000e+00 0.000000e+00
1.674943e+03 1.000000e+00 1.000000e+00 0.000000e+00
1.702159e+03 1.000000e+00 1.000000e+00 0.000000e+00
1.729816e+03 1.000000e+00 1.000000e+00 0.000000e+00
1.757924e+03 1.000000e+00 1.000000e+00 0.000000e+00
1.786488e+03 1.000000e+00 1.000000e+00 0.000000e+00
1.815516e+03 1.000000e+00 1.000000e+00 0.000000e+00
1.845015e+03 1.000000e+00 1.000000e+00 0.000000e+00
1.874995e+03 1.000000e+00 1.000000e+00 0.000000e+00
1.905461e+03 1.000000e+00 1.000000e+00 0.000000e+00
1.936422e+03 1.000000e+00 1.000000e+00 0.000000e+00
1.967886e+03 1.000000e+00 1.000000e+00 0.000000e+00
1.999862e+03 1.000000e+00 1.000000e+00 0.000000e+00
2.032357e+03 1.000000e+00 1.000000e+00 0.000000e+00
2.065380e+03 1.000000e+00 1.000000e+00 0.000000e+00
2.098940e+03 1.000000e+00 1.000000e+00 0.000000e+00
2.133045e+03 1.000000e+00 1.000000e+00 0.000000e+00
2.167704e+03 1.000000e+00 1.000000e+00 0.000000e+00
2.202926e+03 1.000000e+00 1.000000e+00 0.000000e+00
2.238721e+03 1.000000e+00 1.000000e+00 0.000000e+00
2.275097e+03 1.000000e+00 1.000000e+00 0.000000e+00
2.312065e+03 1.000000e+00 1.000000e+00 0.000000e+00
2.349633e+03 1.000000e+00 1.000000e+00 0.000000e+00
2.387811e+03 1.000000e+00 1.000000e+00 0.000000e+00
2.426610e+03 1.000000e+00 1.000000e+00 0.000000e+00
2.466039e+03 1.000000e+00 1.000000e+00 0.000000e+00
2.506109e+03 1.000000e+00 1.000000e+00 0.000000e+00
2.546830e+03 1.000000e+00 1.000000e+00 0.000000e+00
2.588213e+03 1.000000e+00 1.000000e+00 0.000000e+00
2.630268e+03 1.000000e+00 1.000000e+00 0.000000e+00
2.673006e+03 1.000000e+00 1.000000e+00 0.000000e+00
2.716439e+03 1.000000e+00 1.000000e+00 0.000000e+00
2.760578e+03 1.000000e+00 1.000000e+00 0.000000e+00
2.805434e+03 1.000000e+00 1.000000e+00 0.000000e+00
2.851018e+03 1.000000e+00 1.000000e+00 0.000000e+00
2.897344e+03 1.000000e+00 1.000000e+00 0.000000e+00
2.944422e+03 1.000000e+00 1.000000e+00 0.000000e+00
2.992265e+03 1.000000e+00 1.000000e+00 0.000000e+00
3.040885e+03 1.000000e+00 1.000000e+00 0.000000e+00
3.090295e+03 1.000000e+00 1.000000e+00 0.000000e+00
3.140509e+03 1.000000e+00 1.000000e+00 0.000000e+00
3.191538e+03 1.000000e+00 1.000000e+00 0.000000e+00
3.243396e+03 1.000000e+00 1.000000e+00 0.000000e+00
3.296097e+03 1.000000e+00 1.000000e+00 0.000000e+00
3.349654e+03 1.000000e+00 1.000000e+00 0.000000e+00
3.404082e+03 1.000000e+00 1.000000e+00 0.000000e+00
3.459394e+03 1.000000e+00 1.000000e+00 0.000000e+00
3.515604e+03 1.000000e+00 1.000000e+00 0.000000e+00
3.572728e+03 1.000000e+00 1.000000e+00 0.000000e+00
3.630781e+03 1.000000e+00 1.000000e+00 0.000000e+00
3.689776e+03 1.000000e+00 1.000000e+00 0.000000e+00
3.749730e+03 1.000000e+00 1.000000e+00 0.000000e+00
3.810658e+03 1.000000e+00 1.000000e+00 0.000000e+00
3.872576e+03 1.000000e+00 1.000000e+00 0.000000e+00
3.935501e+03 1.000000e+00 1.000000e+00 0.000000e+00
3.999447e+03 1.000000e+00 1.000000e+00 0.000000e+00
4.064433e+03 1.000000e+00 1.000000e+00 0.000000e+00
4.130475e+03 1.000000e+00 1.000000e+00 0.000000e+00
4.197590e+03 1.000000e+00 1.000000e+00 0.000000e+00
4.265795e+03 1.000000e+00 1.000000e+00 0.000000e+00
4.335109e+03 1.000000e+00 1.000000e+00 0.000000e+00
4.405549e+03 1.000000e+00 1.000000e+00 0.000000e+00
4.477133e+03 1.000000e+00 1.000000e+00 0.000000e+00
4.549881e+03 1.000000e+00 1.000000e+00 0.000000e+00
4.623810e+03 1.000000e+00 1.000000e+00 0.000000e+00
4.698941e+03 1.000000e+00 1.000000e+00 0.000000e+00
4.775293e+03 1.000000e+00 1.000000e+00 0.000000e+00
4.852885e+03 1.000000e+00 1.000000e+00 0.000000e+00
4.931738e+03 1.000000e+00 1.000000e+00 0.000000e+00
5.011872e+03 1.000000e+00 1.000000e+00 0.000000e+00
5.093309e+03 1.000000e+00 1.000000e+00 0.000000e+00
5.176068e+03 1.000000e+00 1.000000e+00 0.000000e+00
5.260173e+03 1.000000e+00 1.000000e+00 0.000000e+00
5.345644e+03 1.000000e+00 1.000000e+00 0.000000e+00
5.432503e+03 1.000000e+00 1.000000e+00 0.000000e+00
5.520774e+03 1.000000e+00 1.000000e+00 0.000000e+00
5.610480e+03 1.000000e+00 1.000000e+00 0.000000e+00
5.701643e+03 1.000000e+00 1.000000e+00 0.000000e+00
5.794287e+03 1.000000e+00 1.000000e+00 0.000000e+00
5.888437e+03 1.000000e+00 1.000000e+00 0.000000e+00
5.984116e+03 1.000000e+00 1.000000e+00 0.000000e+00
6.081350e+03 1.000000e+00 1.000000e+00 0.000000e+00
6.180164e+03 1.000000e+00 1.000000e+00 0.000000e+00
6.280584e+03 1.000000e+00 1.000000e+00 0.000000e+00
6.382635e+03 1.000000e+00 1.000000e+00 0.000000e+00
6.486344e+03 1.000000e+00 1.000000e+00 0.000000e+00
6.591739e+03 1.000000e+00 1.000000e+00 0.000000e+00
6.698846e+03 9.999999e-01 9.983108e-01 2.257712e-10
6.807694e+03 9.999999e-01 9.983108e-01 2.257712e-10
6.918310e+03 9.999999e-01 9.983108e-01 2.257712e-10
7.030723e+03 9.999999e-01 9.983108e-01 2.257712e-10
7.144963e+03 9.999999e-01 9.983108e-01 2.257712e-10
7.261060e+03 9.999999e-01 9.983108e-01 2.257712e-10
7.379042e+03 9.999999e-01 9.983108e-01 2.257712e-10
7.498942e+03 9.999999e-01 9.983108e-01 2.257712e-10
7.620790e+03 9.999999e-01 9.983108e-01 2.257712e-10
7.744618e+03 9.999999e-01 9.983108e-01 2.257712e-10
7.870458e+03 9.999999e-01 9.983108e-01 2.257712e-10
7.998343e+03 9.999999e-01 9.983108e-01 2.257712e-10
8.128305e+03 9.999999e-01 9.983108e-01 2.257712e-10
8.260379e+03 9.999999e-01 9.983108e-01 2.257712e-10
8.394600e+03 9.999999e-01 9.983108e-01 2.257712e-10
8.531001e+03 9.999999e-01 9.983108e-01 2.257712e-10
8.669619e+03 9.999999e-01 9.983108e-01 2.257712e-10
8.810489e+03 9.999999e-01 9.983108e-01 2.257712e-10
8.953648e+03 9.999999e-01 9.983108e-01 2.257712e-10
9.099133e+03 9.999999e-01 9.983108e-01 2.257712e-10
9.246982e+03 9.999999e-01 9.983108e-01 2.257712e-10
9.397233e+03 9.999999e-01 9.983108e-01 2.257712e-10
9.549926e+03 9.999999e-01 9.983108e-01 2.257712e-10
9.705100e+03 9.999999e-01 9.983108e-01 2.257712e-10
9.862795e+03 9.999999e-01 9.983108e-01 2.257712e-10
1.002305e+04 9.999999e-01 9.983108e-01 2.257712e-10
1.018591e+04 9.999999e-01 9.983108e-01 2.257712e-10
1.035142e+04 9.999999e-01 9.983108e-01 2.257712e-10
1.051962e+04 9.999999e-01 9.983108e-01 2.257712e-10
1.069055e+04 9.999999e-01 9.983108e-01 2.257712e-10
1.086426e+04 9.999999e-01 9.983108e-01 2.257712e-10
1.104079e+04 9.999999e-01 9.983108e-01 2.257712e-10
1.122018e+04 9.999999e-01 9.983108e-01 2.257712e-10
1.140250e+04 9.999999e-01 9.983108e-01 2.257712e-10
1.158777e+04 9.999999e-01 9.983108e-01 2.257712e-10
1.177606e+04 9.999999e-01 9.983108e-01 2.257712e-10
1.196741e+04 9.999999e-01 9.983108e-01 2.257712e-10
1.216186e+04 9.999998e-01 9.976748e-01 6.051109e-10
1.235947e+04 9.999998e-01 9.976748e-01 6.051109e-10
1.256030e+04 9.999998e-01 9.976748e-01 6.051109e-10
1.276439e+04 9.999998e-01 9.976748e-01 6.051109e-10
1.297179e+04 9.999998e-01 9.976748e-01 6.051109e-10
1.318257e+04 9.999998e-01 9.976748e-01 6.051109e-10
1.339677e+04 9.999998e-01 9.976748e-01 6.051109e-10
1.361445e+04 9.999998e-01 9.976748e-01 6.051109e-10
1.383566e+04 9.999998e-01 9.976748e-01 6.051109e-10
1.406048e+04 9.999998e-01 9.976748e-01 6.051109e-10
1.428894e+04 9.999998e-01 9.976748e-01 6.051109e-10
1.452112e+04 9.999998e-01 9.976748e-01 6.051109e-10
1.475707e+04 9.999998e-01 9.976748e-01 6.051109e-10
1.499685e+04 9.999998e-01 9.976748e-01 6.051109e-10
1.524053e+04 9.999998e-01 9.976748e-01 6.051109e-10
1.548817e+04 9.999998e-01 9.976748e-01 6.051109e-10
1.573983e+04 9.999998e-01 9.976748e-01 6.051109e-10
1.599558e+04 9.999997e-01 9.971970e-01 1.077200e-09
1.625549e+04 9.999997e-01 9.971970e-01 1.077200e-09
1.651962e+04 9.999997e-01 9.971970e-01 1.077200e-09
1.678804e+04 9.999997e-01 9.971970e-01 1.077200e-09
1.706082e+04 9.999997e-01 9.971970e-01 1.077200e-09
1.733804e+04 9.999997e-01 9.971970e-01 1.077200e-09
1.761976e+04 9.999997e-01 9.971970e-01 1.077200e-09
1.790606e+04 9.999997e-01 9.971970e-01 1.077200e-09
1.819701e+04 9.999997e-01 9.971970e-01 1.077200e-09
1.849269e+04 9.999997e-01 9.971970e-01 1.077200e-09
1.879317e+04 9.999997e-01 9.971970e-01 1.077200e-09
1.909853e+04 9.999996e-01 9.967997e-01 1.621815e-09
1.940886e+04 9.999996e-01 9.967997e-01 1.621815e-09
1.972423e+04 9.999996e-01 9.967997e-01 1.621815e-09
2.004472e+04 9.999996e-01 9.967997e-01 1.621815e-09
2.037042e+04 9.999996e-01 9.967997e-01 1.621815e-09
2.070141e+04 9.999996e-01 9.967997e-01 1.621815e-09
2.103778e+04 9.999996e-01 9.967997e-01 1.621815e-09
2.137962e+04 9.999996e-01 9.967997e-01 1.621815e-09
2.172701e+04 9.999995e-01 9.964531e-01 2.227615e-09
2.208005e+04 9.999995e-01 9.964531e-01 2.227615e-09
2.243882e+04 9.999995e-01 9.964531e-01 2.227615e-09
2.280342e+04 9.999995e-01 9.964531e-01 2.227615e-09
2.317395e+04 9.999995e-01 9.964531e-01 2.227615e-09
2.355049e+04 9.999995e-01 9.964531e-01 2.227615e-09
2.393316e+04 9.999995e-01 9.964531e-01 2.227615e-09
2.432204e+04 9.999994e-01 9.961422e-01 2.887105e-09
2.471724e+04 9.999994e-01 9.961422e-01 2.887105e-09
2.511886e+04 9.999994e-01 9.961422e-01 2.887105e-09
2.552701e+04 9.999994e-01 9.961422e-01 2.887105e-09
2.594179e+04 9.999994e-01 9.961422e-01 2.887105e-09
2.636331e+04 9.999994e-01 9.961422e-01 2.887105e-09
2.679168e+04 9.999993e-01 9.958583e-01 3.594872e-09
2.722701e+04 9.999993e-01 9.958583e-01 3.594872e-09
2.766942e+04 9.999993e-01 9.958583e-01 3.594872e-09
2.811901e+04 9.999993e-01 9.958583e-01 3.594872e-09
2.857591e+04 9.999992e-01 9.955954e-01 4.346780e-09
2.904023e+04 9.999992e-01 9.955954e-01 4.346780e-09
2.951209e+04 9.999992e-01 9.955954e-01 4.346780e-09
2.999163e+04 9.999992e-01 9.955954e-01 4.346780e-09
3.047895e+04 9.999992e-01 9.955954e-01 4.346780e-09
3.097419e+04 9.999991e-01 9.953498e-01 5.139534e-09
3.147748e+04 9.999991e-01 9.953498e-01 5.139534e-09
3.198895e+04 9.999991e-01 9.953498e-01 5.139534e-09
3.250873e+04 9.999990e-01 9.951186e-01 5.970440e-09
3.303695e+04 9.999990e-01 9.951186e-01 5.970440e-09
3.357376e+04 9.999990e-01 9.951186e-01 5.970440e-09
3.411929e+04 9.999990e-01 9.951186e-01 5.970440e-09
3.467369e+04 9.999989e-01 9.948995e-01 6.837238e-09
3.523709e+04 9.999989e-01 9.948995e-01 6.837238e-09
3.580964e+04 9.999989e-01 9.948995e-01 6.837238e-09
3.639150e+04 9.999988e-01 9.946909e-01 7.738002e-09
3.698282e+04 9.999988e-01 9.946909e-01 7.738002e-09
3.758374e+04 9.999987e-01 9.944915e-01 8.671061e-09
3.819443e+04 9.999987e-01 9.944915e-01 8.671061e-09
3.881504e+04 9.999987e-01 9.944915e-01 8.671061e-09
3.944573e+04 9.999986e-01 9.943003e-01 9.634956e-09
4.008667e+04 9.999986e-01 9.943003e-01 9.634956e-09
4.073803e+04 9.999985e-01 9.941162e-01 1.062839e-08
4.139997e+04 9.999985e-01 9.941162e-01 1.062839e-08
4.207266e+04 9.999985e-01 9.941162e-01 1.062839e-08
4.275629e+04 9.999984e-01 9.939387e-01 1.165021e-08
4.345102e+04 9.999984e-01 9.939387e-01 1.165021e-08
4.415704e+04 9.999983e-01 9.937671e-01 1.269938e-08
4.487454e+04 9.999983e-01 9.937671e-01 1.269938e-08
4.560369e+04 9.999982e-01 9.936009e-01 1.377495e-08
4.634469e+04 9.999982e-01 9.936009e-01 1.377495e-08
4.709773e+04 9.999981e-01 9.934395e-01 1.487606e-08
4.786301e+04 9.999980e-01 9.932827e-01 1.600194e-08
4.864072e+04 9.999980e-01 9.932827e-01 1.600194e-08
4.943107e+04 9.999979e-01 9.931301e-01 1.715185e-08
5.023426e+04 9.999979e-01 9.931301e-01 1.715185e-08
5.105050e+04 9.999978e-01 9.929814e-01 1.832512e-08
5.188000e+04 9.999977e-01 9.928363e-01 1.952115e-08
5.272299e+04 9.999977e-01 9.928363e-01 1.952115e-08
5.357967e+04 9.999976e-01 9.926945e-01 2.073934e-08
5.445027e+04 9.999975e-01 9.925559e-01 2.197917e-08
5.533501e+04 9.999974e-01 9.924203e-01 2.324012e-08
5.623413e+04 9.999974e-01 9.924203e-01 2.324012e-08
5.714786e+04 9.999973e-01 9.922874e-01 2.452173e-08
5.807644e+04 9.999972e-01 9.921572e-01 2.582354e-08
5.902011e+04 9.999971e-01 9.920295e-01 2.714514e-08
5.997911e+04 9.999970e-01 9.919041e-01 2.848614e-08
6.095369e+04 9.999969e-01 9.917810e-01 2.984615e-08
6.194411e+04 9.999968e-01 9.916600e-01 3.122481e-08
6.295062e+04 9.999967e-01 9.915410e-01 3.262180e-08
6.397348e+04 9.999966e-01 9.914240e-01 3.403678e-08
6.501297e+04 9.999965e-01 9.913088e-01 3.546945e-08
6.606934e+04 9.999964e-01 9.911954e-01 3.691951e-08
6.714289e+04 9.999963e-01 9.910836e-01 3.838669e-08
6.823387e+04 9.999962e-01 9.909735e-01 3.987071e-08
6.934258e+04 9.999961e-01 9.908650e-01 4.137132e-08
7.046931e+04 9.999960e-01 9.907579e-01 4.288826e-08
7.161434e+04 9.999959e-01 9.906523e-01 4.442131e-08
7.277798e+04 9.999957e-01 9.904451e-01 4.753482e-08
7.396053e+04 9.999956e-01 9.903435e-01 4.911484e-08
7.516229e+04 9.999955e-01 9.902431e-01 5.071011e-08
7.638358e+04 9.999953e-01 9.900459e-01 5.394557e-08
7.762471e+04 9.999952e-01 9.899490e-01 5.558540e-08
7.888601e+04 9.999950e-01 9.897585e-01 5.890837e-08
8.016781e+04 9.999949e-01 9.896647e-01 6.059117e-08
8.147043e+04 9.999947e-01 9.894802e-01 6.399860e-08
8.279422e+04 9.999946e-01 9.893893e-01 6.572291e-08
8.413951e+04 9.999944e-01 9.892103e-01 6.921202e-08
8.550667e+04 9.999943e-01 9.891221e-01 7.097654e-08
8.689604e+04 9.999941e-01 9.889481e-01 7.454480e-08
8.830799e+04 9.999939e-01 9.887773e-01 7.816451e-08
8.974288e+04 9.999937e-01 9.886096e-01 8.183471e-08
9.120108e+04 9.999935e-01 9.884446e-01 8.555446e-08
9.268298e+04 9.999933e-01 9.882824e-01 8.932286e-08
9.418896e+04 9.999931e-01 9.881228e-01 9.313908e-08
9.571941e+04 9.999929e-01 9.879657e-01 9.700230e-08
9.727472e+04 9.999927e-01 9.878110e-01 1.009118e-07
9.885531e+04 9.999925e-01 9.876585e-01 1.048667e-07
1.004616e+05 9.999922e-01 9.874339e-01 1.108830e-07
1.020939e+05 9.999920e-01 9.872867e-01 1.149487e-07
1.037528e+05 9.999918e-01 9.871415e-01 1.190575e-07
1.054387e+05 9.999915e-01 9.869273e-01 1.253004e-07
1.071519e+05 9.999913e-01 9.867868e-01 1.295145e-07
1.088930e+05 9.999910e-01 9.865792e-01 1.359126e-07
1.106624e+05 9.999907e-01 9.863753e-01 1.424015e-07
1.124605e+05 9.999904e-01 9.861750e-01 1.489793e-07
1.142878e+05 9.999902e-01 9.860433e-01 1.534132e-07
1.161449e+05 9.999899e-01 9.858485e-01 1.601359e-07
1.180321e+05 9.999895e-01 9.855936e-01 1.692312e-07
1.199499e+05 9.999892e-01 9.854058e-01 1.761497e-07
1.218990e+05 9.999889e-01 9.852208e-01 1.831499e-07
1.238797e+05 9.999886e-01 9.850385e-01 1.902304e-07
1.258925e+05 9.999882e-01 9.847995e-01 1.997940e-07
1.279381e+05 9.999879e-01 9.846231e-01 2.070573e-07
1.300170e+05 9.999875e-01 9.843915e-01 2.168605e-07
1.321296e+05 9.999871e-01 9.841640e-01 2.267971e-07
1.342765e+05 9.999867e-01 9.839402e-01 2.368647e-07
1.364583e+05 9.999863e-01 9.837200e-01 2.470610e-07
1.386756e+05 9.999859e-01 9.835033e-01 2.573839e-07
1.409289e+05 9.999855e-01 9.832899e-01 2.678311e-07
1.432188e+05 9.999850e-01 9.830276e-01 2.810622e-07
1.455459e+05 9.999846e-01 9.828211e-01 2.917822e-07
1.479108e+05 9.999841e-01 9.825671e-01 3.053484e-07
1.503142e+05 9.999836e-01 9.823174e-01 3.190960e-07
1.527566e+05 9.999831e-01 9.820718e-01 3.330217e-07
1.552387e+05 9.999826e-01 9.818301e-01 3.471226e-07
1.577611e+05 9.999821e-01 9.815921e-01 3.613956e-07
1.603245e+05 9.999815e-01 9.813113e-01 3.787466e-07
1.629296e+05 9.999810e-01 9.810810e-01 3.933888e-07
1.655770e+05 9.999804e-01 9.808089e-01 4.111752e-07
1.682674e+05 9.999798e-01 9.805414e-01 4.291931e-07
1.710015e+05 9.999792e-01 9.802781e-01 4.474384e-07
1.737801e+05 9.999786e-01 9.800189e-01 4.659075e-07
1.766038e+05 9.999779e-01 9.797214e-01 4.877324e-07
1.794734e+05 9.999772e-01 9.794291e-01 5.098514e-07
1.823896e+05 9.999766e-01 9.791823e-01 5.290404e-07
1.853532e+05 9.999758e-01 9.788586e-01 5.549503e-07
1.883649e+05 9.999751e-01 9.785801e-01 5.779206e-07
1.914256e+05 9.999743e-01 9.782669e-01 6.045080e-07
1.945360e+05 9.999736e-01 9.779972e-01 6.280608e-07
1.976970e+05 9.999728e-01 9.776937e-01 6.553029e-07
2.009093e+05 9.999719e-01 9.773580e-01 6.863570e-07
2.041738e+05 9.999711e-01 9.770645e-01 7.143160e-07
2.074914e+05 9.999702e-01 9.767395e-01 7.461625e-07
2.108628e+05 9.999693e-01 9.764199e-01 7.784179e-07
2.142891e+05 9.999684e-01 9.761052e-01 8.110752e-07
2.177710e+05 9.999674e-01 9.757613e-01 8.478243e-07
2.213095e+05 9.999664e-01 9.754231e-01 8.850526e-07
2.249055e+05 9.999654e-01 9.750903e-01 9.227518e-07
2.285599e+05 9.999644e-01 9.747626e-01 9.609141e-07
2.322737e+05 9.999633e-01 9.744080e-01 1.003418e-06
2.360478e+05 9.999622e-01 9.740591e-01 1.046464e-06
2.398833e+05 9.999610e-01 9.736847e-01 1.094030e-06
2.437811e+05 9.999598e-01 9.733165e-01 1.142218e-06
2.477422e+05 9.999586e-01 9.729543e-01 1.191017e-06
2.517677e+05 9.999573e-01 9.725683e-01 1.244561e-06
2.558586e+05 9.999561e-01 9.722176e-01 1.294601e-06
2.600160e+05 9.999547e-01 9.718150e-01 1.353715e-06
2.642409e+05 9.999533e-01 9.714191e-01 1.413606e-06
2.685344e+05 9.999519e-01 9.710297e-01 1.474260e-06
2.728978e+05 9.999505e-01 9.706463e-01 1.535665e-06
2.773320e+05 9.999490e-01 9.702421e-01 1.602273e-06
2.818383e+05 9.999474e-01 9.698180e-01 1.674240e-06
2.864178e+05 9.999458e-01 9.694009e-01 1.747137e-06
2.910717e+05 9.999442e-01 9.689904e-01 1.820949e-06
2.958012e+05 9.999425e-01 9.685613e-01 1.900359e-06
3.006076e+05 9.999407e-01 9.681144e-01 1.985527e-06
3.054921e+05 9.999389e-01 9.676748e-01 2.071794e-06
3.104560e+05 9.999371e-01 9.672423e-01 2.159141e-06
3.155005e+05 9.999352e-01 9.667930e-01 2.252493e-06
3.206269e+05 9.999332e-01 9.663277e-01 2.352014e-06
3.258367e+05 9.999312e-01 9.658700e-01 2.452801e-06
3.311311e+05 9.999291e-01 9.653971e-01 2.559968e-06
3.365116e+05 9.999269e-01 9.649098e-01 2.673684e-06
3.419794e+05 9.999247e-01 9.644305e-01 2.788854e-06
3.475362e+05 9.999224e-01 9.639375e-01 2.910788e-06
3.531832e+05 9.999201e-01 9.634525e-01 3.034258e-06
3.589219e+05 9.999176e-01 9.629338e-01 3.170176e-06
3.647539e+05 9.999151e-01 9.624237e-01 3.307847e-06
3.706807e+05 9.999126e-01 9.619217e-01 3.447241e-06
3.767038e+05 9.999099e-01 9.613883e-01 3.599688e-06
3.828247e+05 9.999072e-01 9.608635e-01 3.754077e-06
3.890451e+05 9.999044e-01 9.603281e-01 3.916199e-06
3.953666e+05 9.999015e-01 9.597825e-01 4.086238e-06
4.017908e+05 9.998985e-01 9.592273e-01 4.264378e-06
4.083194e+05 9.998954e-01 9.586629e-01 4.450807e-06
4.149540e+05 9.998922e-01 9.580899e-01 4.645712e-06
4.216965e+05 9.998889e-01 9.575086e-01 4.849282e-06
4.285485e+05 9.998856e-01 9.569366e-01 5.055422e-06
4.355119e+05 9.998821e-01 9.563399e-01 5.276814e-06
4.425884e+05 9.998785e-01 9.557361e-01 5.507446e-06
4.497799e+05 9.998748e-01 9.551256e-01 5.747509e-06
4.570882e+05 9.998710e-01 9.545089e-01 5.997198e-06
4.645153e+05 9.998671e-01 9.538862e-01 6.256706e-06
4.720630e+05 9.998631e-01 9.532579e-01 6.526230e-06
4.797334e+05 9.998589e-01 9.526089e-01 6.812830e-06
4.875285e+05 9.998546e-01 9.519554e-01 7.110008e-06
4.954502e+05 9.998502e-01 9.512975e-01 7.417963e-06
5.035006e+05 9.998457e-01 9.506356e-01 7.736891e-06
5.116818e+05 9.998410e-01 9.499554e-01 8.074212e-06
5.199960e+05 9.998361e-01 9.492580e-01 8.430397e-06
5.284453e+05 9.998312e-01 9.485720e-01 8.791107e-06
5.370318e+05 9.998260e-01 9.478558e-01 9.178764e-06
5.457579e+05 9.998208e-01 9.471513e-01 9.571344e-06
5.546257e+05 9.998153e-01 9.464183e-01 9.991838e-06
5.636377e+05 9.998097e-01 9.456841e-01 1.042544e-05
5.727960e+05 9.998039e-01 9.449362e-01 1.088025e-05
5.821032e+05 9.997980e-01 9.441878e-01 1.134875e-05
5.915616e+05 9.997919e-01 9.434265e-01 1.183925e-05
6.011737e+05 9.997855e-01 9.426410e-01 1.236044e-05
6.109420e+05 9.997790e-01 9.418562e-01 1.289654e-05
6.208690e+05 9.997723e-01 9.410605e-01 1.345613e-05
6.309573e+05 9.997654e-01 9.402544e-01 1.403975e-05
6.412096e+05 9.997583e-01 9.394385e-01 1.464789e-05
6.516284e+05 9.997510e-01 9.386133e-01 1.528107e-05
6.622165e+05 9.997434e-01 9.377683e-01 1.594865e-05
6.729767e+05 9.997356e-01 9.369152e-01 1.664253e-05
6.839116e+05 9.997276e-01 9.360546e-01 1.736323e-05
6.950243e+05 9.997193e-01 9.351763e-01 1.812046e-05
7.063176e+05 9.997108e-01 9.342916e-01 1.890579e-05
7.177943e+05 9.997020e-01 9.333908e-01 1.972916e-05
7.294575e+05 9.996930e-01 9.324845e-01 2.058193e-05
7.413102e+05 9.996837e-01 9.315633e-01 2.147428e-05
7.533556e+05 9.996741e-01 9.306280e-01 2.240710e-05
7.655966e+05 9.996642e-01 9.296794e-01 2.338130e-05
7.780366e+05 9.996540e-01 9.287180e-01 2.439776e-05
7.906786e+05 9.996435e-01 9.277446e-01 2.545742e-05
8.035261e+05 9.996327e-01 9.267599e-01 2.656118e-05
8.165824e+05 9.996215e-01 9.257555e-01 2.772037e-05
8.298508e+05 9.996100e-01 9.247412e-01 2.892577e-05
8.433348e+05 9.995982e-01 9.237175e-01 3.017830e-05
8.570378e+05 9.995860e-01 9.226766e-01 3.148972e-05
8.709636e+05 9.995734e-01 9.216193e-01 3.286135e-05
8.851156e+05 9.995605e-01 9.205546e-01 3.428346e-05
8.994976e+05 9.995472e-01 9.194749e-01 3.576821e-05
9.141132e+05 9.995334e-01 9.183731e-01 3.732836e-05
9.289664e+05 9.995193e-01 9.172660e-01 3.894266e-05
9.440609e+05 9.995047e-01 9.161385e-01 4.063538e-05
9.594006e+05 9.994896e-01 9.149917e-01 4.240835e-05
9.749896e+05 9.994742e-01 9.138414e-01 4.423948e-05
9.908319e+05 9.994582e-01 9.126660e-01 4.616607e-05
1.006932e+06 9.994418e-01 9.114811e-01 4.816588e-05
1.023293e+06 9.994248e-01 9.102733e-01 5.026518e-05
1.039920e+06 9.994074e-01 9.090575e-01 5.244114e-05
1.056818e+06 9.993894e-01 9.078205e-01 5.472067e-05
1.073989e+06 9.993709e-01 9.065703e-01 5.709324e-05
1.091440e+06 9.993518e-01 9.053009e-01 5.957382e-05
1.109175e+06 9.993321e-01 9.040134e-01 6.216482e-05
1.127197e+06 9.993119e-01 9.027151e-01 6.485526e-05
1.145513e+06 9.992910e-01 9.013941e-01 6.767420e-05
1.164126e+06 9.992695e-01 9.000578e-01 7.061086e-05
1.183042e+06 9.992473e-01 8.987009e-01 7.368161e-05
1.202264e+06 9.992245e-01 8.973305e-01 7.687535e-05
1.221800e+06 9.992010e-01 8.959415e-01 8.020883e-05
1.241652e+06 9.991768e-01 8.945349e-01 8.368507e-05
1.261828e+06 9.991518e-01 8.931060e-01 8.732175e-05
1.282331e+06 9.991261e-01 8.916616e-01 9.110765e-05
1.303167e+06 9.990996e-01 8.901971e-01 9.506085e-05
1.324342e+06 9.990723e-01 8.887136e-01 9.918500e-05
1.345860e+06 9.990442e-01 8.872120e-01 1.034837e-04
1.367729e+06 9.990152e-01 8.856883e-01 1.079764e-04
1.389953e+06 9.989853e-01 8.841436e-01 1.126672e-04
1.412538e+06 9.989546e-01 8.825840e-01 1.175444e-04
1.435489e+06 9.989229e-01 8.810006e-01 1.226443e-04
1.458814e+06 9.988902e-01 8.793947e-01 1.279717e-04
1.482518e+06 9.988566e-01 8.777722e-01 1.335151e-04
1.506607e+06 9.988219e-01 8.761247e-01 1.393124e-04
1.531087e+06 9.987862e-01 8.744582e-01 1.453524e-04
1.555966e+06 9.987495e-01 8.727737e-01 1.516400e-04
1.581248e+06 9.987116e-01 8.710634e-01 1.582152e-04
1.606941e+06 9.986725e-01 8.693287e-01 1.650846e-04
1.633052e+06 9.986323e-01 8.675752e-01 1.722366e-04
1.659587e+06 9.985909e-01 8.657998e-01 1.796951e-04
1.686553e+06 9.985482e-01 8.639994e-01 1.874852e-04
1.713957e+06 9.985042e-01 8.621756e-01 1.956139e-04
1.741807e+06 9.984589e-01 8.603297e-01 2.040886e-04
1.770109e+06 9.984122e-01 8.584588e-01 2.129357e-04
1.798871e+06 9.983641e-01 8.565645e-01 2.221631e-04
1.828100e+06 9.983146e-01 8.546480e-01 2.317791e-04
1.857804e+06 9.982635e-01 8.527032e-01 2.418314e-04
1.887991e+06 9.982110e-01 8.507389e-01 2.522894e-04
1.918669e+06 9.981568e-01 8.487454e-01 2.632224e-04
1.949845e+06 9.981010e-01 8.467280e-01 2.746203e-04
1.981527e+06 9.980435e-01 8.446845e-01 2.865137e-04
2.013724e+06 9.979843e-01 8.426163e-01 2.989133e-04
2.046445e+06 9.979233e-01 8.405216e-01 3.118510e-04
2.079697e+06 9.978604e-01 8.383985e-01 3.253601e-04
2.113489e+06 9.977957e-01 8.362520e-01 3.394310e-04
2.147830e+06 9.977290e-01 8.340768e-01 3.541197e-04
2.182730e+06 9.976603e-01 8.318748e-01 3.694395e-04
2.218196e+06 9.975895e-01 8.296444e-01 3.854266e-04
2.254239e+06 9.975166e-01 8.273871e-01 4.020953e-04
2.290868e+06 9.974415e-01 8.251017e-01 4.194833e-04
2.328091e+06 9.973641e-01 8.227867e-01 4.376295e-04
2.365920e+06 9.972845e-01 8.204468e-01 4.565263e-04
2.404363e+06 9.972024e-01 8.180750e-01 4.762617e-04
2.443431e+06 9.971178e-01 8.156731e-01 4.968540e-04
2.483133e+06 9.970307e-01 8.132429e-01 5.183214e-04
2.523481e+06 9.969410e-01 8.107834e-01 5.407075e-04
2.564484e+06 9.968485e-01 8.082910e-01 5.640826e-04
2.606154e+06 9.967533e-01 8.057703e-01 5.884423e-04
2.648500e+06 9.966553e-01 8.032204e-01 6.138333e-04
2.691535e+06 9.965543e-01 8.006380e-01 6.403299e-04
2.735269e+06 9.964502e-01 7.980227e-01 6.679825e-04
2.779713e+06 9.963431e-01 7.953788e-01 6.967889e-04
2.824880e+06 9.962327e-01 7.927010e-01 7.268552e-04
2.870781e+06 9.961190e-01 7.899912e-01 7.582082e-04
2.917427e+06 9.960019e-01 7.872492e-01 7.909034e-04
2.964831e+06 9.958813e-01 7.844746e-01 8.249974e-04
3.013006e+06 9.957570e-01 7.816650e-01 8.605773e-04
3.061963e+06 9.956291e-01 7.788248e-01 8.976458e-04
3.111716e+06 9.954973e-01 7.759494e-01 9.363221e-04
3.162278e+06 9.953616e-01 7.730411e-01 9.766406e-04
3.213661e+06 9.952218e-01 7.700976e-01 1.018696e-03
3.265878e+06 9.950779e-01 7.671213e-01 1.062525e-03
3.318945e+06 9.949296e-01 7.641083e-01 1.108258e-03
3.372873e+06 9.947769e-01 7.610607e-01 1.155935e-03
3.427678e+06 9.946197e-01 7.579790e-01 1.205629e-03
3.483373e+06 9.944577e-01 7.548596e-01 1.257478e-03
3.539973e+06 9.942909e-01 7.517050e-01 1.311528e-03
3.597493e+06 9.941192e-01 7.485155e-01 1.367858e-03
3.655948e+06 9.939423e-01 7.452882e-01 1.426616e-03
3.715352e+06 9.937602e-01 7.420253e-01 1.487852e-03
3.775722e+06 9.935727e-01 7.387259e-01 1.551687e-03
3.837072e+06 9.933795e-01 7.353873e-01 1.618278e-03
3.899420e+06 9.931807e-01 7.320136e-01 1.687649e-03
3.962780e+06 9.929759e-01 7.286007e-01 1.759998e-03
4.027170e+06 9.927651e-01 7.251512e-01 1.835389e-03
4.092607e+06 9.925479e-01 7.216613e-01 1.914030e-03
4.159106e+06 9.923244e-01 7.181352e-01 1.995952e-03
4.226686e+06 9.920943e-01 7.145709e-01 2.081334e-03
4.295364e+06 9.918573e-01 7.109665e-01 2.170361e-03
4.365158e+06 9.916133e-01 7.073233e-01 2.263147e-03
4.436086e+06 9.913621e-01 7.036411e-01 2.359848e-03
4.508167e+06 9.911035e-01 6.999198e-01 2.460622e-03
4.581419e+06 9.908373e-01 6.961594e-01 2.565632e-03
4.655861e+06 9.905632e-01 6.923586e-01 2.675085e-03
4.731513e+06 9.902810e-01 6.885176e-01 2.789155e-03
4.808393e+06 9.899906e-01 6.846380e-01 2.907978e-03
4.886524e+06 9.896916e-01 6.807174e-01 3.031816e-03
4.965923e+06 9.893838e-01 6.767564e-01 3.160857e-03
5.046613e+06 9.890670e-01 6.727553e-01 3.295293e-03
5.128614e+06 9.887409e-01 6.687136e-01 3.435362e-03
5.211947e+06 9.884053e-01 6.646319e-01 3.581266e-03
5.296634e+06 9.880599e-01 6.605096e-01 3.733257e-03
5.382698e+06 9.877043e-01 6.563454e-01 3.891637e-03
5.470160e+06 9.873384e-01 6.521413e-01 4.056581e-03
5.559043e+06 9.869619e-01 6.478970e-01 4.228358e-03
5.649370e+06 9.865743e-01 6.436104e-01 4.407339e-03
5.741165e+06 9.861755e-01 6.392836e-01 4.593714e-03
5.834451e+06 9.857652e-01 6.349168e-01 4.787775e-03
5.929253e+06 9.853429e-01 6.305081e-01 4.989916e-03
6.025596e+06 9.849084e-01 6.260589e-01 5.200395e-03
6.123504e+06 9.844614e-01 6.215696e-01 5.419527e-03
6.223003e+06 9.840015e-01 6.170397e-01 5.647682e-03
6.324119e+06 9.835282e-01 6.124678e-01 5.885292e-03
6.426877e+06 9.830414e-01 6.078567e-01 6.132594e-03
6.531306e+06 9.825406e-01 6.032051e-01 6.390038e-03
6.637431e+06 9.820255e-01 5.985140e-01 6.657980e-03
6.745280e+06 9.814956e-01 5.937825e-01 6.936889e-03
6.854882e+06 9.809505e-01 5.890107e-01 7.227194e-03
6.966265e+06 9.803899e-01 5.841999e-01 7.529279e-03
7.079458e+06 9.798133e-01 5.793496e-01 7.843647e-03
7.194490e+06 9.792204e-01 5.744610e-01 8.170702e-03
7.311391e+06 9.786106e-01 5.695331e-01 8.511024e-03
7.430191e+06 9.779836e-01 5.645673e-01 8.865039e-03
7.550922e+06 9.773389e-01 5.595635e-01 9.233296e-03
7.673615e+06 9.766760e-01 5.545220e-01 9.616355e-03
7.798301e+06 9.759944e-01 5.494429e-01 1.001479e-02
7.925013e+06 9.752937e-01 5.443271e-01 1.042914e-02
8.053784e+06 9.745735e-01 5.391760e-01 1.085993e-02
8.184648e+06 9.738331e-01 5.339884e-01 1.130790e-02
8.317638e+06 9.730721e-01 5.287657e-01 1.177362e-02
8.452788e+06 9.722899e-01 5.235080e-01 1.225779e-02
8.590135e+06 9.714861e-01 5.182166e-01 1.276101e-02
8.729714e+06 9.706600e-01 5.128913e-01 1.328407e-02
8.871560e+06 9.698113e-01 5.075342e-01 1.382752e-02
9.015711e+06 9.689391e-01 5.021439e-01 1.439232e-02
9.162205e+06 9.680431e-01 4.967228e-01 1.497907e-02
9.311079e+06 9.671227e-01 4.912715e-01 1.558855e-02
9.462372e+06 9.661772e-01 4.857902e-01 1.622164e-02
9.616123e+06 9.652060e-01 4.802797e-01 1.687917e-02
9.772372e+06 9.642086e-01 4.747416e-01 1.756192e-02
9.931160e+06 9.631842e-01 4.691756e-01 1.827089e-02
1.009253e+07 9.621324e-01 4.635841e-01 1.900681e-02
1.025652e+07 9.610525e-01 4.579677e-01 1.977066e-02
1.042317e+07 9.599437e-01 4.523265e-01 2.056350e-02
1.059254e+07 9.588055e-01 4.466625e-01 2.138617e-02
1.076465e+07 9.576373e-01 4.409771e-01 2.223963e-02
1.093956e+07 9.564382e-01 4.352703e-01 2.312507e-02
1.111732e+07 9.552077e-01 4.295441e-01 2.404339e-02
1.129796e+07 9.539450e-01 4.237992e-01 2.499575e-02
1.148154e+07 9.526496e-01 4.180379e-01 2.598310e-02
1.166810e+07 9.513206e-01 4.122604e-01 2.700670e-02
1.185769e+07 9.499574e-01 4.064687e-01 2.806761e-02
1.205036e+07 9.485592e-01 4.006637e-01 2.916705e-02
1.224616e+07 9.471254e-01 3.948474e-01 3.030612e-02
1.244515e+07 9.456552e-01 3.890209e-01 3.148609e-02
1.264736e+07 9.441480e-01 3.831862e-01 3.270808e-02
1.285287e+07 9.426028e-01 3.773438e-01 3.397356e-02
1.306171e+07 9.410191e-01 3.714961e-01 3.528361e-02
1.327394e+07 9.393962e-01 3.656451e-01 3.663949e-02
1.348963e+07 9.377331e-01 3.597912e-01 3.804272e-02
1.370882e+07 9.360292e-01 3.539367e-01 3.949453e-02
1.393157e+07 9.342839e-01 3.480839e-01 4.099612e-02
1.415794e+07 9.324963e-01 3.422339e-01 4.254900e-02
1.438799e+07 9.306657e-01 3.363887e-01 4.415451e-02
1.462177e+07 9.287914e-01 3.305501e-01 4.581401e-02
1.485936e+07 9.268726e-01 3.247197e-01 4.752895e-02
1.510080e+07 9.249087e-01 3.188999e-01 4.930062e-02
1.534617e+07 9.228988e-01 3.130921e-01 5.113061e-02
1.559553e+07 9.208423e-01 3.072983e-01 5.302022e-02
1.584893e+07 9.187385e-01 3.015207e-01 5.497088e-02
1.610646e+07 9.165866e-01 2.957609e-01 5.698411e-02
1.636817e+07 9.143860e-01 2.900211e-01 5.906125e-02
1.663413e+07 9.121361e-01 2.843036e-01 6.120366e-02
1.690441e+07 9.098360e-01 2.786096e-01 6.341296e-02
1.717908e+07 9.074853e-01 2.729419e-01 6.569035e-02
1.745822e+07 9.050831e-01 2.673018e-01 6.803746e-02
1.774189e+07 9.026290e-01 2.616919e-01 7.045548e-02
1.803018e+07 9.001222e-01 2.561137e-01 7.294596e-02
1.832314e+07 8.975623e-01 2.505697e-01 7.551009e-02
1.862087e+07 8.949486e-01 2.450617e-01 7.814933e-02
1.892344e+07 8.922806e-01 2.395917e-01 8.086494e-02
1.923092e+07 8.895578e-01 2.341617e-01 8.365817e-02
1.954339e+07 8.867797e-01 2.287737e-01 8.653029e-02
1.986095e+07 8.839457e-01 2.234295e-01 8.948263e-02
2.018366e+07 8.810556e-01 2.181315e-01 9.251612e-02
2.051162e+07 8.781087e-01 2.128810e-01 9.563217e-02
2.084491e+07 8.751048e-01 2.076802e-01 9.883170e-02
2.118361e+07 8.720435e-01 2.025310e-01 1.021158e-01
2.152782e+07 8.689244e-01 1.974351e-01 1.054854e-01
2.187762e+07 8.657473e-01 1.923943e-01 1.089416e-01
2.223310e+07 8.625119e-01 1.874103e-01 1.124851e-01
2.259436e+07 8.592180e-01 1.824849e-01 1.161167e-01
2.296149e+07 8.558655e-01 1.776198e-01 1.198371e-01
2.333458e+07 8.524541e-01 1.728163e-01 1.236472e-01
2.371374e+07 8.489838e-01 1.680762e-01 1.275473e-01
2.409905e+07 8.454546e-01 1.634010e-01 1.315380e-01
2.449063e+07 8.418663e-01 1.587920e-01 1.356199e-01
2.488857e+07 8.382191e-01 1.542505e-01 1.397931e-01
2.529298e+07 8.345130e-01 1.497780e-01 1.440580e-01
2.570396e+07 8.307481e-01 1.453754e-01 1.484148e-01
2.612161e+07 8.269247e-01 1.410443e-01 1.528633e-01
2.654606e+07 8.230429e-01 1.367855e-01 1.574037e-01
2.697739e+07 8.191030e-01 1.326000e-01 1.620357e-01
2.741574e+07 8.151053e-01 1.284887e-01 1.667592e-01
2.786121e+07 8.110502e-01 1.244527e-01 1.715738e-01
2.831392e+07 8.069381e-01 1.204925e-01 1.764791e-01
2.877398e+07 8.027694e-01 1.166088e-01 1.814745e-01
2.924152e+07 7.985448e-01 1.128024e-01 1.865591e-01
2.971666e+07 7.942646e-01 1.090736e-01 1.917326e-01
3.019952e+07 7.899296e-01 1.054230e-01 1.969938e-01
3.069022e+07 7.855405e-01 1.018509e-01 2.023417e-01
3.118890e+07 7.810979e-01 9.835745e-02 2.077752e-01
3.169567e+07 7.766028e-01 9.494311e-02 2.132929e-01
3.221069e+07 7.720557e-01 9.160768e-02 2.188939e-01
3.273407e+07 7.674577e-01 8.835134e-02 2.245763e-01
3.326596e+07 7.628096e-01 8.517394e-02 2.303388e-01
3.380648e+07 7.581125e-01 8.207542e-02 2.361796e-01
3.435579e+07 7.533673e-01 7.905546e-02 2.420970e-01
3.491403e+07 7.485750e-01 7.611371e-02 2.480891e-01
3.548134e+07 7.437369e-01 7.324991e-02 2.541538e-01
3.605786e+07 7.388541e-01 7.046354e-02 2.602891e-01
3.664376e+07 7.339276e-01 6.775396e-02 2.664930e-01
3.723917e+07 7.289589e-01 6.512071e-02 2.727628e-01
3.784426e+07 7.239491e-01 6.256300e-02 2.790965e-01
3.845918e+07 7.188996e-01 6.008014e-02 2.854915e-01
3.908409e+07 7.138117e-01 5.767129e-02 2.919452e-01
3.971915e+07 7.086869e-01 5.533562e-02 2.984550e-01
4.036454e+07 7.035264e-01 5.307211e-02 3.050185e-01
4.102041e+07 6.983318e-01 5.087984e-02 3.116326e-01
4.168694e+07 6.931045e-01 4.875773e-02 3.182947e-01
4.236430e+07 6.878460e-01 4.670471e-02 3.250019e-01
4.305266e+07 6.825579e-01 4.471966e-02 3.317511e-01
4.375221e+07 6.772417e-01 4.280138e-02 3.385396e-01
4.446313e+07 6.718990e-01 4.094869e-02 3.453641e-01
4.518559e+07 6.665314e-01 3.916033e-02 3.522217e-01
4.591980e+07 6.611403e-01 3.743495e-02 3.591096e-01
4.666594e+07 6.557275e-01 3.577131e-02 3.660244e-01
4.742420e+07 6.502947e-01 3.416809e-02 3.729628e-01
4.819478e+07 6.448433e-01 3.262387e-02 3.799222e-01
4.897788e+07 6.393751e-01 3.113732e-02 3.868991e-01
4.977371e+07 6.338917e-01 2.970703e-02 3.938905e-01
5.058247e+07 6.283947e-01 2.833160e-02 4.008933e-01
5.140437e+07 6.228858e-01 2.700962e-02 4.079043e-01
5.223962e+07 6.173666e-01 2.573968e-02 4.149205e-01
5.308844e+07 6.118388e-01 2.452035e-02 4.219388e-01
5.395106e+07 6.063040e-01 2.335023e-02 4.289561e-01
5.482770e+07 6.007637e-01 2.222785e-02 4.359696e-01
5.571857e+07 5.952198e-01 2.115188e-02 4.429759e-01
5.662393e+07 5.896736e-01 2.012084e-02 4.499726e-01
5.754399e+07 5.841268e-01 1.913337e-02 4.569565e-01
5.847901e+07 5.785809e-01 1.818806e-02 4.639249e-01
5.942922e+07 5.730375e-01 1.728357e-02 4.708750e-01
6.039486e+07 5.674983e-01 1.641856e-02 4.778038e-01
6.137620e+07 5.619645e-01 1.559164e-02 4.847091e-01
6.237348e+07 5.564377e-01 1.480153e-02 4.915882e-01
6.338697e+07 5.509194e-01 1.404693e-02 4.984383e-01
6.441693e+07 5.454110e-01 1.332657e-02 5.052573e-01
6.546362e+07 5.399139e-01 1.263919e-02 5.120426e-01
6.652732e+07 5.344294e-01 1.198356e-02 5.187921e-01
6.760830e+07 5.289591e-01 1.135852e-02 5.255032e-01
6.870684e+07 5.235040e-01 1.076284e-02 5.321741e-01
6.982324e+07 5.180656e-01 1.019542e-02 5.388027e-01
7.095778e+07 5.126451e-01 9.655119e-03 5.453869e-01
7.211075e+07 5.072436e-01 9.140847e-03 5.519249e-01
7.328245e+07 5.018625e-01 8.651561e-03 5.584148e-01
7.447320e+07 4.965028e-01 8.186215e-03 5.648549e-01
7.568329e+07 4.911657e-01 7.743813e-03 5.712435e-01
7.691304e+07 4.858522e-01 7.323378e-03 5.775792e-01
7.816278e+07 4.805634e-01 6.923970e-03 5.838605e-01
7.943282e+07 4.753003e-01 6.544674e-03 5.900858e-01
8.072350e+07 4.700639e-01 6.184609e-03 5.962540e-01
8.203515e+07 4.648551e-01 5.842916e-03 6.023638e-01
8.336812e+07 4.596748e-01 5.518769e-03 6.084141e-01
8.472274e+07 4.545240e-01 5.211379e-03 6.144037e-01
8.609938e+07 4.494034e-01 4.919969e-03 6.203317e-01
8.749838e+07 4.443138e-01 4.643798e-03 6.261972e-01
8.892011e+07 4.392561e-01 4.382159e-03 6.319993e-01
9.036495e+07 4.342308e-01 4.134354e-03 6.377375e-01
9.183326e+07 4.292388e-01 3.899733e-03 6.434108e-01
9.332543e+07 4.242807e-01 3.677659e-03 6.490187e-01
9.484185e+07 4.193570e-01 3.467517e-03 6.545608e-01
9.638290e+07 4.144685e-01 3.268733e-03 6.600364e-01
9.794900e+07 4.096156e-01 3.080738e-03 6.654453e-01
9.954054e+07 4.047990e-01 2.903002e-03 6.707869e-01
1.011579e+08 4.000191e-01 2.735009e-03 6.760612e-01
1.028016e+08 3.952762e-01 2.576260e-03 6.812680e-01
1.044720e+08 3.905709e-01 2.426291e-03 6.864069e-01
1.061696e+08 3.859034e-01 2.284646e-03 6.914782e-01
1.078947e+08 3.812744e-01 2.150907e-03 6.964815e-01
1.096478e+08 3.766843e-01 2.024662e-03 7.014165e-01
1.114295e+08 3.721329e-01 1.905508e-03 7.062841e-01
1.132400e+08 3.676211e-01 1.793088e-03 7.110836e-01
1.150800e+08 3.631486e-01 1.687031e-03 7.158158e-01
1.169499e+08 3.587160e-01 1.587007e-03 7.204804e-01
1.188502e+08 3.543233e-01 1.492690e-03 7.250780e-01
1.207814e+08 3.499707e-01 1.403773e-03 7.296088e-01
1.227439e+08 3.456586e-01 1.319969e-03 7.340728e-01
1.247384e+08 3.413868e-01 1.240992e-03 7.384707e-01
1.267652e+08 3.371557e-01 1.166586e-03 7.428027e-01
1.288250e+08 3.329652e-01 1.096495e-03 7.470694e-01
1.309182e+08 3.288155e-01 1.030484e-03 7.512710e-01
1.330454e+08 3.247067e-01 9.683278e-04 7.554079e-01
1.352073e+08 3.206384e-01 9.098047e-04 7.594812e-01
1.374042e+08 3.166111e-01 8.547191e-04 7.634908e-01
1.396368e+08 3.126247e-01 8.028765e-04 7.674374e-01
1.419058e+08 3.086788e-01 7.540895e-04 7.713219e-01
1.442115e+08 3.047740e-01 7.081929e-04 7.751442e-01
1.465548e+08 3.009096e-01 6.650152e-04 7.789057e-01
1.489361e+08 2.970859e-01 6.244055e-04 7.826065e-01
1.513561e+08 2.933027e-01 5.862156e-04 7.862474e-01
1.538155e+08 2.895598e-01 5.503057e-04 7.898291e-01
1.563148e+08 2.858573e-01 5.165465e-04 7.933522e-01
1.588547e+08 2.821949e-01 4.848120e-04 7.968173e-01
1.614359e+08 2.785725e-01 4.549852e-04 8.002252e-01
1.640590e+08 2.749900e-01 4.269556e-04 8.035765e-01
1.667247e+08 2.714472e-01 4.006180e-04 8.068720e-01
1.694338e+08 2.679437e-01 3.758718e-04 8.101125e-01
1.721869e+08 2.644796e-01 3.526256e-04 8.132984e-01
1.749847e+08 2.610547e-01 3.307911e-04 8.164306e-01
1.778279e+08 2.576687e-01 3.102842e-04 8.195099e-01
1.807174e+08 2.543212e-01 2.910255e-04 8.225370e-01
1.836538e+08 2.510122e-01 2.729421e-04 8.255125e-01
1.866380e+08 2.477414e-01 2.559639e-04 8.284373e-01
1.896706e+08 2.445086e-01 2.400250e-04 8.313119e-01
1.927525e+08 2.413135e-01 2.250632e-04 8.341373e-01
1.958845e+08 2.381558e-01 2.110197e-04 8.369141e-01
1.990673e+08 2.350354e-01 1.978401e-04 8.396429e-01
2.023019e+08 2.319519e-01 1.854719e-04 8.423246e-01
2.055891e+08 2.289049e-01 1.738656e-04 8.449600e-01
2.089296e+08 2.258944e-01 1.629764e-04 8.475495e-01
2.123244e+08 2.229200e-01 1.527603e-04 8.500941e-01
2.157744e+08 2.199814e-01 1.431765e-04 8.525944e-01
2.192805e+08 2.170782e-01 1.341864e-04 8.550512e-01
2.228435e+08 2.142103e-01 1.257542e-04 8.574650e-01
2.264644e+08 2.113773e-01 1.178457e-04 8.598367e-01
2.301442e+08 2.085788e-01 1.104288e-04 8.621670e-01
2.338837e+08 2.058148e-01 1.034740e-04 8.644563e-01
2.376840e+08 2.030847e-01 9.695240e-05 8.667056e-01
2.415461e+08 2.003882e-01 9.083741e-05 8.689155e-01
2.454709e+08 1.977252e-01 8.510450e-05 8.710865e-01
2.494595e+08 1.950952e-01 7.972978e-05 8.732194e-01
2.535129e+08 1.924980e-01 7.469140e-05 8.753148e-01
2.576321e+08 1.899332e-01 6.996844e-05 8.773734e-01
2.618183e+08 1.874005e-01 6.554145e-05 8.793958e-01
2.660725e+08 1.848997e-01 6.139231e-05 8.813826e-01
2.703958e+08 1.824303e-01 5.750351e-05 8.833345e-01
2.747894e+08 1.799921e-01 5.385908e-05 8.852520e-01
2.792544e+08 1.775848e-01 5.044389e-05 8.871357e-01
2.837919e+08 1.752079e-01 4.724342e-05 8.889864e-01
2.884032e+08 1.728613e-01 4.424461e-05 8.908045e-01
2.930893e+08 1.705447e-01 4.143491e-05 8.925905e-01
2.978516e+08 1.682575e-01 3.880218e-05 8.943452e-01
3.026913e+08 1.659997e-01 3.633575e-05 8.960690e-01
3.076097e+08 1.637708e-01 3.402501e-05 8.977626e-01
3.126079e+08 1.615705e-01 3.186024e-05 8.994264e-01
3.176874e+08 1.593985e-01 2.983234e-05 9.010611e-01
3.228494e+08 1.572546e-01 2.793281e-05 9.026670e-01
3.280953e+08 1.551384e-01 2.615352e-05 9.042447e-01
3.334264e+08 1.530495e-01 2.448687e-05 9.057949e-01
3.388442e+08 1.509877e-01 2.292585e-05 9.073179e-01
3.443499e+08 1.489527e-01 2.146384e-05 9.088142e-01
3.499452e+08 1.469442e-01 2.009459e-05 9.102843e-01
3.556313e+08 1.449618e-01 1.881222e-05 9.117289e-01
3.614099e+08 1.430053e-01 1.761131e-05 9.131481e-01
3.672823e+08 1.410744e-01 1.648672e-05 9.145427e-01
3.732502e+08 1.391687e-01 1.543358e-05 9.159129e-01
3.793150e+08 1.372879e-01 1.444737e-05 9.172594e-01
3.854784e+08 1.354319e-01 1.352398e-05 9.185824e-01
3.917419e+08 1.336002e-01 1.265931e-05 9.198825e-01
3.981072e+08 1.317927e-01 1.184975e-05 9.211599e-01
4.045759e+08 1.300089e-01 1.109172e-05 9.224153e-01
4.111497e+08 1.282486e-01 1.038199e-05 9.236490e-01
4.178304e+08 1.265116e-01 9.717519e-06 9.248613e-01
4.246196e+08 1.247975e-01 9.095409e-06 9.260528e-01
4.315191e+08 1.231061e-01 8.512994e-06 9.272237e-01
4.385307e+08 1.214371e-01 7.967748e-06 9.283744e-01
4.456562e+08 1.197902e-01 7.457302e-06 9.295054e-01
4.528976e+08 1.181652e-01 6.979466e-06 9.306169e-01
4.602566e+08 1.165617e-01 6.532131e-06 9.317094e-01
4.677351e+08 1.149796e-01 6.113402e-06 9.327832e-01
4.753352e+08 1.134185e-01 5.721424e-06 9.338386e-01
4.830588e+08 1.118782e-01 5.354510e-06 9.348760e-01
4.909079e+08 1.103584e-01 5.011055e-06 9.358958e-01
4.988845e+08 1.088589e-01 4.689578e-06 9.368982e-01
5.069907e+08 1.073794e-01 4.388667e-06 9.378835e-01
5.152286e+08 1.059197e-01 4.107022e-06 9.388522e-01
5.236004e+08 1.044795e-01 3.843405e-06 9.398044e-01
5.321083e+08 1.030585e-01 3.596656e-06 9.407405e-01
5.407543e+08 1.016566e-01 3.365725e-06 9.416608e-01
5.495409e+08 1.002735e-01 3.149590e-06 9.425656e-01
5.584702e+08 9.890886e-02 2.947293e-06 9.434552e-01
5.675446e+08 9.756257e-02 2.757968e-06 9.443298e-01
5.767665e+08 9.623435e-02 2.580779e-06 9.451898e-01
5.861382e+08 9.492397e-02 2.414952e-06 9.460353e-01
5.956621e+08 9.363121e-02 2.259760e-06 9.468667e-01
6.053409e+08 9.235581e-02 2.114520e-06 9.476842e-01
6.151769e+08 9.109758e-02 1.978599e-06 9.484881e-01
6.251727e+08 8.985629e-02 1.851400e-06 9.492786e-01
6.353309e+08 8.863172e-02 1.732364e-06 9.500559e-01
6.456542e+08 8.742365e-02 1.620969e-06 9.508204e-01
6.561453e+08 8.623186e-02 1.516724e-06 9.515722e-01
6.668068e+08 8.505615e-02 1.419173e-06 9.523116e-01
6.776415e+08 8.389631e-02 1.327888e-06 9.530387e-01
6.886523e+08 8.275212e-02 1.242465e-06 9.537539e-01
6.998420e+08 8.162338e-02 1.162529e-06 9.544573e-01
7.112135e+08 8.050990e-02 1.087729e-06 9.551492e-01
7.227698e+08 7.941147e-02 1.017735e-06 9.558297e-01
7.345139e+08 7.832789e-02 9.522393e-07 9.564991e-01
7.464488e+08 7.725897e-02 8.909532e-07 9.571576e-01
7.585776e+08 7.620452e-02 8.336068e-07 9.578053e-01
7.709035e+08 7.516435e-02 7.799473e-07 9.584424e-01
7.834296e+08 7.413826e-02 7.297375e-07 9.590692e-01
7.961594e+08 7.312606e-02 6.827559e-07 9.596858e-01
8.090959e+08 7.212760e-02 6.387967e-07 9.602924e-01
8.222426e+08 7.114266e-02 5.976642e-07 9.608892e-01
8.356030e+08 7.017108e-02 5.591776e-07 9.614764e-01
8.491805e+08 6.921267e-02 5.231666e-07 9.620541e-01
8.629785e+08 6.826728e-02 4.894730e-07 9.626225e-01
8.770008e+08 6.733471e-02 4.579469e-07 9.631818e-01
8.912509e+08 6.641481e-02 4.284498e-07 9.637321e-01
9.057326e+08 6.550739e-02 4.008505e-07 9.642735e-01
9.204496e+08 6.461230e-02 3.750278e-07 9.648063e-01
9.354057e+08 6.372938e-02 3.508673e-07 9.653306e-01
9.506048e+08 6.285845e-02 3.282619e-07 9.658466e-01
9.660509e+08 6.199936e-02 3.071117e-07 9.663543e-01
9.817479e+08 6.115196e-02 2.873234e-07 9.668540e-01
9.977001e+08 6.031607e-02 2.688089e-07 9.673457e-01
1.013911e+09 5.949158e-02 2.514872e-07 9.678296e-01
1.030386e+09 5.867827e-02 2.352802e-07 9.683059e-01
1.047129e+09 5.787601e-02 2.201166e-07 9.687747e-01
1.064143e+09 5.708473e-02 2.059306e-07 9.692361e-01
1.081434e+09 5.630419e-02 1.926578e-07 9.696902e-01
1.099006e+09 5.553427e-02 1.802399e-07 9.701372e-01
1.116863e+09 5.477487e-02 1.686223e-07 9.705771e-01
1.135011e+09 5.402577e-02 1.577526e-07 9.710102e-01
1.153453e+09 5.328691e-02 1.475835e-07 9.714365e-01
1.172195e+09 5.255811e-02 1.380696e-07 9.718561e-01
1.191242e+09 5.183922e-02 1.291684e-07 9.722692e-01
1.210598e+09 5.113015e-02 1.208409e-07 9.726758e-01
1.230269e+09 5.043072e-02 1.130498e-07 9.730762e-01
1.250259e+09 4.974086e-02 1.057611e-07 9.734703e-01
1.270574e+09 4.906039e-02 9.894198e-08 9.738583e-01
1.291219e+09 4.838921e-02 9.256240e-08 9.742402e-01
1.312200e+09 4.772717e-02 8.659385e-08 9.746163e-01
1.333521e+09 4.707418e-02 8.101015e-08 9.749866e-01
1.355189e+09 4.643009e-02 7.578627e-08 9.753511e-01
1.377209e+09 4.579478e-02 7.089905e-08 9.757101e-01
1.399587e+09 4.516814e-02 6.632687e-08 9.760635e-01
1.422329e+09 4.455005e-02 6.204941e-08 9.764115e-01
1.445440e+09 4.394040e-02 5.804772e-08 9.767542e-01
1.468926e+09 4.333909e-02 5.430413e-08 9.770916e-01
1.492794e+09 4.274598e-02 5.080182e-08 9.774239e-01
1.517050e+09 4.216096e-02 4.752527e-08 9.777510e-01
1.541700e+09 4.158394e-02 4.446004e-08 9.780732e-01
1.566751e+09 4.101478e-02 4.159234e-08 9.783905e-01
1.592209e+09 4.045340e-02 3.890959e-08 9.787030e-01
1.618080e+09 3.989970e-02 3.639987e-08 9.790107e-01
1.644372e+09 3.935355e-02 3.405193e-08 9.793137e-01
1.671091e+09 3.881487e-02 3.185543e-08 9.796122e-01
1.698244e+09 3.828355e-02 2.980058e-08 9.799061e-01
1.725838e+09 3.775949e-02 2.787824e-08 9.801956e-01
1.753881e+09 3.724259e-02 2.607987e-08 9.804807e-01
1.782379e+09 3.673276e-02 2.439750e-08 9.807616e-01
1.811340e+09 3.622989e-02 2.282360e-08 9.810382e-01
1.840772e+09 3.573390e-02 2.135123e-08 9.813106e-01
1.870682e+09 3.524468e-02 1.997380e-08 9.815789e-01
1.901078e+09 3.476216e-02 1.868524e-08 9.818432e-01
1.931968e+09 3.428623e-02 1.747978e-08 9.821036e-01
1.963360e+09 3.381680e-02 1.635206e-08 9.823600e-01
1.995262e+09 3.335380e-02 1.529710e-08 9.826127e-01
2.027683e+09 3.289711e-02 1.431014e-08 9.828615e-01
2.060630e+09 3.244669e-02 1.338690e-08 9.831066e-01
2.094112e+09 3.200242e-02 1.252320e-08 9.833481e-01
2.128139e+09 3.156422e-02 1.171520e-08 9.835860e-01
2.162719e+09 3.113201e-02 1.095932e-08 9.838204e-01
2.197860e+09 3.070572e-02 1.025222e-08 9.840512e-01
2.233572e+09 3.028527e-02 9.590740e-09 9.842787e-01
2.269865e+09 2.987055e-02 8.971906e-09 9.845027e-01
2.306747e+09 2.946152e-02 8.393018e-09 9.847235e-01
2.344229e+09 2.905807e-02 7.851456e-09 9.849410e-01
2.382319e+09 2.866016e-02 7.344859e-09 9.851552e-01
2.421029e+09 2.826768e-02 6.870928e-09 9.853663e-01
2.460368e+09 2.788056e-02 6.427563e-09 9.855743e-01
2.500345e+09 2.749876e-02 6.012828e-09 9.857792e-01
2.540973e+09 2.712216e-02 5.624826e-09 9.859812e-01
2.582260e+09 2.675073e-02 5.261874e-09 9.861801e-01
2.624219e+09 2.638437e-02 4.922329e-09 9.863761e-01
2.666859e+09 2.602304e-02 4.604705e-09 9.865693e-01
2.710192e+09 2.566664e-02 4.307563e-09 9.867596e-01
2.754229e+09 2.531512e-02 4.029595e-09 9.869471e-01
2.798981e+09 2.496842e-02 3.769569e-09 9.871319e-01
2.844461e+09 2.462646e-02 3.526318e-09 9.873139e-01
2.890680e+09 2.428917e-02 3.298755e-09 9.874934e-01
2.937650e+09 2.395651e-02 3.085885e-09 9.876702e-01
2.985383e+09 2.362839e-02 2.886742e-09 9.878444e-01
3.033891e+09 2.330478e-02 2.700459e-09 9.880160e-01
3.083188e+09 2.298558e-02 2.526187e-09 9.881852e-01
3.133286e+09 2.267076e-02 2.363165e-09 9.883519e-01
3.184198e+09 2.236025e-02 2.210662e-09 9.885162e-01
3.235937e+09 2.205398e-02 2.067996e-09 9.886782e-01
3.288516e+09 2.175192e-02 1.934543e-09 9.888377e-01
3.341950e+09 2.145398e-02 1.809696e-09 9.889950e-01
3.396253e+09 2.116012e-02 1.692906e-09 9.891499e-01
3.451437e+09 2.087029e-02 1.583654e-09 9.893026e-01
3.507519e+09 2.058443e-02 1.481454e-09 9.894531e-01
3.564511e+09 2.030248e-02 1.385847e-09 9.896015e-01
3.622430e+09 2.002438e-02 1.296407e-09 9.897477e-01
3.681290e+09 1.975010e-02 1.212742e-09 9.898918e-01
3.741106e+09 1.947957e-02 1.134475e-09 9.900338e-01
3.801894e+09 1.921275e-02 1.061260e-09 9.901737e-01
3.863670e+09 1.894958e-02 9.927696e-10 9.903117e-01
3.926449e+09 1.869001e-02 9.286979e-10 9.904476e-01
3.990249e+09 1.843400e-02 8.687624e-10 9.905816e-01
4.055085e+09 1.818149e-02 8.126936e-10 9.907137e-01
4.120975e+09 1.793244e-02 7.602436e-10 9.908439e-01
4.187936e+09 1.768680e-02 7.111785e-10 9.909722e-01
4.255984e+09 1.744452e-02 6.652791e-10 9.910987e-01
4.325138e+09 1.720556e-02 6.223423e-10 9.912233e-01
4.395416e+09 1.696988e-02 5.821778e-10 9.913462e-01
4.466836e+09 1.673742e-02 5.446042e-10 9.914673e-01
4.539416e+09 1.650814e-02 5.094549e-10 9.915867e-01
4.613176e+09 1.628201e-02 4.765755e-10 9.917044e-01
4.688134e+09 1.605897e-02 4.458171e-10 9.918204e-01
4.764310e+09 1.583898e-02 4.170432e-10 9.919347e-01
4.841724e+09 1.562201e-02 3.901273e-10 9.920474e-01
4.920395e+09 1.540801e-02 3.649482e-10 9.921585e-01
5.000345e+09 1.519694e-02 3.413941e-10 9.922680e-01
5.081594e+09 1.498876e-02 3.193601e-10 9.923759e-01
5.164164e+09 1.478343e-02 2.987480e-10 9.924824e-01
5.248075e+09 1.458092e-02 2.794670e-10 9.925873e-01
5.333349e+09 1.438118e-02 2.614299e-10 9.926907e-01
5.420009e+09 1.418417e-02 2.445566e-10 9.927926e-01
5.508077e+09 1.398986e-02 2.287723e-10 9.928931e-01
5.597576e+09 1.379821e-02 2.140067e-10 9.929922e-01
5.688529e+09 1.360919e-02 2.001944e-10 9.930898e-01
5.780960e+09 1.342276e-02 1.872737e-10 9.931861e-01
5.874894e+09 1.323888e-02 1.751866e-10 9.932810e-01
5.970353e+09 1.305752e-02 1.638797e-10 9.933745e-01
6.067363e+09 1.287864e-02 1.533023e-10 9.934668e-01
6.165950e+09 1.270221e-02 1.434076e-10 9.935577e-01
6.266139e+09 1.252820e-02 1.341517e-10 9.936474e-01
6.367955e+09 1.235658e-02 1.254936e-10 9.937357e-01
6.471426e+09 1.218730e-02 1.173937e-10 9.938229e-01
6.576578e+09 1.202034e-02 1.098166e-10 9.939087e-01
6.683439e+09 1.185567e-02 1.027288e-10 9.939934e-01
6.792036e+09 1.169326e-02 9.609853e-11 9.940769e-01
6.902398e+09 1.153306e-02 8.989566e-11 9.941592e-01
7.014553e+09 1.137507e-02 8.409371e-11 9.942404e-01
7.128530e+09 1.121924e-02 7.866609e-11 9.943204e-01
7.244360e+09 1.106554e-02 7.358863e-11 9.943992e-01
7.362071e+09 1.091395e-02 6.883902e-11 9.944770e-01
7.481695e+09 1.076443e-02 6.439577e-11 9.945537e-01
7.603263e+09 1.061696e-02 6.023937e-11 9.946293e-01
7.726806e+09 1.047151e-02 5.635123e-11 9.947038e-01
7.852356e+09 1.032806e-02 5.271423e-11 9.947773e-01
7.979947e+09 1.018657e-02 4.931185e-11 9.948497e-01
8.109611e+09 1.004702e-02 4.612911e-11 9.949211e-01
8.241381e+09 9.909376e-03 4.315167e-11 9.949915e-01
8.375293e+09 9.773621e-03 4.036649e-11 9.950610e-01
8.511380e+09 9.639726e-03 3.776107e-11 9.951294e-01
8.649679e+09 9.507664e-03 3.532379e-11 9.951969e-01
8.790225e+09 9.377412e-03 3.304385e-11 9.952635e-01
8.933055e+09 9.248943e-03 3.091103e-11 9.953291e-01
9.078205e+09 9.122236e-03 2.891591e-11 9.953938e-01
9.225714e+09 8.997263e-03 2.704954e-11 9.954576e-01
9.375620e+09 8.874002e-03 2.530363e-11 9.955205e-01
9.527962e+09 8.752430e-03 2.367042e-11 9.955825e-01
9.682779e+09 8.632523e-03 2.214261e-11 9.956436e-01
9.840111e+09 8.514260e-03 2.071344e-11 9.957039e-01
1.000000e+10 8.397616e-03 1.937649e-11 9.957634e-01
