#Modele Mualem-gas_pc
#p_c(1) k_rg(2)
0.000000e+00 0.000000e+00
5.000000e+05 7.601747e-06
1.000000e+06 4.729702e-05
1.500000e+06 1.377013e-04
2.000000e+06 2.935951e-04
2.500000e+06 5.276212e-04
3.000000e+06 8.508873e-04
3.500000e+06 1.273222e-03
4.000000e+06 1.803339e-03
4.500000e+06 2.449064e-03
5.000000e+06 3.217225e-03
5.500000e+06 4.113793e-03
6.000000e+06 5.143957e-03
6.500000e+06 6.312197e-03
7.000000e+06 7.622180e-03
7.500000e+06 9.076950e-03
8.000000e+06 1.067881e-02
8.500000e+06 1.242950e-02
9.000000e+06 1.433011e-02
9.500000e+06 1.638129e-02
1.000000e+07 1.858287e-02
1.050000e+07 2.093456e-02
1.100000e+07 2.343518e-02
1.150000e+07 2.608352e-02
1.200000e+07 2.887761e-02
1.250000e+07 3.181526e-02
1.300000e+07 3.489396e-02
1.350000e+07 3.811083e-02
1.400000e+07 4.146269e-02
1.450000e+07 4.494614e-02
1.500000e+07 4.855744e-02
1.550000e+07 5.229276e-02
1.600000e+07 5.614807e-02
1.650000e+07 6.011921e-02
1.700000e+07 6.420189e-02
1.750000e+07 6.839149e-02
1.800000e+07 7.268372e-02
1.850000e+07 7.707390e-02
1.900000e+07 8.155731e-02
1.950000e+07 8.612950e-02
2.000000e+07 9.078568e-02
2.050000e+07 9.552118e-02
2.100000e+07 1.003315e-01
2.150000e+07 1.052120e-01
2.200000e+07 1.101580e-01
2.250000e+07 1.151652e-01
2.300000e+07 1.202291e-01
2.350000e+07 1.253453e-01
2.400000e+07 1.305097e-01
2.450000e+07 1.357179e-01
2.500000e+07 1.409659e-01
2.550000e+07 1.462499e-01
2.600000e+07 1.515659e-01
2.650000e+07 1.569101e-01
2.700000e+07 1.622789e-01
2.750000e+07 1.676688e-01
2.800000e+07 1.730765e-01
2.850000e+07 1.784984e-01
2.900000e+07 1.839316e-01
2.950000e+07 1.893730e-01
3.000000e+07 1.948195e-01
3.050000e+07 2.002686e-01
3.100000e+07 2.057173e-01
3.150000e+07 2.111631e-01
3.200000e+07 2.166036e-01
3.250000e+07 2.220364e-01
3.300000e+07 2.274591e-01
3.350000e+07 2.328700e-01
3.400000e+07 2.382665e-01
3.450000e+07 2.436472e-01
3.500000e+07 2.490098e-01
3.550000e+07 2.543529e-01
3.600000e+07 2.596748e-01
3.650000e+07 2.649738e-01
3.700000e+07 2.702486e-01
3.750000e+07 2.754979e-01
3.800000e+07 2.807202e-01
3.850000e+07 2.859145e-01
3.900000e+07 2.910795e-01
3.950000e+07 2.962142e-01
4.000000e+07 3.013178e-01
4.050000e+07 3.063892e-01
4.100000e+07 3.114276e-01
4.150000e+07 3.164323e-01
4.200000e+07 3.214026e-01
4.250000e+07 3.263377e-01
4.300000e+07 3.312372e-01
4.350000e+07 3.361003e-01
4.400000e+07 3.409267e-01
4.450000e+07 3.457161e-01
4.500000e+07 3.504677e-01
4.550000e+07 3.551814e-01
4.600000e+07 3.598570e-01
4.650000e+07 3.644939e-01
4.700000e+07 3.690922e-01
4.750000e+07 3.736516e-01
4.800000e+07 3.781719e-01
4.850000e+07 3.826530e-01
4.900000e+07 3.870948e-01
4.950000e+07 3.914973e-01
5.000000e+07 3.958602e-01
5.050000e+07 4.001840e-01
5.100000e+07 4.044682e-01
5.150000e+07 4.087132e-01
5.200000e+07 4.129188e-01
5.250000e+07 4.170853e-01
5.300000e+07 4.212127e-01
5.350000e+07 4.253011e-01
5.400000e+07 4.293507e-01
5.450000e+07 4.333616e-01
5.500000e+07 4.373340e-01
5.550000e+07 4.412682e-01
5.600000e+07 4.451642e-01
5.650000e+07 4.490222e-01
5.700000e+07 4.528426e-01
5.750000e+07 4.566254e-01
5.800000e+07 4.603711e-01
5.850000e+07 4.640798e-01
5.900000e+07 4.677518e-01
5.950000e+07 4.713874e-01
6.000000e+07 4.749867e-01
6.050000e+07 4.785502e-01
6.100000e+07 4.820781e-01
6.150000e+07 4.855707e-01
6.200000e+07 4.890282e-01
6.250000e+07 4.924510e-01
6.300000e+07 4.958394e-01
6.350000e+07 4.991937e-01
6.400000e+07 5.025142e-01
6.450000e+07 5.058011e-01
6.500000e+07 5.090550e-01
6.550000e+07 5.122759e-01
6.600000e+07 5.154643e-01
6.650000e+07 5.186205e-01
6.700000e+07 5.217448e-01
6.750000e+07 5.248375e-01
6.800000e+07 5.278989e-01
6.850000e+07 5.309294e-01
6.900000e+07 5.339292e-01
6.950000e+07 5.368988e-01
7.000000e+07 5.398385e-01
7.050000e+07 5.427484e-01
7.100000e+07 5.456290e-01
7.150000e+07 5.484805e-01
7.200000e+07 5.513034e-01
7.250000e+07 5.540979e-01
7.300000e+07 5.568643e-01
7.350000e+07 5.596029e-01
7.400000e+07 5.623140e-01
7.450000e+07 5.649981e-01
7.500000e+07 5.676552e-01
7.550000e+07 5.702858e-01
7.600000e+07 5.728902e-01
7.650000e+07 5.754686e-01
7.700000e+07 5.780214e-01
7.750000e+07 5.805488e-01
7.800000e+07 5.830512e-01
7.850000e+07 5.855287e-01
7.900000e+07 5.879818e-01
7.950000e+07 5.904108e-01
8.000000e+07 5.928157e-01
8.050000e+07 5.951971e-01
8.100000e+07 5.975551e-01
8.150000e+07 5.998900e-01
8.200000e+07 6.022020e-01
8.250000e+07 6.044916e-01
8.300000e+07 6.067589e-01
8.350000e+07 6.090041e-01
8.400000e+07 6.112276e-01
8.450000e+07 6.134296e-01
8.500000e+07 6.156103e-01
8.550000e+07 6.177700e-01
8.600000e+07 6.199090e-01
8.650000e+07 6.220275e-01
8.700000e+07 6.241257e-01
8.750000e+07 6.262039e-01
8.800000e+07 6.282623e-01
8.850000e+07 6.303012e-01
8.900000e+07 6.323208e-01
8.950000e+07 6.343212e-01
9.000000e+07 6.363029e-01
9.050000e+07 6.382658e-01
9.100000e+07 6.402105e-01
9.150000e+07 6.421368e-01
9.200000e+07 6.440452e-01
9.250000e+07 6.459358e-01
9.300000e+07 6.478089e-01
9.350000e+07 6.496647e-01
9.400000e+07 6.515033e-01
9.450000e+07 6.533250e-01
9.500000e+07 6.551298e-01
9.550000e+07 6.569182e-01
9.600000e+07 6.586903e-01
9.650000e+07 6.604462e-01
9.700000e+07 6.621861e-01
9.750000e+07 6.639103e-01
9.800000e+07 6.656188e-01
9.850000e+07 6.673120e-01
9.900000e+07 6.689899e-01
9.950000e+07 6.706529e-01
1.000000e+08 6.723008e-01
1.005000e+08 6.739341e-01
1.010000e+08 6.755530e-01
1.015000e+08 6.771575e-01
1.020000e+08 6.787477e-01
1.025000e+08 6.803240e-01
1.030000e+08 6.818863e-01
1.035000e+08 6.834350e-01
1.040000e+08 6.849701e-01
1.045000e+08 6.864918e-01
1.050000e+08 6.880003e-01
1.055000e+08 6.894958e-01
1.060000e+08 6.909783e-01
1.065000e+08 6.924481e-01
1.070000e+08 6.939051e-01
1.075000e+08 6.953497e-01
1.080000e+08 6.967821e-01
1.085000e+08 6.982021e-01
1.090000e+08 6.996101e-01
1.095000e+08 7.010062e-01
1.100000e+08 7.023904e-01
1.105000e+08 7.037630e-01
1.110000e+08 7.051241e-01
1.115000e+08 7.064737e-01
1.120000e+08 7.078122e-01
1.125000e+08 7.091395e-01
1.130000e+08 7.104558e-01
1.135000e+08 7.117611e-01
1.140000e+08 7.130556e-01
1.145000e+08 7.143396e-01
1.150000e+08 7.156129e-01
1.155000e+08 7.168759e-01
1.160000e+08 7.181286e-01
1.165000e+08 7.193711e-01
1.170000e+08 7.206035e-01
1.175000e+08 7.218258e-01
1.180000e+08 7.230385e-01
1.185000e+08 7.242413e-01
1.190000e+08 7.254345e-01
1.195000e+08 7.266181e-01
1.200000e+08 7.277924e-01
1.205000e+08 7.289572e-01
1.210000e+08 7.301129e-01
1.215000e+08 7.312594e-01
1.220000e+08 7.323969e-01
1.225000e+08 7.335254e-01
1.230000e+08 7.346452e-01
1.235000e+08 7.357561e-01
1.240000e+08 7.368585e-01
1.245000e+08 7.379523e-01
1.250000e+08 7.390376e-01
1.255000e+08 7.401145e-01
1.260000e+08 7.411832e-01
1.265000e+08 7.422435e-01
1.270000e+08 7.432959e-01
1.275000e+08 7.443401e-01
1.280000e+08 7.453766e-01
1.285000e+08 7.464050e-01
1.290000e+08 7.474258e-01
1.295000e+08 7.484388e-01
1.300000e+08 7.494441e-01
1.305000e+08 7.504421e-01
1.310000e+08 7.514325e-01
1.315000e+08 7.524155e-01
1.320000e+08 7.533912e-01
1.325000e+08 7.543597e-01
1.330000e+08 7.553210e-01
1.335000e+08 7.562753e-01
1.340000e+08 7.572225e-01
1.345000e+08 7.581628e-01
1.350000e+08 7.590962e-01
1.355000e+08 7.600228e-01
1.360000e+08 7.609428e-01
1.365000e+08 7.618560e-01
1.370000e+08 7.627626e-01
1.375000e+08 7.636627e-01
1.380000e+08 7.645564e-01
1.385000e+08 7.654436e-01
1.390000e+08 7.663246e-01
1.395000e+08 7.671992e-01
1.400000e+08 7.680676e-01
1.405000e+08 7.689299e-01
1.410000e+08 7.697861e-01
1.415000e+08 7.706363e-01
1.420000e+08 7.714805e-01
1.425000e+08 7.723188e-01
1.430000e+08 7.731512e-01
1.435000e+08 7.739779e-01
1.440000e+08 7.747987e-01
1.445000e+08 7.756140e-01
1.450000e+08 7.764236e-01
1.455000e+08 7.772276e-01
1.460000e+08 7.780261e-01
1.465000e+08 7.788191e-01
1.470000e+08 7.796068e-01
1.475000e+08 7.803890e-01
1.480000e+08 7.811660e-01
1.485000e+08 7.819377e-01
1.490000e+08 7.827042e-01
1.495000e+08 7.834656e-01
1.500000e+08 7.842217e-01
1.505000e+08 7.849729e-01
1.510000e+08 7.857190e-01
1.515000e+08 7.864602e-01
1.520000e+08 7.871965e-01
1.525000e+08 7.879278e-01
1.530000e+08 7.886543e-01
1.535000e+08 7.893762e-01
1.540000e+08 7.900932e-01
1.545000e+08 7.908055e-01
1.550000e+08 7.915132e-01
1.555000e+08 7.922162e-01
1.560000e+08 7.929148e-01
1.565000e+08 7.936087e-01
1.570000e+08 7.942982e-01
1.575000e+08 7.949833e-01
1.580000e+08 7.956639e-01
1.585000e+08 7.963402e-01
1.590000e+08 7.970121e-01
1.595000e+08 7.976798e-01
1.600000e+08 7.983432e-01
1.605000e+08 7.990024e-01
1.610000e+08 7.996575e-01
1.615000e+08 8.003084e-01
1.620000e+08 8.009553e-01
1.625000e+08 8.015981e-01
1.630000e+08 8.022368e-01
1.635000e+08 8.028715e-01
1.640000e+08 8.035024e-01
1.645000e+08 8.041292e-01
1.650000e+08 8.047523e-01
1.655000e+08 8.053715e-01
1.660000e+08 8.059868e-01
1.665000e+08 8.065984e-01
1.670000e+08 8.072062e-01
1.675000e+08 8.078103e-01
1.680000e+08 8.084107e-01
1.685000e+08 8.090076e-01
1.690000e+08 8.096007e-01
1.695000e+08 8.101903e-01
1.700000e+08 8.107763e-01
1.705000e+08 8.113588e-01
1.710000e+08 8.119378e-01
1.715000e+08 8.125133e-01
1.720000e+08 8.130855e-01
1.725000e+08 8.136542e-01
1.730000e+08 8.142195e-01
1.735000e+08 8.147814e-01
1.740000e+08 8.153401e-01
1.745000e+08 8.158954e-01
1.750000e+08 8.164475e-01
1.755000e+08 8.169964e-01
1.760000e+08 8.175420e-01
1.765000e+08 8.180844e-01
1.770000e+08 8.186238e-01
1.775000e+08 8.191600e-01
1.780000e+08 8.196930e-01
1.785000e+08 8.202230e-01
1.790000e+08 8.207500e-01
1.795000e+08 8.212738e-01
1.800000e+08 8.217948e-01
1.805000e+08 8.223127e-01
1.810000e+08 8.228277e-01
1.815000e+08 8.233397e-01
1.820000e+08 8.238488e-01
1.825000e+08 8.243551e-01
1.830000e+08 8.248585e-01
1.835000e+08 8.253591e-01
1.840000e+08 8.258568e-01
1.845000e+08 8.263518e-01
1.850000e+08 8.268440e-01
1.855000e+08 8.273334e-01
1.860000e+08 8.278201e-01
1.865000e+08 8.283041e-01
1.870000e+08 8.287855e-01
1.875000e+08 8.292642e-01
1.880000e+08 8.297403e-01
1.885000e+08 8.302137e-01
1.890000e+08 8.306845e-01
1.895000e+08 8.311527e-01
1.900000e+08 8.316185e-01
1.905000e+08 8.320817e-01
1.910000e+08 8.325423e-01
1.915000e+08 8.330004e-01
1.920000e+08 8.334561e-01
1.925000e+08 8.339094e-01
1.930000e+08 8.343602e-01
1.935000e+08 8.348085e-01
1.940000e+08 8.352544e-01
1.945000e+08 8.356980e-01
1.950000e+08 8.361392e-01
1.955000e+08 8.365782e-01
1.960000e+08 8.370147e-01
1.965000e+08 8.374490e-01
1.970000e+08 8.378809e-01
1.975000e+08 8.383105e-01
1.980000e+08 8.387380e-01
1.985000e+08 8.391632e-01
1.990000e+08 8.395861e-01
1.995000e+08 8.400068e-01
2.000000e+08 8.404254e-01
