# Modeles : Van-Genuchten Mualem_liq Mualem_gas
# p_c(1) s_l(2) kl(3) kg(4)
0.000000e+00 1.000000e+00 1.000000e+00 0.000000e+00
5.000000e+05 9.998476e-01 9.509137e-01 7.601747e-06
1.000000e+06 9.994489e-01 9.119917e-01 4.729702e-05
1.500000e+06 9.988315e-01 8.765777e-01 1.377013e-04
2.000000e+06 9.980096e-01 8.434958e-01 2.935951e-04
2.500000e+06 9.969933e-01 8.122122e-01 5.276212e-04
3.000000e+06 9.957907e-01 7.824219e-01 8.508873e-04
3.500000e+06 9.944089e-01 7.539308e-01 1.273222e-03
4.000000e+06 9.928544e-01 7.266048e-01 1.803339e-03
4.500000e+06 9.911330e-01 7.003408e-01 2.449064e-03
5.000000e+06 9.892505e-01 6.750637e-01 3.217225e-03
5.500000e+06 9.872125e-01 6.507130e-01 4.113793e-03
6.000000e+06 9.850244e-01 6.272383e-01 5.143957e-03
6.500000e+06 9.826914e-01 6.045962e-01 6.312197e-03
7.000000e+06 9.802188e-01 5.827505e-01 7.622180e-03
7.500000e+06 9.776117e-01 5.616685e-01 9.076950e-03
8.000000e+06 9.748753e-01 5.413217e-01 1.067881e-02
8.500000e+06 9.720146e-01 5.216832e-01 1.242950e-02
9.000000e+06 9.690347e-01 5.027291e-01 1.433011e-02
9.500000e+06 9.659404e-01 4.844356e-01 1.638129e-02
1.000000e+07 9.627369e-01 4.667828e-01 1.858287e-02
1.050000e+07 9.594288e-01 4.497487e-01 2.093456e-02
1.100000e+07 9.560212e-01 4.333152e-01 2.343518e-02
1.150000e+07 9.525186e-01 4.174625e-01 2.608352e-02
1.200000e+07 9.489259e-01 4.021732e-01 2.887761e-02
1.250000e+07 9.452477e-01 3.874298e-01 3.181526e-02
1.300000e+07 9.414885e-01 3.732149e-01 3.489396e-02
1.350000e+07 9.376528e-01 3.595121e-01 3.811083e-02
1.400000e+07 9.337450e-01 3.463052e-01 4.146269e-02
1.450000e+07 9.297694e-01 3.335785e-01 4.494614e-02
1.500000e+07 9.257303e-01 3.213169e-01 4.855744e-02
1.550000e+07 9.216318e-01 3.095052e-01 5.229276e-02
1.600000e+07 9.174779e-01 2.981286e-01 5.614807e-02
1.650000e+07 9.132725e-01 2.871728e-01 6.011921e-02
1.700000e+07 9.090194e-01 2.766237e-01 6.420189e-02
1.750000e+07 9.047225e-01 2.664680e-01 6.839149e-02
1.800000e+07 9.003852e-01 2.566919e-01 7.268372e-02
1.850000e+07 8.960111e-01 2.472826e-01 7.707390e-02
1.900000e+07 8.916037e-01 2.382276e-01 8.155731e-02
1.950000e+07 8.871661e-01 2.295142e-01 8.612950e-02
2.000000e+07 8.827016e-01 2.211304e-01 9.078568e-02
2.050000e+07 8.782133e-01 2.130648e-01 9.552118e-02
2.100000e+07 8.737040e-01 2.053055e-01 1.003315e-01
2.150000e+07 8.691767e-01 1.978418e-01 1.052120e-01
2.200000e+07 8.646342e-01 1.906629e-01 1.101580e-01
2.250000e+07 8.600789e-01 1.837580e-01 1.151652e-01
2.300000e+07 8.555135e-01 1.771174e-01 1.202291e-01
2.350000e+07 8.509405e-01 1.707311e-01 1.253453e-01
2.400000e+07 8.463620e-01 1.645894e-01 1.305097e-01
2.450000e+07 8.417804e-01 1.586834e-01 1.357179e-01
2.500000e+07 8.371979e-01 1.530041e-01 1.409659e-01
2.550000e+07 8.326163e-01 1.475426e-01 1.462499e-01
2.600000e+07 8.280377e-01 1.422909e-01 1.515659e-01
2.650000e+07 8.234639e-01 1.372408e-01 1.569101e-01
2.700000e+07 8.188967e-01 1.323845e-01 1.622789e-01
2.750000e+07 8.143377e-01 1.277145e-01 1.676688e-01
2.800000e+07 8.097885e-01 1.232236e-01 1.730765e-01
2.850000e+07 8.052507e-01 1.189048e-01 1.784984e-01
2.900000e+07 8.007256e-01 1.147514e-01 1.839316e-01
2.950000e+07 7.962146e-01 1.107568e-01 1.893730e-01
3.000000e+07 7.917190e-01 1.069148e-01 1.948195e-01
3.050000e+07 7.872399e-01 1.032194e-01 2.002686e-01
3.100000e+07 7.827786e-01 9.966490e-02 2.057173e-01
3.150000e+07 7.783360e-01 9.624555e-02 2.111631e-01
3.200000e+07 7.739132e-01 9.295612e-02 2.166036e-01
3.250000e+07 7.695111e-01 8.979140e-02 2.220364e-01
3.300000e+07 7.651306e-01 8.674646e-02 2.274591e-01
3.350000e+07 7.607724e-01 8.381646e-02 2.328700e-01
3.400000e+07 7.564375e-01 8.099697e-02 2.382665e-01
3.450000e+07 7.521263e-01 7.828341e-02 2.436472e-01
3.500000e+07 7.478398e-01 7.567176e-02 2.490098e-01
3.550000e+07 7.435783e-01 7.315778e-02 2.543529e-01
3.600000e+07 7.393425e-01 7.073766e-02 2.596748e-01
3.650000e+07 7.351330e-01 6.840770e-02 2.649738e-01
3.700000e+07 7.309502e-01 6.616428e-02 2.702486e-01
3.750000e+07 7.267944e-01 6.400388e-02 2.754979e-01
3.800000e+07 7.226662e-01 6.192329e-02 2.807202e-01
3.850000e+07 7.185659e-01 5.991934e-02 2.859145e-01
3.900000e+07 7.144938e-01 5.798895e-02 2.910795e-01
3.950000e+07 7.104502e-01 5.612921e-02 2.962142e-01
4.000000e+07 7.064353e-01 5.433731e-02 3.013178e-01
4.050000e+07 7.024494e-01 5.261059e-02 3.063892e-01
4.100000e+07 6.984927e-01 5.094648e-02 3.114276e-01
4.150000e+07 6.945653e-01 4.934248e-02 3.164323e-01
4.200000e+07 6.906674e-01 4.779624e-02 3.214026e-01
4.250000e+07 6.867991e-01 4.630549e-02 3.263377e-01
4.300000e+07 6.829605e-01 4.486805e-02 3.312372e-01
4.350000e+07 6.791517e-01 4.348184e-02 3.361003e-01
4.400000e+07 6.753727e-01 4.214485e-02 3.409267e-01
4.450000e+07 6.716235e-01 4.085514e-02 3.457161e-01
4.500000e+07 6.679043e-01 3.961094e-02 3.504677e-01
4.550000e+07 6.642149e-01 3.841041e-02 3.551814e-01
4.600000e+07 6.605553e-01 3.725188e-02 3.598570e-01
4.650000e+07 6.569256e-01 3.613375e-02 3.644939e-01
4.700000e+07 6.533256e-01 3.505444e-02 3.690922e-01
4.750000e+07 6.497553e-01 3.401246e-02 3.736516e-01
4.800000e+07 6.462146e-01 3.300637e-02 3.781719e-01
4.850000e+07 6.427034e-01 3.203482e-02 3.826530e-01
4.900000e+07 6.392217e-01 3.109649e-02 3.870948e-01
4.950000e+07 6.357692e-01 3.019009e-02 3.914973e-01
5.000000e+07 6.323460e-01 2.931446e-02 3.958602e-01
5.050000e+07 6.289517e-01 2.846837e-02 4.001840e-01
5.100000e+07 6.255864e-01 2.765077e-02 4.044682e-01
5.150000e+07 6.222498e-01 2.686054e-02 4.087132e-01
5.200000e+07 6.189419e-01 2.609671e-02 4.129188e-01
5.250000e+07 6.156623e-01 2.535822e-02 4.170853e-01
5.300000e+07 6.124110e-01 2.464419e-02 4.212127e-01
5.350000e+07 6.091878e-01 2.395368e-02 4.253011e-01
5.400000e+07 6.059925e-01 2.328584e-02 4.293507e-01
5.450000e+07 6.028249e-01 2.263982e-02 4.333616e-01
5.500000e+07 5.996848e-01 2.201482e-02 4.373340e-01
5.550000e+07 5.965720e-01 2.141007e-02 4.412682e-01
5.600000e+07 5.934863e-01 2.082483e-02 4.451642e-01
5.650000e+07 5.904276e-01 2.025841e-02 4.490222e-01
5.700000e+07 5.873955e-01 1.971009e-02 4.528426e-01
5.750000e+07 5.843900e-01 1.917926e-02 4.566254e-01
5.800000e+07 5.814107e-01 1.866526e-02 4.603711e-01
5.850000e+07 5.784575e-01 1.816750e-02 4.640798e-01
5.900000e+07 5.755301e-01 1.768538e-02 4.677518e-01
5.950000e+07 5.726283e-01 1.721836e-02 4.713874e-01
6.000000e+07 5.697520e-01 1.676592e-02 4.749867e-01
6.050000e+07 5.669008e-01 1.632751e-02 4.785502e-01
6.100000e+07 5.640746e-01 1.590265e-02 4.820781e-01
6.150000e+07 5.612731e-01 1.549088e-02 4.855707e-01
6.200000e+07 5.584961e-01 1.509171e-02 4.890282e-01
6.250000e+07 5.557434e-01 1.470473e-02 4.924510e-01
6.300000e+07 5.530148e-01 1.432952e-02 4.958394e-01
6.350000e+07 5.503100e-01 1.396565e-02 4.991937e-01
6.400000e+07 5.476288e-01 1.361274e-02 5.025142e-01
6.450000e+07 5.449710e-01 1.327041e-02 5.058011e-01
6.500000e+07 5.423363e-01 1.293830e-02 5.090550e-01
6.550000e+07 5.397246e-01 1.261607e-02 5.122759e-01
6.600000e+07 5.371356e-01 1.230337e-02 5.154643e-01
6.650000e+07 5.345690e-01 1.199989e-02 5.186205e-01
6.700000e+07 5.320247e-01 1.170531e-02 5.217448e-01
6.750000e+07 5.295025e-01 1.141935e-02 5.248375e-01
6.800000e+07 5.270021e-01 1.114170e-02 5.278989e-01
6.850000e+07 5.245232e-01 1.087209e-02 5.309294e-01
6.900000e+07 5.220658e-01 1.061026e-02 5.339292e-01
6.950000e+07 5.196295e-01 1.035595e-02 5.368988e-01
7.000000e+07 5.172141e-01 1.010890e-02 5.398385e-01
7.050000e+07 5.148195e-01 9.868889e-03 5.427484e-01
7.100000e+07 5.124454e-01 9.635683e-03 5.456290e-01
7.150000e+07 5.100916e-01 9.409057e-03 5.484805e-01
7.200000e+07 5.077579e-01 9.188801e-03 5.513034e-01
7.250000e+07 5.054440e-01 8.974699e-03 5.540979e-01
7.300000e+07 5.031499e-01 8.766574e-03 5.568643e-01
7.350000e+07 5.008752e-01 8.564216e-03 5.596029e-01
7.400000e+07 4.986198e-01 8.367451e-03 5.623140e-01
7.450000e+07 4.963834e-01 8.176091e-03 5.649981e-01
7.500000e+07 4.941659e-01 7.989976e-03 5.676552e-01
7.550000e+07 4.919671e-01 7.808939e-03 5.702858e-01
7.600000e+07 4.897867e-01 7.632812e-03 5.728902e-01
7.650000e+07 4.876246e-01 7.461449e-03 5.754686e-01
7.700000e+07 4.854806e-01 7.294702e-03 5.780214e-01
7.750000e+07 4.833545e-01 7.132427e-03 5.805488e-01
7.800000e+07 4.812460e-01 6.974476e-03 5.830512e-01
7.850000e+07 4.791551e-01 6.820731e-03 5.855287e-01
7.900000e+07 4.770815e-01 6.671054e-03 5.879818e-01
7.950000e+07 4.750250e-01 6.525320e-03 5.904108e-01
8.000000e+07 4.729855e-01 6.383415e-03 5.928157e-01
8.050000e+07 4.709627e-01 6.245214e-03 5.951971e-01
8.100000e+07 4.689565e-01 6.110611e-03 5.975551e-01
8.150000e+07 4.669668e-01 5.979502e-03 5.998900e-01
8.200000e+07 4.649933e-01 5.851775e-03 6.022020e-01
8.250000e+07 4.630358e-01 5.727327e-03 6.044916e-01
8.300000e+07 4.610942e-01 5.606065e-03 6.067589e-01
8.350000e+07 4.591684e-01 5.487899e-03 6.090041e-01
8.400000e+07 4.572581e-01 5.372729e-03 6.112276e-01
8.450000e+07 4.553632e-01 5.260471e-03 6.134296e-01
8.500000e+07 4.534836e-01 5.151044e-03 6.156103e-01
8.550000e+07 4.516190e-01 5.044358e-03 6.177700e-01
8.600000e+07 4.497693e-01 4.940335e-03 6.199090e-01
8.650000e+07 4.479343e-01 4.838897e-03 6.220275e-01
8.700000e+07 4.461139e-01 4.739972e-03 6.241257e-01
8.750000e+07 4.443080e-01 4.643491e-03 6.262039e-01
8.800000e+07 4.425163e-01 4.549376e-03 6.282623e-01
8.850000e+07 4.407388e-01 4.457567e-03 6.303012e-01
8.900000e+07 4.389752e-01 4.367992e-03 6.323208e-01
8.950000e+07 4.372255e-01 4.280594e-03 6.343212e-01
9.000000e+07 4.354894e-01 4.195306e-03 6.363029e-01
9.050000e+07 4.337669e-01 4.112073e-03 6.382658e-01
9.100000e+07 4.320577e-01 4.030832e-03 6.402105e-01
9.150000e+07 4.303618e-01 3.951534e-03 6.421368e-01
9.200000e+07 4.286791e-01 3.874126e-03 6.440452e-01
9.250000e+07 4.270093e-01 3.798548e-03 6.459358e-01
9.300000e+07 4.253523e-01 3.724753e-03 6.478089e-01
9.350000e+07 4.237080e-01 3.652692e-03 6.496647e-01
9.400000e+07 4.220763e-01 3.582320e-03 6.515033e-01
9.450000e+07 4.204570e-01 3.513587e-03 6.533250e-01
9.500000e+07 4.188501e-01 3.446455e-03 6.551298e-01
9.550000e+07 4.172553e-01 3.380873e-03 6.569182e-01
9.600000e+07 4.156725e-01 3.316801e-03 6.586903e-01
9.650000e+07 4.141017e-01 3.254203e-03 6.604462e-01
9.700000e+07 4.125427e-01 3.193036e-03 6.621861e-01
9.750000e+07 4.109953e-01 3.133259e-03 6.639103e-01
9.800000e+07 4.094595e-01 3.074841e-03 6.656188e-01
9.850000e+07 4.079351e-01 3.017742e-03 6.673120e-01
9.900000e+07 4.064221e-01 2.961931e-03 6.689899e-01
9.950000e+07 4.049202e-01 2.907369e-03 6.706529e-01
1.000000e+08 4.034295e-01 2.854030e-03 6.723008e-01
1.005000e+08 4.019497e-01 2.801876e-03 6.739341e-01
1.010000e+08 4.004807e-01 2.750877e-03 6.755530e-01
1.015000e+08 3.990225e-01 2.701005e-03 6.771575e-01
1.020000e+08 3.975750e-01 2.652234e-03 6.787477e-01
1.025000e+08 3.961379e-01 2.604527e-03 6.803240e-01
1.030000e+08 3.947113e-01 2.557865e-03 6.818863e-01
1.035000e+08 3.932950e-01 2.512218e-03 6.834350e-01
1.040000e+08 3.918889e-01 2.467560e-03 6.849701e-01
1.045000e+08 3.904930e-01 2.423870e-03 6.864918e-01
1.050000e+08 3.891070e-01 2.381116e-03 6.880003e-01
1.055000e+08 3.877309e-01 2.339278e-03 6.894958e-01
1.060000e+08 3.863646e-01 2.298334e-03 6.909783e-01
1.065000e+08 3.850080e-01 2.258262e-03 6.924481e-01
1.070000e+08 3.836611e-01 2.219041e-03 6.939051e-01
1.075000e+08 3.823236e-01 2.180645e-03 6.953497e-01
1.080000e+08 3.809955e-01 2.143057e-03 6.967821e-01
1.085000e+08 3.796768e-01 2.106260e-03 6.982021e-01
1.090000e+08 3.783673e-01 2.070230e-03 6.996101e-01
1.095000e+08 3.770669e-01 2.034949e-03 7.010062e-01
1.100000e+08 3.757756e-01 2.000401e-03 7.023904e-01
1.105000e+08 3.744933e-01 1.966568e-03 7.037630e-01
1.110000e+08 3.732198e-01 1.933430e-03 7.051241e-01
1.115000e+08 3.719551e-01 1.900972e-03 7.064737e-01
1.120000e+08 3.706990e-01 1.869175e-03 7.078122e-01
1.125000e+08 3.694516e-01 1.838029e-03 7.091395e-01
1.130000e+08 3.682127e-01 1.807513e-03 7.104558e-01
1.135000e+08 3.669823e-01 1.777616e-03 7.117611e-01
1.140000e+08 3.657602e-01 1.748321e-03 7.130556e-01
1.145000e+08 3.645464e-01 1.719613e-03 7.143396e-01
1.150000e+08 3.633408e-01 1.691481e-03 7.156129e-01
1.155000e+08 3.621433e-01 1.663909e-03 7.168759e-01
1.160000e+08 3.609538e-01 1.636883e-03 7.181286e-01
1.165000e+08 3.597723e-01 1.610394e-03 7.193711e-01
1.170000e+08 3.585987e-01 1.584427e-03 7.206035e-01
1.175000e+08 3.574330e-01 1.558973e-03 7.218258e-01
1.180000e+08 3.562749e-01 1.534015e-03 7.230385e-01
1.185000e+08 3.551245e-01 1.509545e-03 7.242413e-01
1.190000e+08 3.539817e-01 1.485551e-03 7.254345e-01
1.195000e+08 3.528464e-01 1.462022e-03 7.266181e-01
1.200000e+08 3.517185e-01 1.438946e-03 7.277924e-01
1.205000e+08 3.505981e-01 1.416318e-03 7.289572e-01
1.210000e+08 3.494849e-01 1.394122e-03 7.301129e-01
1.215000e+08 3.483790e-01 1.372351e-03 7.312594e-01
1.220000e+08 3.472802e-01 1.350994e-03 7.323969e-01
1.225000e+08 3.461886e-01 1.330045e-03 7.335254e-01
1.230000e+08 3.451039e-01 1.309489e-03 7.346452e-01
1.235000e+08 3.440263e-01 1.289324e-03 7.357561e-01
1.240000e+08 3.429555e-01 1.269536e-03 7.368585e-01
1.245000e+08 3.418916e-01 1.250120e-03 7.379523e-01
1.250000e+08 3.408345e-01 1.231067e-03 7.390376e-01
1.255000e+08 3.397841e-01 1.212369e-03 7.401145e-01
1.260000e+08 3.387403e-01 1.194017e-03 7.411832e-01
1.265000e+08 3.377032e-01 1.176005e-03 7.422435e-01
1.270000e+08 3.366725e-01 1.158324e-03 7.432959e-01
1.275000e+08 3.356484e-01 1.140969e-03 7.443401e-01
1.280000e+08 3.346306e-01 1.123931e-03 7.453766e-01
1.285000e+08 3.336192e-01 1.107204e-03 7.464050e-01
1.290000e+08 3.326141e-01 1.090781e-03 7.474258e-01
1.295000e+08 3.316152e-01 1.074656e-03 7.484388e-01
1.300000e+08 3.306226e-01 1.058824e-03 7.494441e-01
1.305000e+08 3.296360e-01 1.043275e-03 7.504421e-01
1.310000e+08 3.286555e-01 1.028005e-03 7.514325e-01
1.315000e+08 3.276811e-01 1.013010e-03 7.524155e-01
1.320000e+08 3.267126e-01 9.982820e-04 7.533912e-01
1.325000e+08 3.257500e-01 9.838154e-04 7.543597e-01
1.330000e+08 3.247933e-01 9.696058e-04 7.553210e-01
1.335000e+08 3.238423e-01 9.556458e-04 7.562753e-01
1.340000e+08 3.228972e-01 9.419337e-04 7.572225e-01
1.345000e+08 3.219577e-01 9.284608e-04 7.581628e-01
1.350000e+08 3.210239e-01 9.152244e-04 7.590962e-01
1.355000e+08 3.200957e-01 9.022189e-04 7.600228e-01
1.360000e+08 3.191730e-01 8.894388e-04 7.609428e-01
1.365000e+08 3.182559e-01 8.768815e-04 7.618560e-01
1.370000e+08 3.173442e-01 8.645405e-04 7.627626e-01
1.375000e+08 3.164379e-01 8.524119e-04 7.636627e-01
1.380000e+08 3.155370e-01 8.404921e-04 7.645564e-01
1.385000e+08 3.146414e-01 8.287761e-04 7.654436e-01
1.390000e+08 3.137510e-01 8.172592e-04 7.663246e-01
1.395000e+08 3.128659e-01 8.059392e-04 7.671992e-01
1.400000e+08 3.119860e-01 7.948115e-04 7.680676e-01
1.405000e+08 3.111112e-01 7.838715e-04 7.689299e-01
1.410000e+08 3.102415e-01 7.731160e-04 7.697861e-01
1.415000e+08 3.093769e-01 7.625419e-04 7.706363e-01
1.420000e+08 3.085172e-01 7.521437e-04 7.714805e-01
1.425000e+08 3.076625e-01 7.419196e-04 7.723188e-01
1.430000e+08 3.068128e-01 7.318668e-04 7.731512e-01
1.435000e+08 3.059679e-01 7.219799e-04 7.739779e-01
1.440000e+08 3.051279e-01 7.122574e-04 7.747987e-01
1.445000e+08 3.042926e-01 7.026942e-04 7.756140e-01
1.450000e+08 3.034621e-01 6.932889e-04 7.764236e-01
1.455000e+08 3.026363e-01 6.840377e-04 7.772276e-01
1.460000e+08 3.018152e-01 6.749380e-04 7.780261e-01
1.465000e+08 3.009988e-01 6.659873e-04 7.788191e-01
1.470000e+08 3.001869e-01 6.571812e-04 7.796068e-01
1.475000e+08 2.993796e-01 6.485181e-04 7.803890e-01
1.480000e+08 2.985768e-01 6.399948e-04 7.811660e-01
1.485000e+08 2.977785e-01 6.316091e-04 7.819377e-01
1.490000e+08 2.969847e-01 6.233585e-04 7.827042e-01
1.495000e+08 2.961952e-01 6.152390e-04 7.834656e-01
1.500000e+08 2.954102e-01 6.072504e-04 7.842217e-01
1.505000e+08 2.946295e-01 5.993886e-04 7.849729e-01
1.510000e+08 2.938531e-01 5.916516e-04 7.857190e-01
1.515000e+08 2.930809e-01 5.840364e-04 7.864602e-01
1.520000e+08 2.923130e-01 5.765421e-04 7.871965e-01
1.525000e+08 2.915493e-01 5.691657e-04 7.879278e-01
1.530000e+08 2.907898e-01 5.619054e-04 7.886543e-01
1.535000e+08 2.900343e-01 5.547575e-04 7.893762e-01
1.540000e+08 2.892830e-01 5.477221e-04 7.900932e-01
1.545000e+08 2.885358e-01 5.407964e-04 7.908055e-01
1.550000e+08 2.877926e-01 5.339779e-04 7.915132e-01
1.555000e+08 2.870534e-01 5.272649e-04 7.922162e-01
1.560000e+08 2.863181e-01 5.206548e-04 7.929148e-01
1.565000e+08 2.855869e-01 5.141479e-04 7.936087e-01
1.570000e+08 2.848595e-01 5.077398e-04 7.942982e-01
1.575000e+08 2.841359e-01 5.014291e-04 7.949833e-01
1.580000e+08 2.834163e-01 4.952159e-04 7.956639e-01
1.585000e+08 2.827004e-01 4.890963e-04 7.963402e-01
1.590000e+08 2.819884e-01 4.830705e-04 7.970121e-01
1.595000e+08 2.812801e-01 4.771354e-04 7.976798e-01
1.600000e+08 2.805755e-01 4.712896e-04 7.983432e-01
1.605000e+08 2.798746e-01 4.655318e-04 7.990024e-01
1.610000e+08 2.791774e-01 4.598606e-04 7.996575e-01
1.615000e+08 2.784838e-01 4.542739e-04 8.003084e-01
1.620000e+08 2.777938e-01 4.487704e-04 8.009553e-01
1.625000e+08 2.771074e-01 4.433490e-04 8.015981e-01
1.630000e+08 2.764246e-01 4.380083e-04 8.022368e-01
1.635000e+08 2.757453e-01 4.327464e-04 8.028715e-01
1.640000e+08 2.750695e-01 4.275622e-04 8.035024e-01
1.645000e+08 2.743972e-01 4.224544e-04 8.041292e-01
1.650000e+08 2.737283e-01 4.174213e-04 8.047523e-01
1.655000e+08 2.730628e-01 4.124616e-04 8.053715e-01
1.660000e+08 2.724008e-01 4.075751e-04 8.059868e-01
1.665000e+08 2.717421e-01 4.027592e-04 8.065984e-01
1.670000e+08 2.710868e-01 3.980137e-04 8.072062e-01
1.675000e+08 2.704347e-01 3.933359e-04 8.078103e-01
1.680000e+08 2.697860e-01 3.887265e-04 8.084107e-01
1.685000e+08 2.691405e-01 3.841830e-04 8.090076e-01
1.690000e+08 2.684983e-01 3.797051e-04 8.096007e-01
1.695000e+08 2.678593e-01 3.752912e-04 8.101903e-01
1.700000e+08 2.672235e-01 3.709404e-04 8.107763e-01
1.705000e+08 2.665909e-01 3.666517e-04 8.113588e-01
1.710000e+08 2.659614e-01 3.624237e-04 8.119378e-01
1.715000e+08 2.653351e-01 3.582561e-04 8.125133e-01
1.720000e+08 2.647118e-01 3.541468e-04 8.130855e-01
1.725000e+08 2.640916e-01 3.500955e-04 8.136542e-01
1.730000e+08 2.634745e-01 3.461015e-04 8.142195e-01
1.735000e+08 2.628605e-01 3.421639e-04 8.147814e-01
1.740000e+08 2.622494e-01 3.382806e-04 8.153401e-01
1.745000e+08 2.616413e-01 3.344516e-04 8.158954e-01
1.750000e+08 2.610362e-01 3.306761e-04 8.164475e-01
1.755000e+08 2.604340e-01 3.269527e-04 8.169964e-01
1.760000e+08 2.598348e-01 3.232814e-04 8.175420e-01
1.765000e+08 2.592385e-01 3.196607e-04 8.180844e-01
1.770000e+08 2.586450e-01 3.160893e-04 8.186238e-01
1.775000e+08 2.580544e-01 3.125673e-04 8.191600e-01
1.780000e+08 2.574667e-01 3.090939e-04 8.196930e-01
1.785000e+08 2.568818e-01 3.056678e-04 8.202230e-01
1.790000e+08 2.562996e-01 3.022878e-04 8.207500e-01
1.795000e+08 2.557203e-01 2.989545e-04 8.212738e-01
1.800000e+08 2.551437e-01 2.956661e-04 8.217948e-01
1.805000e+08 2.545699e-01 2.924225e-04 8.223127e-01
1.810000e+08 2.539987e-01 2.892220e-04 8.228277e-01
1.815000e+08 2.534303e-01 2.860651e-04 8.233397e-01
1.820000e+08 2.528646e-01 2.829507e-04 8.238488e-01
1.825000e+08 2.523015e-01 2.798776e-04 8.243551e-01
1.830000e+08 2.517411e-01 2.768459e-04 8.248585e-01
1.835000e+08 2.511833e-01 2.738545e-04 8.253591e-01
1.840000e+08 2.506281e-01 2.709028e-04 8.258568e-01
1.845000e+08 2.500755e-01 2.679903e-04 8.263518e-01
1.850000e+08 2.495255e-01 2.651165e-04 8.268440e-01
1.855000e+08 2.489780e-01 2.622803e-04 8.273334e-01
1.860000e+08 2.484331e-01 2.594818e-04 8.278201e-01
1.865000e+08 2.478907e-01 2.567200e-04 8.283041e-01
1.870000e+08 2.473507e-01 2.539938e-04 8.287855e-01
1.875000e+08 2.468133e-01 2.513038e-04 8.292642e-01
1.880000e+08 2.462783e-01 2.486485e-04 8.297403e-01
1.885000e+08 2.457458e-01 2.460280e-04 8.302137e-01
1.890000e+08 2.452158e-01 2.434419e-04 8.306845e-01
1.895000e+08 2.446881e-01 2.408886e-04 8.311527e-01
1.900000e+08 2.441628e-01 2.383683e-04 8.316185e-01
1.905000e+08 2.436399e-01 2.358806e-04 8.320817e-01
1.910000e+08 2.431194e-01 2.334249e-04 8.325423e-01
1.915000e+08 2.426013e-01 2.310010e-04 8.330004e-01
1.920000e+08 2.420854e-01 2.286074e-04 8.334561e-01
1.925000e+08 2.415719e-01 2.262447e-04 8.339094e-01
1.930000e+08 2.410607e-01 2.239121e-04 8.343602e-01
1.935000e+08 2.405518e-01 2.216091e-04 8.348085e-01
1.940000e+08 2.400452e-01 2.193354e-04 8.352544e-01
1.945000e+08 2.395408e-01 2.170902e-04 8.356980e-01
1.950000e+08 2.390387e-01 2.148735e-04 8.361392e-01
1.955000e+08 2.385387e-01 2.126842e-04 8.365782e-01
1.960000e+08 2.380410e-01 2.105227e-04 8.370147e-01
1.965000e+08 2.375455e-01 2.083883e-04 8.374490e-01
1.970000e+08 2.370522e-01 2.062805e-04 8.378809e-01
1.975000e+08 2.365611e-01 2.041992e-04 8.383105e-01
1.980000e+08 2.360721e-01 2.021435e-04 8.387380e-01
1.985000e+08 2.355852e-01 2.001131e-04 8.391632e-01
1.990000e+08 2.351005e-01 1.981082e-04 8.395861e-01
1.995000e+08 2.346179e-01 1.961279e-04 8.400068e-01
2.000000e+08 2.341374e-01 1.941720e-04 8.404254e-01
