# C/S(1) S_CH(2) S_SH_ex(3) S_SH_th(4) r_ca[2+](5)  r_oh[-](6) r_caoh[+](7) r_h4sio4[0](8) r_h3sio4[-](9) r_h2sio4[2-](10) r_hsio4[2-](11) r_cah3sio4[+](12) r_cah2sio4[0](13) p-charge(14) n-charge(15) F(16) pH_ex(17) pH_th(18) IonStr(19)
5.400000e-02 3.869154e-08 8.350217e-01 1.000000e+00 7.400000e-04 2.089296e-05 2.128897e-07 1.628163e-03 6.787311e-04 3.106250e-06 7.821922e-12 5.022610e-15 2.298625e-17 1.480213e-03 7.058366e-04 0.000000e+00 9.320000e+00 9.299731e+00 1.836131e-03
6.700000e-02 2.275830e-08 1.034217e+00 1.032628e+00 9.300000e-04 1.445440e-05 1.823563e-07 2.016562e-03 5.815828e-04 1.855208e-06 3.280611e-12 5.408720e-15 1.725344e-17 1.860183e-03 5.997476e-04 -2.253289e-01 9.160000e+00 9.138109e+00 2.161821e-03
1.400000e-01 3.138333e-07 9.176043e-01 7.870448e-01 1.470000e-03 4.466836e-05 8.386327e-07 1.789186e-03 1.594614e-03 1.620049e-05 9.403159e-11 2.344082e-14 2.381472e-16 2.940839e-03 1.671683e-03 -1.414234e+00 9.650000e+00 9.621564e+00 3.792462e-03
2.300000e-01 5.485159e-07 1.039386e+00 7.098045e-01 1.680000e-03 5.623413e-05 1.178228e-06 2.026640e-03 2.273928e-03 2.943179e-05 2.202403e-10 3.820199e-14 4.944541e-16 3.361178e-03 2.389026e-03 -2.736804e+00 9.750000e+00 9.718980e+00 4.584535e-03
3.200000e-01 7.668785e-07 9.165801e-01 6.473154e-01 1.900000e-03 6.309573e-05 1.477074e-06 1.787189e-03 2.249937e-03 3.287351e-05 2.793814e-10 4.274881e-14 6.245967e-16 3.801477e-03 2.378781e-03 -4.019169e+00 9.800000e+00 9.767662e+00 5.023003e-03
4.100000e-01 1.781805e-06 6.785339e-01 4.758578e-01 1.950000e-03 9.549926e-05 2.276416e-06 1.323036e-03 2.520993e-03 5.597100e-05 7.256815e-10 4.915936e-14 1.091434e-15 3.902277e-03 2.728436e-03 -5.248516e+00 9.980000e+00 9.946804e+00 5.321329e-03
4.300000e-01 2.157015e-06 6.320502e-01 4.391573e-01 1.970000e-03 1.047129e-04 2.516079e-06 1.232400e-03 2.574848e-03 6.275128e-05 8.940558e-10 5.072451e-14 1.236200e-15 3.942516e-03 2.805066e-03 -5.511362e+00 1.002000e+01 9.986565e+00 5.406545e-03
6.800000e-01 6.523500e-06 4.040510e-01 2.376139e-01 2.000000e-03 1.819701e-04 4.398762e-06 7.878366e-04 2.860462e-03 1.216987e-04 3.040783e-09 5.720923e-14 2.433974e-15 4.004399e-03 3.285838e-03 -8.634723e+00 1.026000e+01 1.022558e+01 5.766826e-03
7.600000e-01 1.659997e-05 1.012849e-01 1.212888e-01 1.750000e-03 3.019952e-04 6.623450e-06 1.974898e-04 1.189994e-03 8.251287e-05 3.299708e-09 2.082489e-14 1.443975e-15 3.506623e-03 1.657025e-03 -9.552571e+00 1.048000e+01 1.044951e+01 4.414347e-03
9.300000e-01 1.321606e-03 1.610262e-03 3.002481e-03 2.130000e-03 2.511886e-03 6.459434e-05 3.139761e-06 1.573608e-04 9.246751e-05 3.192819e-08 3.351785e-15 1.969558e-15 4.324594e-03 2.854278e-03 -1.105155e+01 1.140000e+01 1.136545e+01 5.811999e-03
1.010000e+00 1.138299e-02 1.596621e-04 3.718610e-04 3.900000e-03 5.888437e-03 2.499534e-04 3.113163e-07 3.657647e-05 5.306457e-05 4.764422e-08 1.426482e-15 2.069518e-15 8.049953e-03 6.031285e-03 -1.149573e+01 1.177000e+01 1.172420e+01 1.099383e-02
1.080000e+00 2.808448e-02 6.138984e-05 1.447175e-04 5.280000e-03 8.317638e-03 4.499755e-04 1.197006e-07 1.986536e-05 4.195841e-05 5.652806e-08 1.048891e-15 2.215404e-15 1.100998e-02 8.421589e-03 -1.177742e+01 1.192000e+01 1.186764e+01 1.503791e-02
1.170000e+00 2.350442e-02 6.994962e-05 1.768082e-04 4.710000e-03 7.943282e-03 3.906370e-04 1.363909e-07 2.161650e-05 4.319258e-05 5.453266e-08 1.018137e-15 2.034370e-15 9.810637e-03 8.051448e-03 -1.210696e+01 1.190000e+01 1.184969e+01 1.368440e-02
1.250000e+00 3.412603e-02 3.769571e-05 1.126055e-04 5.720000e-03 8.912509e-03 5.142676e-04 7.350078e-08 1.307049e-05 2.981229e-05 4.371216e-08 7.476322e-16 1.705263e-15 1.195427e-02 8.985336e-03 -1.239209e+01 1.195000e+01 1.189595e+01 1.621975e-02
1.330000e+00 8.040070e-02 1.365641e-05 3.727821e-05 7.420000e-03 1.258925e-02 8.850637e-04 2.662787e-08 6.688620e-06 2.223572e-05 4.903211e-08 4.962956e-16 1.649890e-15 1.572506e-02 1.264056e-02 -1.262802e+01 1.210000e+01 1.203914e+01 2.162520e-02
1.430000e+00 7.218860e-02 1.566979e-05 4.325407e-05 6.450000e-03 1.258925e-02 7.861383e-04 3.055366e-08 7.674732e-06 2.524025e-05 5.446962e-08 4.950202e-16 1.627996e-15 1.368614e-02 1.264757e-02 -1.288548e+01 1.210000e+01 1.204148e+01 1.964226e-02
1.490000e+00 1.144706e-01 8.635786e-06 2.206470e-05 9.420000e-03 1.380384e-02 1.176196e-03 1.683844e-08 4.637692e-06 1.730165e-05 4.381864e-08 4.368706e-16 1.629816e-15 2.001620e-02 1.384322e-02 -1.302936e+01 1.214000e+01 1.207411e+01 2.636714e-02
1.570000e+00 1.352309e-01 8.953783e-06 1.709832e-05 1.050000e-02 1.445440e-02 1.342086e-03 1.745849e-08 5.035082e-06 1.989349e-05 5.396597e-08 5.286837e-16 2.088817e-15 2.234209e-02 1.449938e-02 -1.319609e+01 1.216000e+01 1.209165e+01 2.894079e-02
1.630000e+00 2.582578e-01 4.274096e-06 6.072806e-06 1.500000e-02 1.778279e-02 2.171365e-03 8.333823e-09 2.956952e-06 1.498040e-05 5.431028e-08 4.435428e-16 2.247061e-15 3.217136e-02 1.781587e-02 -1.329673e+01 1.225000e+01 1.217266e+01 4.000876e-02
1.690000e+00 5.743071e-01 1.817693e-06 1.611458e-06 1.850000e-02 2.511886e-02 3.535792e-03 3.544219e-09 1.776317e-06 1.314810e-05 7.203576e-08 3.286187e-16 2.432399e-15 4.053579e-02 2.514715e-02 -1.335398e+01 1.240000e+01 1.231533e+01 5.135484e-02
1.790000e+00 3.896764e-01 2.665877e-06 3.164496e-06 1.640000e-02 2.137962e-02 2.767477e-03 5.198046e-09 2.217380e-06 1.371577e-05 6.165664e-08 3.636503e-16 2.249386e-15 3.556748e-02 2.140945e-02 -1.342883e+01 1.233000e+01 1.224931e+01 4.490237e-02
