# Models: X-axis(1) Expressions(2)
# Labels: r(1) S_r(2)
1.000000e-08 1.831248e-01
1.011591e-08 1.838348e-01
1.023317e-08 1.845476e-01
1.035178e-08 1.852631e-01
1.047177e-08 1.859813e-01
1.059315e-08 1.867024e-01
1.071593e-08 1.874262e-01
1.084014e-08 1.881528e-01
1.096579e-08 1.888822e-01
1.109290e-08 1.896145e-01
1.122148e-08 1.903495e-01
1.135155e-08 1.910874e-01
1.148312e-08 1.918281e-01
1.161623e-08 1.925717e-01
1.175087e-08 1.933182e-01
1.188708e-08 1.940675e-01
1.202486e-08 1.948197e-01
1.216424e-08 1.955748e-01
1.230524e-08 1.963328e-01
1.244787e-08 1.970938e-01
1.259216e-08 1.978577e-01
1.273811e-08 1.986245e-01
1.288576e-08 1.993942e-01
1.303512e-08 2.001670e-01
1.318621e-08 2.009427e-01
1.333906e-08 2.017214e-01
1.349367e-08 2.025031e-01
1.365008e-08 2.032878e-01
1.380830e-08 2.040755e-01
1.396835e-08 2.048662e-01
1.413026e-08 2.056600e-01
1.429405e-08 2.064569e-01
1.445973e-08 2.072568e-01
1.462733e-08 2.080597e-01
1.479688e-08 2.088658e-01
1.496839e-08 2.096749e-01
1.514189e-08 2.104872e-01
1.531740e-08 2.113026e-01
1.549495e-08 2.121212e-01
1.567455e-08 2.129428e-01
1.585624e-08 2.137677e-01
1.604003e-08 2.145956e-01
1.622595e-08 2.154268e-01
1.641403e-08 2.162612e-01
1.660429e-08 2.170988e-01
1.679675e-08 2.179395e-01
1.699144e-08 2.187835e-01
1.718839e-08 2.196308e-01
1.738762e-08 2.204812e-01
1.758917e-08 2.213350e-01
1.779304e-08 2.221920e-01
1.799929e-08 2.230524e-01
1.820792e-08 2.239160e-01
1.841897e-08 2.247829e-01
1.863246e-08 2.256531e-01
1.884843e-08 2.265267e-01
1.906691e-08 2.274036e-01
1.928792e-08 2.282839e-01
1.951148e-08 2.291675e-01
1.973764e-08 2.300545e-01
1.996642e-08 2.309449e-01
2.019786e-08 2.318388e-01
2.043197e-08 2.327360e-01
2.066880e-08 2.336367e-01
2.090838e-08 2.345408e-01
2.115073e-08 2.354484e-01
2.139589e-08 2.363594e-01
2.164389e-08 2.372739e-01
2.189477e-08 2.381919e-01
2.214855e-08 2.391134e-01
2.240528e-08 2.400384e-01
2.266498e-08 2.409670e-01
2.292769e-08 2.418991e-01
2.319345e-08 2.428347e-01
2.346229e-08 2.437740e-01
2.373424e-08 2.447167e-01
2.400935e-08 2.456631e-01
2.428764e-08 2.466131e-01
2.456916e-08 2.475667e-01
2.485395e-08 2.485240e-01
2.514203e-08 2.494849e-01
2.543346e-08 2.504494e-01
2.572826e-08 2.514176e-01
2.602648e-08 2.523895e-01
2.632815e-08 2.533651e-01
2.663333e-08 2.543444e-01
2.694204e-08 2.553274e-01
2.725433e-08 2.563141e-01
2.757023e-08 2.573046e-01
2.788980e-08 2.582988e-01
2.821308e-08 2.592969e-01
2.854010e-08 2.602987e-01
2.887091e-08 2.613042e-01
2.920556e-08 2.623137e-01
2.954408e-08 2.633269e-01
2.988653e-08 2.643439e-01
3.023295e-08 2.653648e-01
3.058338e-08 2.663896e-01
3.093788e-08 2.674183e-01
3.129648e-08 2.684508e-01
3.165924e-08 2.694872e-01
3.202621e-08 2.705276e-01
3.239743e-08 2.715719e-01
3.277295e-08 2.726201e-01
3.315282e-08 2.736722e-01
3.353710e-08 2.747284e-01
3.392583e-08 2.757885e-01
3.431907e-08 2.768526e-01
3.471687e-08 2.779207e-01
3.511928e-08 2.789929e-01
3.552635e-08 2.800690e-01
3.593814e-08 2.811492e-01
3.635470e-08 2.822335e-01
3.677609e-08 2.833218e-01
3.720237e-08 2.844143e-01
3.763358e-08 2.855108e-01
3.806980e-08 2.866114e-01
3.851107e-08 2.877162e-01
3.895746e-08 2.888251e-01
3.940902e-08 2.899381e-01
3.986581e-08 2.910553e-01
4.032790e-08 2.921767e-01
4.079535e-08 2.933023e-01
4.126821e-08 2.944321e-01
4.174655e-08 2.955660e-01
4.223044e-08 2.967043e-01
4.271994e-08 2.978467e-01
4.321511e-08 2.989935e-01
4.371602e-08 3.001444e-01
4.422274e-08 3.012997e-01
4.473533e-08 3.024593e-01
4.525386e-08 3.036232e-01
4.577841e-08 3.047914e-01
4.630903e-08 3.059639e-01
4.684580e-08 3.071408e-01
4.738880e-08 3.083220e-01
4.793808e-08 3.095076e-01
4.849374e-08 3.106976e-01
4.905584e-08 3.118920e-01
4.962445e-08 3.130908e-01
5.019965e-08 3.142940e-01
5.078152e-08 3.155017e-01
5.137014e-08 3.167138e-01
5.196557e-08 3.179304e-01
5.256791e-08 3.191514e-01
5.317723e-08 3.203770e-01
5.379362e-08 3.216070e-01
5.441714e-08 3.228416e-01
5.504790e-08 3.240806e-01
5.568596e-08 3.253242e-01
5.633143e-08 3.265724e-01
5.698437e-08 3.278251e-01
5.764488e-08 3.290824e-01
5.831305e-08 3.303443e-01
5.898896e-08 3.316108e-01
5.967271e-08 3.328819e-01
6.036439e-08 3.341577e-01
6.106408e-08 3.354380e-01
6.177188e-08 3.367230e-01
6.248788e-08 3.380127e-01
6.321218e-08 3.393070e-01
6.394488e-08 3.406060e-01
6.468608e-08 3.419098e-01
6.543586e-08 3.432182e-01
6.619433e-08 3.445313e-01
6.696160e-08 3.458492e-01
6.773776e-08 3.471718e-01
6.852292e-08 3.484992e-01
6.931717e-08 3.498313e-01
7.012064e-08 3.511682e-01
7.093341e-08 3.525099e-01
7.175561e-08 3.538564e-01
7.258734e-08 3.552077e-01
7.342870e-08 3.565638e-01
7.427982e-08 3.579247e-01
7.514081e-08 3.592905e-01
7.601178e-08 3.606611e-01
7.689284e-08 3.620366e-01
7.778411e-08 3.634170e-01
7.868572e-08 3.648022e-01
7.959777e-08 3.661924e-01
8.052040e-08 3.675874e-01
8.145372e-08 3.689873e-01
8.239786e-08 3.703922e-01
8.335294e-08 3.718020e-01
8.431909e-08 3.732167e-01
8.529644e-08 3.746364e-01
8.628513e-08 3.760610e-01
8.728527e-08 3.774906e-01
8.829700e-08 3.789252e-01
8.932046e-08 3.803647e-01
9.035578e-08 3.818093e-01
9.140311e-08 3.832588e-01
9.246257e-08 3.847134e-01
9.353432e-08 3.861729e-01
9.461848e-08 3.876375e-01
9.571522e-08 3.891071e-01
9.682466e-08 3.905818e-01
9.794697e-08 3.920615e-01
9.908228e-08 3.935462e-01
1.002308e-07 3.950361e-01
1.013925e-07 3.965309e-01
1.025678e-07 3.980309e-01
1.037567e-07 3.995359e-01
1.049593e-07 4.010459e-01
1.061759e-07 4.025611e-01
1.074066e-07 4.040814e-01
1.086516e-07 4.056069e-01
1.099110e-07 4.071374e-01
1.111850e-07 4.086730e-01
1.124737e-07 4.102136e-01
1.137774e-07 4.117594e-01
1.150962e-07 4.133104e-01
1.164303e-07 4.148665e-01
1.177799e-07 4.164277e-01
1.191451e-07 4.179941e-01
1.205261e-07 4.195655e-01
1.219231e-07 4.211421e-01
1.233363e-07 4.227238e-01
1.247660e-07 4.243108e-01
1.262121e-07 4.259027e-01
1.276751e-07 4.275000e-01
1.291550e-07 4.291023e-01
1.306520e-07 4.307097e-01
1.321664e-07 4.323223e-01
1.336984e-07 4.339401e-01
1.352481e-07 4.355630e-01
1.368158e-07 4.371911e-01
1.384016e-07 4.388243e-01
1.400058e-07 4.404626e-01
1.416287e-07 4.421061e-01
1.432703e-07 4.437547e-01
1.449310e-07 4.454085e-01
1.466109e-07 4.470674e-01
1.483103e-07 4.487315e-01
1.500293e-07 4.504006e-01
1.517683e-07 4.520748e-01
1.535275e-07 4.537543e-01
1.553071e-07 4.554388e-01
1.571072e-07 4.571284e-01
1.589283e-07 4.588231e-01
1.607704e-07 4.605229e-01
1.626340e-07 4.622279e-01
1.645191e-07 4.639379e-01
1.664260e-07 4.656529e-01
1.683551e-07 4.673731e-01
1.703065e-07 4.690983e-01
1.722805e-07 4.708285e-01
1.742775e-07 4.725638e-01
1.762975e-07 4.743041e-01
1.783410e-07 4.760495e-01
1.804082e-07 4.777998e-01
1.824993e-07 4.795551e-01
1.846147e-07 4.813155e-01
1.867546e-07 4.830808e-01
1.889193e-07 4.848511e-01
1.911091e-07 4.866263e-01
1.933242e-07 4.884064e-01
1.955651e-07 4.901915e-01
1.978319e-07 4.919814e-01
2.001250e-07 4.937763e-01
2.024447e-07 4.955760e-01
2.047912e-07 4.973805e-01
2.071650e-07 4.991899e-01
2.095662e-07 5.010040e-01
2.119953e-07 5.028230e-01
2.144526e-07 5.046468e-01
2.169384e-07 5.064754e-01
2.194529e-07 5.083086e-01
2.219966e-07 5.101465e-01
2.245698e-07 5.119892e-01
2.271728e-07 5.138365e-01
2.298060e-07 5.156884e-01
2.324697e-07 5.175450e-01
2.351643e-07 5.194061e-01
2.378901e-07 5.212718e-01
2.406475e-07 5.231420e-01
2.434369e-07 5.250168e-01
2.462586e-07 5.268960e-01
2.491130e-07 5.287797e-01
2.520005e-07 5.306678e-01
2.549215e-07 5.325603e-01
2.578763e-07 5.344571e-01
2.608654e-07 5.363583e-01
2.638891e-07 5.382637e-01
2.669478e-07 5.401734e-01
2.700421e-07 5.420873e-01
2.731722e-07 5.440054e-01
2.763385e-07 5.459276e-01
2.795416e-07 5.478540e-01
2.827818e-07 5.497845e-01
2.860596e-07 5.517190e-01
2.893753e-07 5.536574e-01
2.927295e-07 5.555998e-01
2.961225e-07 5.575461e-01
2.995549e-07 5.594963e-01
3.030271e-07 5.614503e-01
3.065395e-07 5.634081e-01
3.100927e-07 5.653696e-01
3.136870e-07 5.673348e-01
3.173230e-07 5.693036e-01
3.210011e-07 5.712760e-01
3.247218e-07 5.732520e-01
3.284857e-07 5.752314e-01
3.322933e-07 5.772143e-01
3.361449e-07 5.792006e-01
3.400412e-07 5.811902e-01
3.439826e-07 5.831830e-01
3.479698e-07 5.851791e-01
3.520031e-07 5.871784e-01
3.560833e-07 5.891808e-01
3.602107e-07 5.911862e-01
3.643859e-07 5.931945e-01
3.686095e-07 5.952058e-01
3.728821e-07 5.972200e-01
3.772042e-07 5.992370e-01
3.815765e-07 6.012567e-01
3.859994e-07 6.032791e-01
3.904735e-07 6.053041e-01
3.949995e-07 6.073316e-01
3.995780e-07 6.093617e-01
4.042096e-07 6.113941e-01
4.088948e-07 6.134288e-01
4.136344e-07 6.154659e-01
4.184289e-07 6.175051e-01
4.232789e-07 6.195464e-01
4.281852e-07 6.215897e-01
4.331483e-07 6.236351e-01
4.381690e-07 6.256823e-01
4.432479e-07 6.277313e-01
4.483856e-07 6.297821e-01
4.535829e-07 6.318345e-01
4.588404e-07 6.338885e-01
4.641589e-07 6.359440e-01
4.695390e-07 6.380009e-01
4.749815e-07 6.400591e-01
4.804870e-07 6.421185e-01
4.860564e-07 6.441792e-01
4.916904e-07 6.462409e-01
4.973896e-07 6.483035e-01
5.031549e-07 6.503671e-01
5.089870e-07 6.524314e-01
5.148867e-07 6.544965e-01
5.208549e-07 6.565622e-01
5.268921e-07 6.586284e-01
5.329994e-07 6.606951e-01
5.391775e-07 6.627620e-01
5.454271e-07 6.648292e-01
5.517492e-07 6.668966e-01
5.581446e-07 6.689640e-01
5.646141e-07 6.710314e-01
5.711586e-07 6.730986e-01
5.777790e-07 6.751656e-01
5.844761e-07 6.772322e-01
5.912508e-07 6.792983e-01
5.981041e-07 6.813639e-01
6.050368e-07 6.834288e-01
6.120498e-07 6.854930e-01
6.191442e-07 6.875563e-01
6.263207e-07 6.896186e-01
6.335805e-07 6.916798e-01
6.409244e-07 6.937399e-01
6.483534e-07 6.957986e-01
6.558686e-07 6.978559e-01
6.634708e-07 6.999117e-01
6.711612e-07 7.019659e-01
6.789407e-07 7.040184e-01
6.868104e-07 7.060689e-01
6.947713e-07 7.081176e-01
7.028244e-07 7.101641e-01
7.109709e-07 7.122084e-01
7.192119e-07 7.142505e-01
7.275484e-07 7.162901e-01
7.359814e-07 7.183272e-01
7.445123e-07 7.203617e-01
7.531420e-07 7.223934e-01
7.618718e-07 7.244222e-01
7.707027e-07 7.264480e-01
7.796360e-07 7.284707e-01
7.886729e-07 7.304902e-01
7.978145e-07 7.325063e-01
8.070620e-07 7.345190e-01
8.164168e-07 7.365281e-01
8.258799e-07 7.385334e-01
8.354528e-07 7.405350e-01
8.451366e-07 7.425327e-01
8.549327e-07 7.445263e-01
8.648423e-07 7.465157e-01
8.748668e-07 7.485008e-01
8.850075e-07 7.504816e-01
8.952657e-07 7.524578e-01
9.056428e-07 7.544294e-01
9.161402e-07 7.563962e-01
9.267593e-07 7.583582e-01
9.375015e-07 7.603152e-01
9.483682e-07 7.622670e-01
9.593608e-07 7.642137e-01
9.704809e-07 7.661550e-01
9.817298e-07 7.680909e-01
9.931092e-07 7.700212e-01
1.004620e-06 7.719457e-01
1.016265e-06 7.738646e-01
1.028045e-06 7.757776e-01
1.039961e-06 7.776845e-01
1.052015e-06 7.795852e-01
1.064209e-06 7.814797e-01
1.076545e-06 7.833680e-01
1.089023e-06 7.852497e-01
1.101646e-06 7.871248e-01
1.114415e-06 7.889932e-01
1.127333e-06 7.908550e-01
1.140400e-06 7.927098e-01
1.153618e-06 7.945575e-01
1.166990e-06 7.963982e-01
1.180517e-06 7.982317e-01
1.194200e-06 8.000578e-01
1.208042e-06 8.018765e-01
1.222045e-06 8.036878e-01
1.236210e-06 8.054914e-01
1.250539e-06 8.072873e-01
1.265034e-06 8.090754e-01
1.279697e-06 8.108556e-01
1.294530e-06 8.126278e-01
1.309535e-06 8.143919e-01
1.324714e-06 8.161478e-01
1.340069e-06 8.178955e-01
1.355602e-06 8.196348e-01
1.371315e-06 8.213657e-01
1.387210e-06 8.230880e-01
1.403289e-06 8.248017e-01
1.419555e-06 8.265067e-01
1.436009e-06 8.282029e-01
1.452654e-06 8.298903e-01
1.469492e-06 8.315687e-01
1.486525e-06 8.332381e-01
1.503755e-06 8.348984e-01
1.521186e-06 8.365497e-01
1.538818e-06 8.381916e-01
1.556654e-06 8.398242e-01
1.574698e-06 8.414475e-01
1.592950e-06 8.430613e-01
1.611414e-06 8.446656e-01
1.630092e-06 8.462603e-01
1.648987e-06 8.478455e-01
1.668101e-06 8.494210e-01
1.687436e-06 8.509867e-01
1.706995e-06 8.525426e-01
1.726781e-06 8.540887e-01
1.746796e-06 8.556249e-01
1.767044e-06 8.571511e-01
1.787526e-06 8.586674e-01
1.808245e-06 8.601736e-01
1.829205e-06 8.616697e-01
1.850407e-06 8.631557e-01
1.871855e-06 8.646315e-01
1.893552e-06 8.660971e-01
1.915501e-06 8.675525e-01
1.937703e-06 8.689976e-01
1.960163e-06 8.704324e-01
1.982884e-06 8.718569e-01
2.005868e-06 8.732710e-01
2.029118e-06 8.746747e-01
2.052638e-06 8.760681e-01
2.076430e-06 8.774509e-01
2.100498e-06 8.788233e-01
2.124845e-06 8.801853e-01
2.149475e-06 8.815368e-01
2.174389e-06 8.828777e-01
2.199593e-06 8.842082e-01
2.225089e-06 8.855281e-01
2.250880e-06 8.868375e-01
2.276970e-06 8.881363e-01
2.303363e-06 8.894246e-01
2.330061e-06 8.907024e-01
2.357069e-06 8.919696e-01
2.384390e-06 8.932262e-01
2.412028e-06 8.944723e-01
2.439986e-06 8.957079e-01
2.468268e-06 8.969329e-01
2.496878e-06 8.981474e-01
2.525820e-06 8.993513e-01
2.555097e-06 9.005448e-01
2.584714e-06 9.017278e-01
2.614673e-06 9.029002e-01
2.644980e-06 9.040622e-01
2.675638e-06 9.052138e-01
2.706652e-06 9.063549e-01
2.738025e-06 9.074856e-01
2.769762e-06 9.086059e-01
2.801867e-06 9.097159e-01
2.834343e-06 9.108155e-01
2.867196e-06 9.119048e-01
2.900430e-06 9.129838e-01
2.934050e-06 9.140527e-01
2.968059e-06 9.151112e-01
3.002462e-06 9.161596e-01
3.037264e-06 9.171978e-01
3.072469e-06 9.182259e-01
3.108082e-06 9.192439e-01
3.144108e-06 9.202518e-01
3.180552e-06 9.212498e-01
3.217418e-06 9.222378e-01
3.254712e-06 9.232159e-01
3.292437e-06 9.241840e-01
3.330600e-06 9.251424e-01
3.369206e-06 9.260909e-01
3.408259e-06 9.270297e-01
3.447764e-06 9.279588e-01
3.487727e-06 9.288783e-01
3.528154e-06 9.297881e-01
3.569049e-06 9.306884e-01
3.610419e-06 9.315792e-01
3.652267e-06 9.324605e-01
3.694601e-06 9.333325e-01
3.737426e-06 9.341951e-01
3.780747e-06 9.350484e-01
3.824570e-06 9.358924e-01
3.868901e-06 9.367273e-01
3.913746e-06 9.375531e-01
3.959110e-06 9.383698e-01
4.005001e-06 9.391774e-01
4.051423e-06 9.399762e-01
4.098384e-06 9.407660e-01
4.145888e-06 9.415470e-01
4.193944e-06 9.423192e-01
4.242556e-06 9.430827e-01
4.291732e-06 9.438376e-01
4.341478e-06 9.445839e-01
4.391801e-06 9.453217e-01
4.442707e-06 9.460510e-01
4.494203e-06 9.467718e-01
4.546295e-06 9.474844e-01
4.598992e-06 9.481887e-01
4.652300e-06 9.488848e-01
4.706225e-06 9.495727e-01
4.760775e-06 9.502525e-01
4.815958e-06 9.509243e-01
4.871780e-06 9.515882e-01
4.928250e-06 9.522442e-01
4.985373e-06 9.528924e-01
5.043159e-06 9.535328e-01
5.101615e-06 9.541655e-01
5.160749e-06 9.547906e-01
5.220568e-06 9.554082e-01
5.281080e-06 9.560182e-01
5.342293e-06 9.566209e-01
5.404216e-06 9.572162e-01
5.466857e-06 9.578041e-01
5.530224e-06 9.583849e-01
5.594326e-06 9.589585e-01
5.659170e-06 9.595250e-01
5.724766e-06 9.600845e-01
5.791123e-06 9.606370e-01
5.858248e-06 9.611827e-01
5.926152e-06 9.617215e-01
5.994843e-06 9.622535e-01
6.064329e-06 9.627789e-01
6.134622e-06 9.632976e-01
6.205729e-06 9.638097e-01
6.277660e-06 9.643154e-01
6.350425e-06 9.648146e-01
6.424034e-06 9.653074e-01
6.498495e-06 9.657940e-01
6.573820e-06 9.662743e-01
6.650018e-06 9.667484e-01
6.727099e-06 9.672164e-01
6.805074e-06 9.676784e-01
6.883952e-06 9.681344e-01
6.963745e-06 9.685844e-01
7.044462e-06 9.690286e-01
7.126115e-06 9.694670e-01
7.208715e-06 9.698997e-01
7.292272e-06 9.703267e-01
7.376798e-06 9.707481e-01
7.462303e-06 9.711639e-01
7.548799e-06 9.715743e-01
7.636298e-06 9.719792e-01
7.724811e-06 9.723788e-01
7.814351e-06 9.727731e-01
7.904928e-06 9.731621e-01
7.996555e-06 9.735459e-01
8.089243e-06 9.739246e-01
8.183007e-06 9.742982e-01
8.277857e-06 9.746668e-01
8.373807e-06 9.750305e-01
8.470868e-06 9.753893e-01
8.569055e-06 9.757432e-01
8.668380e-06 9.760923e-01
8.768856e-06 9.764367e-01
8.870497e-06 9.767765e-01
8.973316e-06 9.771116e-01
9.077327e-06 9.774422e-01
9.182543e-06 9.777682e-01
9.288979e-06 9.780899e-01
9.396648e-06 9.784071e-01
9.505566e-06 9.787199e-01
9.615746e-06 9.790285e-01
9.727203e-06 9.793328e-01
9.839952e-06 9.796329e-01
9.954008e-06 9.799289e-01
1.006939e-05 9.802209e-01
1.018610e-05 9.805087e-01
1.030417e-05 9.807926e-01
1.042361e-05 9.810726e-01
1.054443e-05 9.813486e-01
1.066665e-05 9.816208e-01
1.079029e-05 9.818893e-01
1.091536e-05 9.821539e-01
1.104188e-05 9.824149e-01
1.116987e-05 9.826723e-01
1.129934e-05 9.829260e-01
1.143031e-05 9.831761e-01
1.156280e-05 9.834228e-01
1.169683e-05 9.836660e-01
1.183241e-05 9.839058e-01
1.196956e-05 9.841421e-01
1.210830e-05 9.843752e-01
1.224865e-05 9.846050e-01
1.239062e-05 9.848315e-01
1.253424e-05 9.850547e-01
1.267953e-05 9.852749e-01
1.282650e-05 9.854919e-01
1.297517e-05 9.857058e-01
1.312557e-05 9.859167e-01
1.327771e-05 9.861246e-01
1.343161e-05 9.863295e-01
1.358730e-05 9.865315e-01
1.374479e-05 9.867306e-01
1.390411e-05 9.869269e-01
1.406527e-05 9.871203e-01
1.422830e-05 9.873110e-01
1.439323e-05 9.874989e-01
1.456006e-05 9.876842e-01
1.472883e-05 9.878668e-01
1.489955e-05 9.880467e-01
1.507225e-05 9.882241e-01
1.524696e-05 9.883989e-01
1.542369e-05 9.885712e-01
1.560246e-05 9.887410e-01
1.578331e-05 9.889084e-01
1.596626e-05 9.890733e-01
1.615133e-05 9.892358e-01
1.633854e-05 9.893960e-01
1.652792e-05 9.895539e-01
1.671950e-05 9.897095e-01
1.691330e-05 9.898628e-01
1.710934e-05 9.900139e-01
1.730766e-05 9.901628e-01
1.750827e-05 9.903095e-01
1.771121e-05 9.904541e-01
1.791650e-05 9.905966e-01
1.812418e-05 9.907370e-01
1.833425e-05 9.908754e-01
1.854677e-05 9.910117e-01
1.876175e-05 9.911461e-01
1.897922e-05 9.912785e-01
1.919921e-05 9.914089e-01
1.942175e-05 9.915375e-01
1.964687e-05 9.916641e-01
1.987460e-05 9.917889e-01
2.010496e-05 9.919119e-01
2.033800e-05 9.920330e-01
2.057374e-05 9.921524e-01
2.081222e-05 9.922701e-01
2.105345e-05 9.923860e-01
2.129749e-05 9.925002e-01
2.154435e-05 9.926127e-01
2.179407e-05 9.927235e-01
2.204669e-05 9.928327e-01
2.230223e-05 9.929404e-01
2.256074e-05 9.930464e-01
2.282224e-05 9.931508e-01
2.308678e-05 9.932538e-01
2.335438e-05 9.933551e-01
2.362508e-05 9.934550e-01
2.389893e-05 9.935535e-01
2.417594e-05 9.936504e-01
2.445617e-05 9.937460e-01
2.473964e-05 9.938401e-01
2.502640e-05 9.939328e-01
2.531648e-05 9.940241e-01
2.560993e-05 9.941141e-01
2.590678e-05 9.942028e-01
2.620707e-05 9.942901e-01
2.651084e-05 9.943761e-01
2.681813e-05 9.944609e-01
2.712898e-05 9.945444e-01
2.744343e-05 9.946267e-01
2.776153e-05 9.947077e-01
2.808332e-05 9.947875e-01
2.840884e-05 9.948662e-01
2.873813e-05 9.949436e-01
2.907123e-05 9.950199e-01
2.940820e-05 9.950951e-01
2.974908e-05 9.951692e-01
3.009390e-05 9.952421e-01
3.044272e-05 9.953140e-01
3.079559e-05 9.953848e-01
3.115254e-05 9.954545e-01
3.151363e-05 9.955232e-01
3.187891e-05 9.955908e-01
3.224842e-05 9.956575e-01
3.262222e-05 9.957232e-01
3.300035e-05 9.957878e-01
3.338286e-05 9.958515e-01
3.376980e-05 9.959143e-01
3.416123e-05 9.959761e-01
3.455720e-05 9.960370e-01
3.495776e-05 9.960969e-01
3.536296e-05 9.961560e-01
3.577285e-05 9.962142e-01
3.618750e-05 9.962715e-01
3.660695e-05 9.963280e-01
3.703127e-05 9.963836e-01
3.746050e-05 9.964384e-01
3.789471e-05 9.964923e-01
3.833395e-05 9.965455e-01
3.877828e-05 9.965978e-01
3.922777e-05 9.966494e-01
3.968246e-05 9.967001e-01
4.014242e-05 9.967502e-01
4.060772e-05 9.967994e-01
4.107841e-05 9.968479e-01
4.155455e-05 9.968957e-01
4.203622e-05 9.969428e-01
4.252346e-05 9.969892e-01
4.301636e-05 9.970349e-01
4.351497e-05 9.970798e-01
4.401935e-05 9.971241e-01
4.452959e-05 9.971678e-01
4.504573e-05 9.972108e-01
4.556786e-05 9.972531e-01
4.609604e-05 9.972948e-01
4.663035e-05 9.973358e-01
4.717085e-05 9.973763e-01
4.771761e-05 9.974161e-01
4.827071e-05 9.974554e-01
4.883022e-05 9.974940e-01
4.939622e-05 9.975321e-01
4.996877e-05 9.975695e-01
5.054797e-05 9.976065e-01
5.113388e-05 9.976428e-01
5.172657e-05 9.976786e-01
5.232614e-05 9.977139e-01
5.293266e-05 9.977487e-01
5.354621e-05 9.977829e-01
5.416687e-05 9.978166e-01
5.479472e-05 9.978497e-01
5.542986e-05 9.978824e-01
5.607235e-05 9.979146e-01
5.672229e-05 9.979463e-01
5.737976e-05 9.979776e-01
5.804486e-05 9.980083e-01
5.871766e-05 9.980386e-01
5.939827e-05 9.980684e-01
6.008676e-05 9.980978e-01
6.078323e-05 9.981267e-01
6.148778e-05 9.981552e-01
6.220049e-05 9.981833e-01
6.292146e-05 9.982109e-01
6.365079e-05 9.982381e-01
6.438857e-05 9.982649e-01
6.513491e-05 9.982913e-01
6.588990e-05 9.983173e-01
6.665363e-05 9.983430e-01
6.742622e-05 9.983682e-01
6.820777e-05 9.983930e-01
6.899837e-05 9.984175e-01
6.979814e-05 9.984416e-01
7.060718e-05 9.984653e-01
7.142559e-05 9.984886e-01
7.225349e-05 9.985117e-01
7.309099e-05 9.985343e-01
7.393820e-05 9.985566e-01
7.479523e-05 9.985786e-01
7.566219e-05 9.986003e-01
7.653919e-05 9.986216e-01
7.742637e-05 9.986426e-01
7.832383e-05 9.986632e-01
7.923169e-05 9.986836e-01
8.015007e-05 9.987036e-01
8.107910e-05 9.987234e-01
8.201889e-05 9.987428e-01
8.296959e-05 9.987620e-01
8.393129e-05 9.987809e-01
8.490415e-05 9.987994e-01
8.588829e-05 9.988177e-01
8.688383e-05 9.988357e-01
8.789091e-05 9.988535e-01
8.890966e-05 9.988709e-01
8.994022e-05 9.988881e-01
9.098273e-05 9.989051e-01
9.203732e-05 9.989218e-01
9.310413e-05 9.989382e-01
9.418332e-05 9.989544e-01
9.527500e-05 9.989703e-01
9.637935e-05 9.989860e-01
9.749649e-05 9.990015e-01
9.862658e-05 9.990167e-01
9.976978e-05 9.990317e-01
1.009262e-04 9.990465e-01
1.020961e-04 9.990610e-01
1.032795e-04 9.990753e-01
1.044766e-04 9.990894e-01
1.056876e-04 9.991033e-01
1.069126e-04 9.991170e-01
1.081519e-04 9.991304e-01
1.094055e-04 9.991437e-01
1.106736e-04 9.991567e-01
1.119564e-04 9.991696e-01
1.132541e-04 9.991823e-01
1.145669e-04 9.991947e-01
1.158948e-04 9.992070e-01
1.172382e-04 9.992191e-01
1.185971e-04 9.992310e-01
1.199718e-04 9.992427e-01
1.213624e-04 9.992543e-01
1.227691e-04 9.992657e-01
1.241921e-04 9.992769e-01
1.256317e-04 9.992879e-01
1.270879e-04 9.992988e-01
1.285610e-04 9.993095e-01
1.300511e-04 9.993200e-01
1.315586e-04 9.993304e-01
1.330835e-04 9.993406e-01
1.346261e-04 9.993506e-01
1.361865e-04 9.993606e-01
1.377651e-04 9.993703e-01
1.393619e-04 9.993799e-01
1.409773e-04 9.993894e-01
1.426114e-04 9.993987e-01
1.442644e-04 9.994079e-01
1.459366e-04 9.994169e-01
1.476281e-04 9.994258e-01
1.493393e-04 9.994346e-01
1.510703e-04 9.994432e-01
1.528214e-04 9.994517e-01
1.545928e-04 9.994601e-01
1.563847e-04 9.994683e-01
1.581973e-04 9.994764e-01
1.600310e-04 9.994844e-01
1.618860e-04 9.994923e-01
1.637624e-04 9.995000e-01
1.656606e-04 9.995077e-01
1.675808e-04 9.995152e-01
1.695232e-04 9.995226e-01
1.714882e-04 9.995299e-01
1.734759e-04 9.995370e-01
1.754867e-04 9.995441e-01
1.775208e-04 9.995511e-01
1.795785e-04 9.995579e-01
1.816600e-04 9.995647e-01
1.837656e-04 9.995713e-01
1.858957e-04 9.995778e-01
1.880504e-04 9.995843e-01
1.902301e-04 9.995906e-01
1.924351e-04 9.995969e-01
1.946656e-04 9.996030e-01
1.969220e-04 9.996091e-01
1.992046e-04 9.996151e-01
2.015136e-04 9.996209e-01
2.038493e-04 9.996267e-01
2.062122e-04 9.996324e-01
2.086024e-04 9.996380e-01
2.110203e-04 9.996436e-01
2.134663e-04 9.996490e-01
2.159406e-04 9.996544e-01
2.184436e-04 9.996596e-01
2.209756e-04 9.996648e-01
2.235370e-04 9.996700e-01
2.261280e-04 9.996750e-01
2.287491e-04 9.996800e-01
2.314005e-04 9.996848e-01
2.340827e-04 9.996897e-01
2.367960e-04 9.996944e-01
2.395407e-04 9.996991e-01
2.423173e-04 9.997037e-01
2.451260e-04 9.997082e-01
2.479673e-04 9.997126e-01
2.508415e-04 9.997170e-01
2.537490e-04 9.997213e-01
2.566903e-04 9.997256e-01
2.596656e-04 9.997298e-01
2.626754e-04 9.997339e-01
2.657201e-04 9.997380e-01
2.688001e-04 9.997420e-01
2.719158e-04 9.997459e-01
2.750676e-04 9.997498e-01
2.782559e-04 9.997536e-01
2.814812e-04 9.997574e-01
2.847439e-04 9.997611e-01
2.880444e-04 9.997647e-01
2.913832e-04 9.997683e-01
2.947606e-04 9.997719e-01
2.981772e-04 9.997754e-01
3.016334e-04 9.997788e-01
3.051297e-04 9.997822e-01
3.086665e-04 9.997855e-01
3.122443e-04 9.997888e-01
3.158635e-04 9.997920e-01
3.195248e-04 9.997952e-01
3.232284e-04 9.997983e-01
3.269750e-04 9.998014e-01
3.307650e-04 9.998044e-01
3.345989e-04 9.998074e-01
3.384773e-04 9.998103e-01
3.424006e-04 9.998132e-01
3.463694e-04 9.998161e-01
3.503842e-04 9.998189e-01
3.544456e-04 9.998217e-01
3.585540e-04 9.998244e-01
3.627100e-04 9.998271e-01
3.669142e-04 9.998297e-01
3.711672e-04 9.998323e-01
3.754694e-04 9.998349e-01
3.798215e-04 9.998374e-01
3.842241e-04 9.998399e-01
3.886777e-04 9.998423e-01
3.931829e-04 9.998447e-01
3.977403e-04 9.998471e-01
4.023506e-04 9.998494e-01
4.070142e-04 9.998517e-01
4.117320e-04 9.998540e-01
4.165044e-04 9.998562e-01
4.213322e-04 9.998584e-01
4.262159e-04 9.998606e-01
4.311562e-04 9.998627e-01
4.361538e-04 9.998648e-01
4.412093e-04 9.998669e-01
4.463234e-04 9.998689e-01
4.514968e-04 9.998709e-01
4.567301e-04 9.998729e-01
4.620241e-04 9.998748e-01
4.673795e-04 9.998767e-01
4.727970e-04 9.998786e-01
4.782772e-04 9.998805e-01
4.838210e-04 9.998823e-01
4.894290e-04 9.998841e-01
4.951020e-04 9.998859e-01
5.008408e-04 9.998876e-01
5.066461e-04 9.998893e-01
5.125187e-04 9.998910e-01
5.184594e-04 9.998927e-01
5.244689e-04 9.998943e-01
5.305481e-04 9.998959e-01
5.366977e-04 9.998975e-01
5.429186e-04 9.998991e-01
5.492116e-04 9.999006e-01
5.555776e-04 9.999022e-01
5.620174e-04 9.999037e-01
5.685318e-04 9.999051e-01
5.751217e-04 9.999066e-01
5.817880e-04 9.999080e-01
5.885316e-04 9.999094e-01
5.953533e-04 9.999108e-01
6.022541e-04 9.999122e-01
6.092349e-04 9.999135e-01
6.162966e-04 9.999148e-01
6.234402e-04 9.999161e-01
6.306666e-04 9.999174e-01
6.379767e-04 9.999187e-01
6.453715e-04 9.999199e-01
6.528521e-04 9.999211e-01
6.604194e-04 9.999223e-01
6.680744e-04 9.999235e-01
6.758181e-04 9.999247e-01
6.836516e-04 9.999258e-01
6.915759e-04 9.999270e-01
6.995920e-04 9.999281e-01
7.077011e-04 9.999292e-01
7.159041e-04 9.999303e-01
7.242022e-04 9.999313e-01
7.325965e-04 9.999324e-01
7.410882e-04 9.999334e-01
7.496782e-04 9.999344e-01
7.583678e-04 9.999354e-01
7.671581e-04 9.999364e-01
7.760503e-04 9.999374e-01
7.850456e-04 9.999384e-01
7.941452e-04 9.999393e-01
8.033502e-04 9.999402e-01
8.126619e-04 9.999411e-01
8.220816e-04 9.999420e-01
8.316104e-04 9.999429e-01
8.412497e-04 9.999438e-01
8.510007e-04 9.999447e-01
8.608648e-04 9.999455e-01
8.708431e-04 9.999463e-01
8.809372e-04 9.999471e-01
8.911482e-04 9.999480e-01
9.014776e-04 9.999488e-01
9.119268e-04 9.999495e-01
9.224970e-04 9.999503e-01
9.331898e-04 9.999511e-01
9.440065e-04 9.999518e-01
9.549486e-04 9.999525e-01
9.660175e-04 9.999533e-01
9.772147e-04 9.999540e-01
9.885417e-04 9.999547e-01
1.000000e-03 9.999554e-01
