# Modeles : Tire de Octave : HsS = Cste 
 # q_CH(1) x(2) z(3) V(4) q_SH(5)
1.000000e-20 5.019864e-22 2.655733e+00 5.439997e-02 1.000000e+00 
1.047129e-20 5.378883e-22 2.655733e+00 5.439997e-02 1.000000e+00 
1.096478e-20 5.763570e-22 2.655733e+00 5.439997e-02 1.000000e+00 
1.148154e-20 6.175780e-22 2.655733e+00 5.439997e-02 1.000000e+00 
1.202264e-20 6.617458e-22 2.655733e+00 5.439997e-02 1.000000e+00 
1.258925e-20 7.090733e-22 2.655733e+00 5.439997e-02 1.000000e+00 
1.318257e-20 7.597861e-22 2.655733e+00 5.439997e-02 1.000000e+00 
1.380384e-20 8.141248e-22 2.655733e+00 5.439997e-02 1.000000e+00 
1.445440e-20 8.723506e-22 2.655733e+00 5.439997e-02 1.000000e+00 
1.513561e-20 9.347398e-22 2.655733e+00 5.439997e-02 1.000000e+00 
1.584893e-20 1.001592e-21 2.655733e+00 5.439997e-02 1.000000e+00 
1.659587e-20 1.073225e-21 2.655733e+00 5.439997e-02 1.000000e+00 
1.737801e-20 1.149981e-21 2.655733e+00 5.439997e-02 1.000000e+00 
1.819701e-20 1.232226e-21 2.655733e+00 5.439997e-02 1.000000e+00 
1.905461e-20 1.320354e-21 2.655733e+00 5.439997e-02 1.000000e+00 
1.995262e-20 1.414784e-21 2.655733e+00 5.439997e-02 1.000000e+00 
2.089296e-20 1.515968e-21 2.655733e+00 5.439997e-02 1.000000e+00 
2.187762e-20 1.624389e-21 2.655733e+00 5.439997e-02 1.000000e+00 
2.290868e-20 1.740564e-21 2.655733e+00 5.439997e-02 1.000000e+00 
2.398833e-20 1.865047e-21 2.655733e+00 5.439997e-02 1.000000e+00 
2.511886e-20 1.998432e-21 2.655733e+00 5.439997e-02 1.000000e+00 
2.630268e-20 2.141359e-21 2.655733e+00 5.439997e-02 1.000000e+00 
2.754229e-20 2.294507e-21 2.655733e+00 5.439997e-02 1.000000e+00 
2.884032e-20 2.458608e-21 2.655733e+00 5.439997e-02 1.000000e+00 
3.019952e-20 2.634445e-21 2.655733e+00 5.439997e-02 1.000000e+00 
3.162278e-20 2.822858e-21 2.655733e+00 5.439997e-02 1.000000e+00 
3.311311e-20 3.024745e-21 2.655733e+00 5.439997e-02 1.000000e+00 
3.467369e-20 3.241073e-21 2.655733e+00 5.439997e-02 1.000000e+00 
3.630781e-20 3.472871e-21 2.655733e+00 5.439997e-02 1.000000e+00 
3.801894e-20 3.721247e-21 2.655733e+00 5.439997e-02 1.000000e+00 
3.981072e-20 3.987387e-21 2.655733e+00 5.439997e-02 1.000000e+00 
4.168694e-20 4.272561e-21 2.655733e+00 5.439997e-02 1.000000e+00 
4.365158e-20 4.578130e-21 2.655733e+00 5.439997e-02 1.000000e+00 
4.570882e-20 4.905554e-21 2.655733e+00 5.439997e-02 1.000000e+00 
4.786301e-20 5.256394e-21 2.655733e+00 5.439997e-02 1.000000e+00 
5.011872e-20 5.632325e-21 2.655733e+00 5.439997e-02 1.000000e+00 
5.248075e-20 6.035145e-21 2.655733e+00 5.439997e-02 1.000000e+00 
5.495409e-20 6.466772e-21 2.655733e+00 5.439997e-02 1.000000e+00 
5.754399e-20 6.929268e-21 2.655733e+00 5.439997e-02 1.000000e+00 
6.025596e-20 7.424844e-21 2.655733e+00 5.439997e-02 1.000000e+00 
6.309573e-20 7.955860e-21 2.655733e+00 5.439997e-02 1.000000e+00 
6.606934e-20 8.524855e-21 2.655733e+00 5.439997e-02 1.000000e+00 
6.918310e-20 9.134546e-21 2.655733e+00 5.439997e-02 1.000000e+00 
7.244360e-20 9.787840e-21 2.655733e+00 5.439997e-02 1.000000e+00 
7.585776e-20 1.048786e-20 2.655733e+00 5.439997e-02 1.000000e+00 
7.943282e-20 1.123794e-20 2.655733e+00 5.439997e-02 1.000000e+00 
8.317638e-20 1.204166e-20 2.655733e+00 5.439997e-02 1.000000e+00 
8.709636e-20 1.290287e-20 2.655733e+00 5.439997e-02 1.000000e+00 
9.120108e-20 1.382567e-20 2.655733e+00 5.439997e-02 1.000000e+00 
9.549926e-20 1.481447e-20 2.655733e+00 5.439997e-02 1.000000e+00 
1.000000e-19 1.587399e-20 2.655733e+00 5.439997e-02 1.000000e+00 
1.047129e-19 1.700929e-20 2.655733e+00 5.439997e-02 1.000000e+00 
1.096478e-19 1.822576e-20 2.655733e+00 5.439997e-02 1.000000e+00 
1.148154e-19 1.952926e-20 2.655733e+00 5.439997e-02 1.000000e+00 
1.202264e-19 2.092596e-20 2.655733e+00 5.439997e-02 1.000000e+00 
1.258925e-19 2.242256e-20 2.655733e+00 5.439997e-02 1.000000e+00 
1.318257e-19 2.402622e-20 2.655733e+00 5.439997e-02 1.000000e+00 
1.380384e-19 2.574454e-20 2.655733e+00 5.439997e-02 1.000000e+00 
1.445440e-19 2.758577e-20 2.655733e+00 5.439997e-02 1.000000e+00 
1.513561e-19 2.955867e-20 2.655733e+00 5.439997e-02 1.000000e+00 
1.584893e-19 3.167268e-20 2.655733e+00 5.439997e-02 1.000000e+00 
1.659587e-19 3.393788e-20 2.655733e+00 5.439997e-02 1.000000e+00 
1.737801e-19 3.636509e-20 2.655733e+00 5.439997e-02 1.000000e+00 
1.819701e-19 3.896589e-20 2.655733e+00 5.439997e-02 1.000000e+00 
1.905461e-19 4.175269e-20 2.655733e+00 5.439997e-02 1.000000e+00 
1.995262e-19 4.473878e-20 2.655733e+00 5.439997e-02 1.000000e+00 
2.089296e-19 4.793846e-20 2.655733e+00 5.439997e-02 1.000000e+00 
2.187762e-19 5.136699e-20 2.655733e+00 5.439997e-02 1.000000e+00 
2.290868e-19 5.504071e-20 2.655733e+00 5.439997e-02 1.000000e+00 
2.398833e-19 5.897716e-20 2.655733e+00 5.439997e-02 1.000000e+00 
2.511886e-19 6.319513e-20 2.655733e+00 5.439997e-02 1.000000e+00 
2.630268e-19 6.771480e-20 2.655733e+00 5.439997e-02 1.000000e+00 
2.754229e-19 7.255770e-20 2.655733e+00 5.439997e-02 1.000000e+00 
2.884032e-19 7.774697e-20 2.655733e+00 5.439997e-02 1.000000e+00 
3.019952e-19 8.330734e-20 2.655733e+00 5.439997e-02 1.000000e+00 
3.162278e-19 8.926541e-20 2.655733e+00 5.439997e-02 1.000000e+00 
3.311311e-19 9.564956e-20 2.655733e+00 5.439997e-02 1.000000e+00 
3.467369e-19 1.024904e-19 2.655733e+00 5.439997e-02 1.000000e+00 
3.630781e-19 1.098204e-19 2.655733e+00 5.439997e-02 1.000000e+00 
3.801894e-19 1.176746e-19 2.655733e+00 5.439997e-02 1.000000e+00 
3.981072e-19 1.260906e-19 2.655733e+00 5.439997e-02 1.000000e+00 
4.168694e-19 1.351084e-19 2.655733e+00 5.439997e-02 1.000000e+00 
4.365158e-19 1.447712e-19 2.655733e+00 5.439997e-02 1.000000e+00 
4.570882e-19 1.551252e-19 2.655733e+00 5.439997e-02 1.000000e+00 
4.786301e-19 1.662195e-19 2.655733e+00 5.439997e-02 1.000000e+00 
5.011872e-19 1.781074e-19 2.655733e+00 5.439997e-02 1.000000e+00 
5.248075e-19 1.908455e-19 2.655733e+00 5.439997e-02 1.000000e+00 
5.495409e-19 2.044946e-19 2.655733e+00 5.439997e-02 1.000000e+00 
5.754399e-19 2.191198e-19 2.655733e+00 5.439997e-02 1.000000e+00 
6.025596e-19 2.347910e-19 2.655733e+00 5.439997e-02 1.000000e+00 
6.309573e-19 2.515830e-19 2.655733e+00 5.439997e-02 1.000000e+00 
6.606934e-19 2.695760e-19 2.655733e+00 5.439997e-02 1.000000e+00 
6.918310e-19 2.888559e-19 2.655733e+00 5.439997e-02 1.000000e+00 
7.244360e-19 3.095146e-19 2.655733e+00 5.439997e-02 1.000000e+00 
7.585776e-19 3.316507e-19 2.655733e+00 5.439997e-02 1.000000e+00 
7.943282e-19 3.553700e-19 2.655733e+00 5.439997e-02 1.000000e+00 
8.317638e-19 3.807858e-19 2.655733e+00 5.439997e-02 1.000000e+00 
8.709636e-19 4.080192e-19 2.655733e+00 5.439997e-02 1.000000e+00 
9.120108e-19 4.372003e-19 2.655733e+00 5.439997e-02 1.000000e+00 
9.549926e-19 4.684685e-19 2.655733e+00 5.439997e-02 1.000000e+00 
1.000000e-18 5.019729e-19 2.655733e+00 5.439997e-02 1.000000e+00 
1.047129e-18 5.378739e-19 2.655733e+00 5.439997e-02 1.000000e+00 
1.096478e-18 5.763416e-19 2.655733e+00 5.439997e-02 1.000000e+00 
1.148154e-18 6.175614e-19 2.655733e+00 5.439997e-02 1.000000e+00 
1.202264e-18 6.617282e-19 2.655733e+00 5.439997e-02 1.000000e+00 
1.258925e-18 7.090544e-19 2.655733e+00 5.439997e-02 1.000000e+00 
1.318257e-18 7.597658e-19 2.655733e+00 5.439997e-02 1.000000e+00 
1.380384e-18 8.141031e-19 2.655733e+00 5.439997e-02 1.000000e+00 
1.445440e-18 8.723274e-19 2.655733e+00 5.439997e-02 1.000000e+00 
1.513561e-18 9.347150e-19 2.655733e+00 5.439997e-02 1.000000e+00 
1.584893e-18 1.001565e-18 2.655733e+00 5.439997e-02 1.000000e+00 
1.659587e-18 1.073196e-18 2.655733e+00 5.439997e-02 1.000000e+00 
1.737801e-18 1.149950e-18 2.655733e+00 5.439997e-02 1.000000e+00 
1.819701e-18 1.232194e-18 2.655733e+00 5.439997e-02 1.000000e+00 
1.905461e-18 1.320319e-18 2.655733e+00 5.439997e-02 1.000000e+00 
1.995262e-18 1.414746e-18 2.655733e+00 5.439997e-02 1.000000e+00 
2.089296e-18 1.515928e-18 2.655733e+00 5.439997e-02 1.000000e+00 
2.187762e-18 1.624346e-18 2.655733e+00 5.439997e-02 1.000000e+00 
2.290868e-18 1.740518e-18 2.655733e+00 5.439997e-02 1.000000e+00 
2.398833e-18 1.864997e-18 2.655733e+00 5.439997e-02 1.000000e+00 
2.511886e-18 1.998380e-18 2.655733e+00 5.439997e-02 1.000000e+00 
2.630268e-18 2.141302e-18 2.655733e+00 5.439997e-02 1.000000e+00 
2.754229e-18 2.294447e-18 2.655733e+00 5.439997e-02 1.000000e+00 
2.884032e-18 2.458544e-18 2.655733e+00 5.439997e-02 1.000000e+00 
3.019952e-18 2.634376e-18 2.655733e+00 5.439997e-02 1.000000e+00 
3.162278e-18 2.822784e-18 2.655733e+00 5.439997e-02 1.000000e+00 
3.311311e-18 3.024666e-18 2.655733e+00 5.439997e-02 1.000000e+00 
3.467369e-18 3.240988e-18 2.655733e+00 5.439997e-02 1.000000e+00 
3.630781e-18 3.472781e-18 2.655733e+00 5.439997e-02 1.000000e+00 
3.801894e-18 3.721150e-18 2.655733e+00 5.439997e-02 1.000000e+00 
3.981072e-18 3.987284e-18 2.655733e+00 5.439997e-02 1.000000e+00 
4.168694e-18 4.272450e-18 2.655733e+00 5.439997e-02 1.000000e+00 
4.365158e-18 4.578011e-18 2.655733e+00 5.439997e-02 1.000000e+00 
4.570882e-18 4.905427e-18 2.655733e+00 5.439997e-02 1.000000e+00 
4.786301e-18 5.256258e-18 2.655733e+00 5.439997e-02 1.000000e+00 
5.011872e-18 5.632180e-18 2.655733e+00 5.439997e-02 1.000000e+00 
5.248075e-18 6.034990e-18 2.655733e+00 5.439997e-02 1.000000e+00 
5.495409e-18 6.466606e-18 2.655733e+00 5.439997e-02 1.000000e+00 
5.754399e-18 6.929091e-18 2.655733e+00 5.439997e-02 1.000000e+00 
6.025596e-18 7.424654e-18 2.655733e+00 5.439997e-02 1.000000e+00 
6.309573e-18 7.955657e-18 2.655733e+00 5.439997e-02 1.000000e+00 
6.606934e-18 8.524638e-18 2.655733e+00 5.439997e-02 1.000000e+00 
6.918310e-18 9.134314e-18 2.655733e+00 5.439997e-02 1.000000e+00 
7.244360e-18 9.787592e-18 2.655733e+00 5.439997e-02 1.000000e+00 
7.585776e-18 1.048759e-17 2.655733e+00 5.439997e-02 1.000000e+00 
7.943282e-18 1.123765e-17 2.655733e+00 5.439997e-02 1.000000e+00 
8.317638e-18 1.204136e-17 2.655733e+00 5.439997e-02 1.000000e+00 
8.709636e-18 1.290255e-17 2.655733e+00 5.439997e-02 1.000000e+00 
9.120108e-18 1.382532e-17 2.655733e+00 5.439997e-02 1.000000e+00 
9.549926e-18 1.481410e-17 2.655733e+00 5.439997e-02 1.000000e+00 
1.000000e-17 1.587359e-17 2.655733e+00 5.439997e-02 1.000000e+00 
1.047129e-17 1.700887e-17 2.655733e+00 5.439997e-02 1.000000e+00 
1.096478e-17 1.822531e-17 2.655733e+00 5.439997e-02 1.000000e+00 
1.148154e-17 1.952878e-17 2.655733e+00 5.439997e-02 1.000000e+00 
1.202264e-17 2.092544e-17 2.655733e+00 5.439997e-02 1.000000e+00 
1.258925e-17 2.242201e-17 2.655733e+00 5.439997e-02 1.000000e+00 
1.318257e-17 2.402563e-17 2.655733e+00 5.439997e-02 1.000000e+00 
1.380384e-17 2.574390e-17 2.655733e+00 5.439997e-02 1.000000e+00 
1.445440e-17 2.758510e-17 2.655733e+00 5.439997e-02 1.000000e+00 
1.513561e-17 2.955795e-17 2.655733e+00 5.439997e-02 1.000000e+00 
1.584893e-17 3.167191e-17 2.655733e+00 5.439997e-02 1.000000e+00 
1.659587e-17 3.393706e-17 2.655733e+00 5.439997e-02 1.000000e+00 
1.737801e-17 3.636421e-17 2.655733e+00 5.439997e-02 1.000000e+00 
1.819701e-17 3.896495e-17 2.655733e+00 5.439997e-02 1.000000e+00 
1.905461e-17 4.175169e-17 2.655733e+00 5.439997e-02 1.000000e+00 
1.995262e-17 4.473771e-17 2.655733e+00 5.439997e-02 1.000000e+00 
2.089296e-17 4.793732e-17 2.655733e+00 5.439997e-02 1.000000e+00 
2.187762e-17 5.136577e-17 2.655733e+00 5.439997e-02 1.000000e+00 
2.290868e-17 5.503941e-17 2.655733e+00 5.439997e-02 1.000000e+00 
2.398833e-17 5.897577e-17 2.655733e+00 5.439997e-02 1.000000e+00 
2.511886e-17 6.319364e-17 2.655733e+00 5.439997e-02 1.000000e+00 
2.630268e-17 6.771321e-17 2.655733e+00 5.439997e-02 1.000000e+00 
2.754229e-17 7.255602e-17 2.655733e+00 5.439997e-02 1.000000e+00 
2.884032e-17 7.774517e-17 2.655733e+00 5.439997e-02 1.000000e+00 
3.019952e-17 8.330542e-17 2.655733e+00 5.439997e-02 1.000000e+00 
3.162278e-17 8.926336e-17 2.655733e+00 5.439997e-02 1.000000e+00 
3.311311e-17 9.564737e-17 2.655733e+00 5.439997e-02 1.000000e+00 
3.467369e-17 1.024880e-16 2.655733e+00 5.439997e-02 1.000000e+00 
3.630781e-17 1.098179e-16 2.655733e+00 5.439997e-02 1.000000e+00 
3.801894e-17 1.176719e-16 2.655733e+00 5.439997e-02 1.000000e+00 
3.981072e-17 1.260877e-16 2.655733e+00 5.439997e-02 1.000000e+00 
4.168694e-17 1.351054e-16 2.655733e+00 5.439997e-02 1.000000e+00 
4.365158e-17 1.447680e-16 2.655733e+00 5.439997e-02 1.000000e+00 
4.570882e-17 1.551217e-16 2.655733e+00 5.439997e-02 1.000000e+00 
4.786301e-17 1.662159e-16 2.655733e+00 5.439997e-02 1.000000e+00 
5.011872e-17 1.781035e-16 2.655733e+00 5.439997e-02 1.000000e+00 
5.248075e-17 1.908414e-16 2.655733e+00 5.439997e-02 1.000000e+00 
5.495409e-17 2.044902e-16 2.655733e+00 5.439997e-02 1.000000e+00 
5.754399e-17 2.191151e-16 2.655733e+00 5.439997e-02 1.000000e+00 
6.025596e-17 2.347861e-16 2.655733e+00 5.439997e-02 1.000000e+00 
6.309573e-17 2.515778e-16 2.655733e+00 5.439997e-02 1.000000e+00 
6.606934e-17 2.695704e-16 2.655733e+00 5.439997e-02 1.000000e+00 
6.918310e-17 2.888499e-16 2.655733e+00 5.439997e-02 1.000000e+00 
7.244360e-17 3.095082e-16 2.655733e+00 5.439997e-02 1.000000e+00 
7.585776e-17 3.316440e-16 2.655733e+00 5.439997e-02 1.000000e+00 
7.943282e-17 3.553629e-16 2.655733e+00 5.439997e-02 1.000000e+00 
8.317638e-17 3.807782e-16 2.655733e+00 5.439997e-02 1.000000e+00 
8.709636e-17 4.080111e-16 2.655733e+00 5.439997e-02 1.000000e+00 
9.120108e-17 4.371917e-16 2.655733e+00 5.439997e-02 1.000000e+00 
9.549926e-17 4.684594e-16 2.655733e+00 5.439997e-02 1.000000e+00 
1.000000e-16 5.019632e-16 2.655733e+00 5.439997e-02 1.000000e+00 
1.047129e-16 5.378636e-16 2.655733e+00 5.439997e-02 1.000000e+00 
1.096478e-16 5.763307e-16 2.655733e+00 5.439997e-02 1.000000e+00 
1.148154e-16 6.175499e-16 2.655733e+00 5.439997e-02 1.000000e+00 
1.202264e-16 6.617159e-16 2.655733e+00 5.439997e-02 1.000000e+00 
1.258925e-16 7.090414e-16 2.655733e+00 5.439997e-02 1.000000e+00 
1.318257e-16 7.597521e-16 2.655733e+00 5.439997e-02 1.000000e+00 
1.380384e-16 8.140885e-16 2.655733e+00 5.439997e-02 1.000000e+00 
1.445440e-16 8.723120e-16 2.655733e+00 5.439997e-02 1.000000e+00 
1.513561e-16 9.346987e-16 2.655733e+00 5.439997e-02 1.000000e+00 
1.584893e-16 1.001548e-15 2.655733e+00 5.439997e-02 1.000000e+00 
1.659587e-16 1.073178e-15 2.655733e+00 5.439997e-02 1.000000e+00 
1.737801e-16 1.149931e-15 2.655733e+00 5.439997e-02 1.000000e+00 
1.819701e-16 1.232173e-15 2.655733e+00 5.439997e-02 1.000000e+00 
1.905461e-16 1.320298e-15 2.655733e+00 5.439997e-02 1.000000e+00 
1.995262e-16 1.414724e-15 2.655733e+00 5.439997e-02 1.000000e+00 
2.089296e-16 1.515904e-15 2.655733e+00 5.439997e-02 1.000000e+00 
2.187762e-16 1.624321e-15 2.655733e+00 5.439997e-02 1.000000e+00 
2.290868e-16 1.740491e-15 2.655733e+00 5.439997e-02 1.000000e+00 
2.398833e-16 1.864970e-15 2.655733e+00 5.439997e-02 1.000000e+00 
2.511886e-16 1.998351e-15 2.655733e+00 5.439997e-02 1.000000e+00 
2.630268e-16 2.141272e-15 2.655733e+00 5.439997e-02 1.000000e+00 
2.754229e-16 2.294415e-15 2.655733e+00 5.439997e-02 1.000000e+00 
2.884032e-16 2.458510e-15 2.655733e+00 5.439997e-02 1.000000e+00 
3.019952e-16 2.634341e-15 2.655733e+00 5.439997e-02 1.000000e+00 
3.162278e-16 2.822748e-15 2.655733e+00 5.439997e-02 1.000000e+00 
3.311311e-16 3.024628e-15 2.655733e+00 5.439997e-02 1.000000e+00 
3.467369e-16 3.240949e-15 2.655733e+00 5.439997e-02 1.000000e+00 
3.630781e-16 3.472740e-15 2.655733e+00 5.439997e-02 1.000000e+00 
3.801894e-16 3.721108e-15 2.655733e+00 5.439997e-02 1.000000e+00 
3.981072e-16 3.987240e-15 2.655733e+00 5.439997e-02 1.000000e+00 
4.168694e-16 4.272405e-15 2.655733e+00 5.439997e-02 1.000000e+00 
4.365158e-16 4.577964e-15 2.655733e+00 5.439997e-02 1.000000e+00 
4.570882e-16 4.905379e-15 2.655733e+00 5.439997e-02 1.000000e+00 
4.786301e-16 5.256209e-15 2.655733e+00 5.439997e-02 1.000000e+00 
5.011872e-16 5.632130e-15 2.655733e+00 5.439997e-02 1.000000e+00 
5.248075e-16 6.034938e-15 2.655733e+00 5.439997e-02 1.000000e+00 
5.495409e-16 6.466554e-15 2.655733e+00 5.439997e-02 1.000000e+00 
5.754399e-16 6.929038e-15 2.655733e+00 5.439997e-02 1.000000e+00 
6.025596e-16 7.424600e-15 2.655733e+00 5.439997e-02 1.000000e+00 
6.309573e-16 7.955604e-15 2.655733e+00 5.439997e-02 1.000000e+00 
6.606934e-16 8.524585e-15 2.655733e+00 5.439997e-02 1.000000e+00 
6.918310e-16 9.134261e-15 2.655733e+00 5.439997e-02 1.000000e+00 
7.244360e-16 9.787541e-15 2.655733e+00 5.439997e-02 1.000000e+00 
7.585776e-16 1.048754e-14 2.655733e+00 5.439997e-02 1.000000e+00 
7.943282e-16 1.123761e-14 2.655733e+00 5.439997e-02 1.000000e+00 
8.317638e-16 1.204132e-14 2.655733e+00 5.439997e-02 1.000000e+00 
8.709636e-16 1.290251e-14 2.655733e+00 5.439997e-02 1.000000e+00 
9.120108e-16 1.382529e-14 2.655733e+00 5.439997e-02 1.000000e+00 
9.549926e-16 1.481407e-14 2.655733e+00 5.439997e-02 1.000000e+00 
1.000000e-15 1.587357e-14 2.655733e+00 5.439997e-02 1.000000e+00 
1.047129e-15 1.700885e-14 2.655733e+00 5.439997e-02 1.000000e+00 
1.096478e-15 1.822531e-14 2.655733e+00 5.439997e-02 1.000000e+00 
1.148154e-15 1.952879e-14 2.655733e+00 5.439997e-02 1.000000e+00 
1.202264e-15 2.092546e-14 2.655733e+00 5.439997e-02 1.000000e+00 
1.258925e-15 2.242205e-14 2.655733e+00 5.439997e-02 1.000000e+00 
1.318257e-15 2.402569e-14 2.655733e+00 5.439997e-02 1.000000e+00 
1.380384e-15 2.574399e-14 2.655733e+00 5.439997e-02 1.000000e+00 
1.445440e-15 2.758521e-14 2.655733e+00 5.439997e-02 1.000000e+00 
1.513561e-15 2.955809e-14 2.655733e+00 5.439997e-02 1.000000e+00 
1.584893e-15 3.167208e-14 2.655733e+00 5.439997e-02 1.000000e+00 
1.659587e-15 3.393727e-14 2.655733e+00 5.439997e-02 1.000000e+00 
1.737801e-15 3.636447e-14 2.655733e+00 5.439997e-02 1.000000e+00 
1.819701e-15 3.896525e-14 2.655733e+00 5.439997e-02 1.000000e+00 
1.905461e-15 4.175205e-14 2.655733e+00 5.439997e-02 1.000000e+00 
1.995262e-15 4.473814e-14 2.655733e+00 5.439997e-02 1.000000e+00 
2.089296e-15 4.793782e-14 2.655733e+00 5.439997e-02 1.000000e+00 
2.187762e-15 5.136635e-14 2.655733e+00 5.439997e-02 1.000000e+00 
2.290868e-15 5.504008e-14 2.655733e+00 5.439997e-02 1.000000e+00 
2.398833e-15 5.897654e-14 2.655733e+00 5.439997e-02 1.000000e+00 
2.511886e-15 6.319453e-14 2.655733e+00 5.439997e-02 1.000000e+00 
2.630268e-15 6.771423e-14 2.655733e+00 5.439997e-02 1.000000e+00 
2.754229e-15 7.255718e-14 2.655733e+00 5.439997e-02 1.000000e+00 
2.884032e-15 7.774649e-14 2.655733e+00 5.439997e-02 1.000000e+00 
3.019952e-15 8.330693e-14 2.655733e+00 5.439997e-02 1.000000e+00 
3.162278e-15 8.926507e-14 2.655733e+00 5.439997e-02 1.000000e+00 
3.311311e-15 9.564931e-14 2.655733e+00 5.439997e-02 1.000000e+00 
3.467369e-15 1.024902e-13 2.655733e+00 5.439997e-02 1.000000e+00 
3.630781e-15 1.098203e-13 2.655733e+00 5.439997e-02 1.000000e+00 
3.801894e-15 1.176747e-13 2.655733e+00 5.439997e-02 1.000000e+00 
3.981072e-15 1.260909e-13 2.655733e+00 5.439997e-02 1.000000e+00 
4.168694e-15 1.351090e-13 2.655733e+00 5.439997e-02 1.000000e+00 
4.365158e-15 1.447720e-13 2.655733e+00 5.439997e-02 1.000000e+00 
4.570882e-15 1.551262e-13 2.655733e+00 5.439997e-02 1.000000e+00 
4.786301e-15 1.662209e-13 2.655733e+00 5.439997e-02 1.000000e+00 
5.011872e-15 1.781091e-13 2.655733e+00 5.439997e-02 1.000000e+00 
5.248075e-15 1.908476e-13 2.655733e+00 5.439997e-02 1.000000e+00 
5.495409e-15 2.044971e-13 2.655733e+00 5.439997e-02 1.000000e+00 
5.754399e-15 2.191229e-13 2.655733e+00 5.439997e-02 1.000000e+00 
6.025596e-15 2.347948e-13 2.655733e+00 5.439997e-02 1.000000e+00 
6.309573e-15 2.515874e-13 2.655733e+00 5.439997e-02 1.000000e+00 
6.606934e-15 2.695812e-13 2.655733e+00 5.439997e-02 1.000000e+00 
6.918310e-15 2.888619e-13 2.655733e+00 5.439997e-02 1.000000e+00 
7.244360e-15 3.095216e-13 2.655733e+00 5.439997e-02 1.000000e+00 
7.585776e-15 3.316589e-13 2.655733e+00 5.439997e-02 1.000000e+00 
7.943282e-15 3.553794e-13 2.655733e+00 5.439997e-02 1.000000e+00 
8.317638e-15 3.807966e-13 2.655733e+00 5.439997e-02 1.000000e+00 
8.709636e-15 4.080315e-13 2.655733e+00 5.439997e-02 1.000000e+00 
9.120108e-15 4.372144e-13 2.655733e+00 5.439997e-02 1.000000e+00 
9.549926e-15 4.684845e-13 2.655733e+00 5.439997e-02 1.000000e+00 
1.000000e-14 5.019911e-13 2.655733e+00 5.439997e-02 1.000000e+00 
1.047129e-14 5.378946e-13 2.655733e+00 5.439997e-02 1.000000e+00 
1.096478e-14 5.763650e-13 2.655733e+00 5.439997e-02 1.000000e+00 
1.148154e-14 6.175879e-13 2.655733e+00 5.439997e-02 1.000000e+00 
1.202264e-14 6.617580e-13 2.655733e+00 5.439997e-02 1.000000e+00 
1.258925e-14 7.090880e-13 2.655733e+00 5.439997e-02 1.000000e+00 
1.318257e-14 7.598037e-13 2.655733e+00 5.439997e-02 1.000000e+00 
1.380384e-14 8.141457e-13 2.655733e+00 5.439997e-02 1.000000e+00 
1.445440e-14 8.723752e-13 2.655733e+00 5.439997e-02 1.000000e+00 
1.513561e-14 9.347686e-13 2.655733e+00 5.439997e-02 1.000000e+00 
1.584893e-14 1.001625e-12 2.655733e+00 5.439997e-02 1.000000e+00 
1.659587e-14 1.073263e-12 2.655733e+00 5.439997e-02 1.000000e+00 
1.737801e-14 1.150025e-12 2.655733e+00 5.439997e-02 1.000000e+00 
1.819701e-14 1.232278e-12 2.655733e+00 5.439997e-02 1.000000e+00 
1.905461e-14 1.320413e-12 2.655733e+00 5.439997e-02 1.000000e+00 
1.995262e-14 1.414851e-12 2.655733e+00 5.439997e-02 1.000000e+00 
2.089296e-14 1.516045e-12 2.655733e+00 5.439997e-02 1.000000e+00 
2.187762e-14 1.624476e-12 2.655733e+00 5.439997e-02 1.000000e+00 
2.290868e-14 1.740663e-12 2.655733e+00 5.439997e-02 1.000000e+00 
2.398833e-14 1.865159e-12 2.655733e+00 5.439997e-02 1.000000e+00 
2.511886e-14 1.998559e-12 2.655733e+00 5.439997e-02 1.000000e+00 
2.630268e-14 2.141502e-12 2.655733e+00 5.439997e-02 1.000000e+00 
2.754229e-14 2.294669e-12 2.655733e+00 5.439997e-02 1.000000e+00 
2.884032e-14 2.458790e-12 2.655733e+00 5.439997e-02 1.000000e+00 
3.019952e-14 2.634650e-12 2.655733e+00 5.439997e-02 1.000000e+00 
3.162278e-14 2.823088e-12 2.655733e+00 5.439997e-02 1.000000e+00 
3.311311e-14 3.025003e-12 2.655733e+00 5.439997e-02 1.000000e+00 
3.467369e-14 3.241362e-12 2.655733e+00 5.439997e-02 1.000000e+00 
3.630781e-14 3.473195e-12 2.655733e+00 5.439997e-02 1.000000e+00 
3.801894e-14 3.721609e-12 2.655733e+00 5.439997e-02 1.000000e+00 
3.981072e-14 3.987792e-12 2.655733e+00 5.439997e-02 1.000000e+00 
4.168694e-14 4.273013e-12 2.655733e+00 5.439997e-02 1.000000e+00 
4.365158e-14 4.578634e-12 2.655733e+00 5.439997e-02 1.000000e+00 
4.570882e-14 4.906116e-12 2.655733e+00 5.439997e-02 1.000000e+00 
4.786301e-14 5.257021e-12 2.655733e+00 5.439997e-02 1.000000e+00 
5.011872e-14 5.633023e-12 2.655733e+00 5.439997e-02 1.000000e+00 
5.248075e-14 6.035922e-12 2.655733e+00 5.439997e-02 1.000000e+00 
5.495409e-14 6.467637e-12 2.655733e+00 5.439997e-02 1.000000e+00 
5.754399e-14 6.930230e-12 2.655733e+00 5.439997e-02 1.000000e+00 
6.025596e-14 7.425912e-12 2.655733e+00 5.439997e-02 1.000000e+00 
6.309573e-14 7.957047e-12 2.655733e+00 5.439997e-02 1.000000e+00 
6.606934e-14 8.526173e-12 2.655733e+00 5.439997e-02 1.000000e+00 
6.918310e-14 9.136009e-12 2.655733e+00 5.439997e-02 1.000000e+00 
7.244360e-14 9.789463e-12 2.655733e+00 5.439997e-02 1.000000e+00 
7.585776e-14 1.048966e-11 2.655733e+00 5.439997e-02 1.000000e+00 
7.943282e-14 1.123993e-11 2.655733e+00 5.439997e-02 1.000000e+00 
8.317638e-14 1.204387e-11 2.655733e+00 5.439997e-02 1.000000e+00 
8.709636e-14 1.290532e-11 2.655733e+00 5.439997e-02 1.000000e+00 
9.120108e-14 1.382838e-11 2.655733e+00 5.439997e-02 1.000000e+00 
9.549926e-14 1.481747e-11 2.655733e+00 5.439997e-02 1.000000e+00 
1.000000e-13 1.587731e-11 2.655733e+00 5.439997e-02 1.000000e+00 
1.047129e-13 1.701296e-11 2.655733e+00 5.439997e-02 1.000000e+00 
1.096478e-13 1.822983e-11 2.655733e+00 5.439997e-02 1.000000e+00 
1.148154e-13 1.953376e-11 2.655733e+00 5.439997e-02 1.000000e+00 
1.202264e-13 2.093092e-11 2.655733e+00 5.439997e-02 1.000000e+00 
1.258925e-13 2.242805e-11 2.655733e+00 5.439997e-02 1.000000e+00 
1.318257e-13 2.403229e-11 2.655733e+00 5.439997e-02 1.000000e+00 
1.380384e-13 2.575124e-11 2.655733e+00 5.439997e-02 1.000000e+00 
1.445440e-13 2.759318e-11 2.655733e+00 5.439997e-02 1.000000e+00 
1.513561e-13 2.956684e-11 2.655733e+00 5.439997e-02 1.000000e+00 
1.584893e-13 3.168170e-11 2.655733e+00 5.439997e-02 1.000000e+00 
1.659587e-13 3.394784e-11 2.655733e+00 5.439997e-02 1.000000e+00 
1.737801e-13 3.637608e-11 2.655733e+00 5.439997e-02 1.000000e+00 
1.819701e-13 3.897801e-11 2.655733e+00 5.439997e-02 1.000000e+00 
1.905461e-13 4.176607e-11 2.655733e+00 5.439997e-02 1.000000e+00 
1.995262e-13 4.475353e-11 2.655733e+00 5.439997e-02 1.000000e+00 
2.089296e-13 4.795473e-11 2.655733e+00 5.439997e-02 1.000000e+00 
2.187762e-13 5.138493e-11 2.655733e+00 5.439997e-02 1.000000e+00 
2.290868e-13 5.506048e-11 2.655733e+00 5.439997e-02 1.000000e+00 
2.398833e-13 5.899895e-11 2.655733e+00 5.439997e-02 1.000000e+00 
2.511886e-13 6.321914e-11 2.655733e+00 5.439997e-02 1.000000e+00 
2.630268e-13 6.774126e-11 2.655733e+00 5.439997e-02 1.000000e+00 
2.754229e-13 7.258686e-11 2.655733e+00 5.439997e-02 1.000000e+00 
2.884032e-13 7.777909e-11 2.655733e+00 5.439997e-02 1.000000e+00 
3.019952e-13 8.334273e-11 2.655733e+00 5.439997e-02 1.000000e+00 
3.162278e-13 8.930438e-11 2.655733e+00 5.439997e-02 1.000000e+00 
3.311311e-13 9.569247e-11 2.655733e+00 5.439997e-02 1.000000e+00 
3.467369e-13 1.025376e-10 2.655733e+00 5.439997e-02 1.000000e+00 
3.630781e-13 1.098724e-10 2.655733e+00 5.439997e-02 1.000000e+00 
3.801894e-13 1.177319e-10 2.655733e+00 5.439997e-02 1.000000e+00 
3.981072e-13 1.261536e-10 2.655733e+00 5.439997e-02 1.000000e+00 
4.168694e-13 1.351778e-10 2.655733e+00 5.439997e-02 1.000000e+00 
4.365158e-13 1.448476e-10 2.655733e+00 5.439997e-02 1.000000e+00 
4.570882e-13 1.552092e-10 2.655733e+00 5.439997e-02 1.000000e+00 
4.786301e-13 1.663120e-10 2.655733e+00 5.439997e-02 1.000000e+00 
5.011872e-13 1.782091e-10 2.655733e+00 5.439997e-02 1.000000e+00 
5.248075e-13 1.909574e-10 2.655733e+00 5.439997e-02 1.000000e+00 
5.495409e-13 2.046177e-10 2.655733e+00 5.439997e-02 1.000000e+00 
5.754399e-13 2.192552e-10 2.655733e+00 5.439997e-02 1.000000e+00 
6.025596e-13 2.349399e-10 2.655733e+00 5.439997e-02 1.000000e+00 
6.309573e-13 2.517468e-10 2.655733e+00 5.439997e-02 1.000000e+00 
6.606934e-13 2.697561e-10 2.655733e+00 5.439997e-02 1.000000e+00 
6.918310e-13 2.890539e-10 2.655733e+00 5.439997e-02 1.000000e+00 
7.244360e-13 3.097323e-10 2.655733e+00 5.439997e-02 1.000000e+00 
7.585776e-13 3.318901e-10 2.655733e+00 5.439997e-02 1.000000e+00 
7.943282e-13 3.556332e-10 2.655733e+00 5.439997e-02 1.000000e+00 
8.317638e-13 3.810750e-10 2.655733e+00 5.439997e-02 1.000000e+00 
8.709636e-13 4.083372e-10 2.655733e+00 5.439997e-02 1.000000e+00 
9.120108e-13 4.375498e-10 2.655733e+00 5.439997e-02 1.000000e+00 
9.549926e-13 4.688526e-10 2.655733e+00 5.439997e-02 1.000000e+00 
1.000000e-12 5.023950e-10 2.655733e+00 5.439997e-02 1.000000e+00 
1.047129e-12 5.383377e-10 2.655733e+00 5.439997e-02 1.000000e+00 
1.096478e-12 5.768513e-10 2.655733e+00 5.439997e-02 1.000000e+00 
1.148154e-12 6.181215e-10 2.655733e+00 5.439997e-02 1.000000e+00 
1.202264e-12 6.623436e-10 2.655733e+00 5.439997e-02 1.000000e+00 
1.258925e-12 7.097305e-10 2.655733e+00 5.439997e-02 1.000000e+00 
1.318257e-12 7.605087e-10 2.655733e+00 5.439997e-02 1.000000e+00 
1.380384e-12 8.149192e-10 2.655733e+00 5.439997e-02 1.000000e+00 
1.445440e-12 8.732239e-10 2.655733e+00 5.439997e-02 1.000000e+00 
1.513561e-12 9.356998e-10 2.655733e+00 5.439997e-02 1.000000e+00 
1.584893e-12 1.002647e-09 2.655733e+00 5.439997e-02 1.000000e+00 
1.659587e-12 1.074384e-09 2.655733e+00 5.439997e-02 1.000000e+00 
1.737801e-12 1.151255e-09 2.655733e+00 5.439997e-02 1.000000e+00 
1.819701e-12 1.233627e-09 2.655733e+00 5.439997e-02 1.000000e+00 
1.905461e-12 1.321893e-09 2.655733e+00 5.439997e-02 1.000000e+00 
1.995262e-12 1.416475e-09 2.655733e+00 5.439997e-02 1.000000e+00 
2.089296e-12 1.517826e-09 2.655733e+00 5.439997e-02 1.000000e+00 
2.187762e-12 1.626431e-09 2.655733e+00 5.439997e-02 1.000000e+00 
2.290868e-12 1.742807e-09 2.655733e+00 5.439997e-02 1.000000e+00 
2.398833e-12 1.867511e-09 2.655733e+00 5.439997e-02 1.000000e+00 
2.511886e-12 2.001140e-09 2.655733e+00 5.439997e-02 1.000000e+00 
2.630268e-12 2.144333e-09 2.655733e+00 5.439997e-02 1.000000e+00 
2.754229e-12 2.297774e-09 2.655733e+00 5.439997e-02 1.000000e+00 
2.884032e-12 2.462197e-09 2.655733e+00 5.439997e-02 1.000000e+00 
3.019952e-12 2.638387e-09 2.655733e+00 5.439997e-02 1.000000e+00 
3.162278e-12 2.827187e-09 2.655733e+00 5.439997e-02 1.000000e+00 
3.311311e-12 3.029500e-09 2.655733e+00 5.439997e-02 1.000000e+00 
3.467369e-12 3.246295e-09 2.655733e+00 5.439997e-02 1.000000e+00 
3.630781e-12 3.478606e-09 2.655733e+00 5.439997e-02 1.000000e+00 
3.801894e-12 3.727544e-09 2.655733e+00 5.439997e-02 1.000000e+00 
3.981072e-12 3.994302e-09 2.655733e+00 5.439997e-02 1.000000e+00 
4.168694e-12 4.280154e-09 2.655733e+00 5.439997e-02 1.000000e+00 
4.365158e-12 4.586467e-09 2.655733e+00 5.439997e-02 1.000000e+00 
4.570882e-12 4.914708e-09 2.655733e+00 5.439997e-02 1.000000e+00 
4.786301e-12 5.266445e-09 2.655733e+00 5.439997e-02 1.000000e+00 
5.011872e-12 5.643361e-09 2.655733e+00 5.439997e-02 1.000000e+00 
5.248075e-12 6.047261e-09 2.655733e+00 5.439997e-02 1.000000e+00 
5.495409e-12 6.480074e-09 2.655733e+00 5.439997e-02 1.000000e+00 
5.754399e-12 6.943871e-09 2.655733e+00 5.439997e-02 1.000000e+00 
6.025596e-12 7.440874e-09 2.655733e+00 5.439997e-02 1.000000e+00 
6.309573e-12 7.973457e-09 2.655733e+00 5.439997e-02 1.000000e+00 
6.606934e-12 8.544172e-09 2.655733e+00 5.439997e-02 1.000000e+00 
6.918310e-12 9.155750e-09 2.655733e+00 5.439997e-02 1.000000e+00 
7.244360e-12 9.811115e-09 2.655733e+00 5.439997e-02 1.000000e+00 
7.585776e-12 1.051340e-08 2.655733e+00 5.439997e-02 1.000000e+00 
7.943282e-12 1.126598e-08 2.655733e+00 5.439997e-02 1.000000e+00 
8.317638e-12 1.207244e-08 2.655733e+00 5.439997e-02 1.000000e+00 
8.709636e-12 1.293665e-08 2.655733e+00 5.439997e-02 1.000000e+00 
9.120108e-12 1.386275e-08 2.655733e+00 5.439997e-02 1.000000e+00 
9.549926e-12 1.485516e-08 2.655733e+00 5.439997e-02 1.000000e+00 
1.000000e-11 1.591864e-08 2.655733e+00 5.439997e-02 1.000000e+00 
1.047129e-11 1.705830e-08 2.655733e+00 5.439997e-02 1.000000e+00 
1.096478e-11 1.827954e-08 2.655733e+00 5.439997e-02 1.000000e+00 
1.148154e-11 1.958829e-08 2.655733e+00 5.439997e-02 1.000000e+00 
1.202264e-11 2.099073e-08 2.655733e+00 5.439997e-02 1.000000e+00 
1.258925e-11 2.249364e-08 2.655733e+00 5.439997e-02 1.000000e+00 
1.318257e-11 2.410422e-08 2.655733e+00 5.439997e-02 1.000000e+00 
1.380384e-11 2.583012e-08 2.655733e+00 5.439997e-02 1.000000e+00 
1.445440e-11 2.767969e-08 2.655733e+00 5.439997e-02 1.000000e+00 
1.513561e-11 2.966172e-08 2.655733e+00 5.439997e-02 1.000000e+00 
1.584893e-11 3.178575e-08 2.655733e+00 5.439997e-02 1.000000e+00 
1.659587e-11 3.406196e-08 2.655733e+00 5.439997e-02 1.000000e+00 
1.737801e-11 3.650123e-08 2.655733e+00 5.439997e-02 1.000000e+00 
1.819701e-11 3.911526e-08 2.655733e+00 5.439997e-02 1.000000e+00 
1.905461e-11 4.191658e-08 2.655733e+00 5.439997e-02 1.000000e+00 
1.995262e-11 4.491860e-08 2.655733e+00 5.439997e-02 1.000000e+00 
2.089296e-11 4.813575e-08 2.655733e+00 5.439997e-02 1.000000e+00 
2.187762e-11 5.158345e-08 2.655733e+00 5.439997e-02 1.000000e+00 
2.290868e-11 5.527819e-08 2.655733e+00 5.439997e-02 1.000000e+00 
2.398833e-11 5.923770e-08 2.655733e+00 5.439997e-02 1.000000e+00 
2.511886e-11 6.348096e-08 2.655733e+00 5.439997e-02 1.000000e+00 
2.630268e-11 6.802839e-08 2.655733e+00 5.439997e-02 1.000000e+00 
2.754229e-11 7.290173e-08 2.655733e+00 5.439997e-02 1.000000e+00 
2.884032e-11 7.812439e-08 2.655733e+00 5.439998e-02 9.999999e-01 
3.019952e-11 8.372139e-08 2.655733e+00 5.439998e-02 9.999999e-01 
3.162278e-11 8.971963e-08 2.655733e+00 5.439998e-02 9.999999e-01 
3.311311e-11 9.614785e-08 2.655733e+00 5.439998e-02 9.999999e-01 
3.467369e-11 1.030370e-07 2.655733e+00 5.439998e-02 9.999999e-01 
3.630781e-11 1.104200e-07 2.655733e+00 5.439998e-02 9.999999e-01 
3.801894e-11 1.183324e-07 2.655733e+00 5.439998e-02 9.999999e-01 
3.981072e-11 1.268122e-07 2.655733e+00 5.439998e-02 9.999999e-01 
4.168694e-11 1.359000e-07 2.655733e+00 5.439998e-02 9.999999e-01 
4.365158e-11 1.456395e-07 2.655733e+00 5.439998e-02 9.999999e-01 
4.570882e-11 1.560776e-07 2.655733e+00 5.439998e-02 9.999999e-01 
4.786301e-11 1.672643e-07 2.655733e+00 5.439998e-02 9.999999e-01 
5.011872e-11 1.792534e-07 2.655733e+00 5.439998e-02 9.999999e-01 
5.248075e-11 1.921026e-07 2.655733e+00 5.439998e-02 9.999999e-01 
5.495409e-11 2.058735e-07 2.655733e+00 5.439998e-02 9.999999e-01 
5.754399e-11 2.206323e-07 2.655733e+00 5.439998e-02 9.999999e-01 
6.025596e-11 2.364501e-07 2.655733e+00 5.439998e-02 9.999998e-01 
6.309573e-11 2.534027e-07 2.655733e+00 5.439998e-02 9.999998e-01 
6.606934e-11 2.715720e-07 2.655733e+00 5.439998e-02 9.999998e-01 
6.918310e-11 2.910451e-07 2.655733e+00 5.439998e-02 9.999998e-01 
7.244360e-11 3.119158e-07 2.655733e+00 5.439998e-02 9.999998e-01 
7.585776e-11 3.342845e-07 2.655733e+00 5.439998e-02 9.999998e-01 
7.943282e-11 3.582588e-07 2.655733e+00 5.439998e-02 9.999998e-01 
8.317638e-11 3.839543e-07 2.655733e+00 5.439998e-02 9.999997e-01 
8.709636e-11 4.114944e-07 2.655733e+00 5.439998e-02 9.999997e-01 
9.120108e-11 4.410119e-07 2.655733e+00 5.439998e-02 9.999997e-01 
9.549926e-11 4.726490e-07 2.655733e+00 5.439998e-02 9.999997e-01 
1.000000e-10 5.065580e-07 2.655733e+00 5.439998e-02 9.999997e-01 
1.047129e-10 5.429027e-07 2.655733e+00 5.439998e-02 9.999996e-01 
1.096478e-10 5.818570e-07 2.655733e+00 5.439998e-02 9.999996e-01 
1.148154e-10 6.236105e-07 2.655733e+00 5.439998e-02 9.999996e-01 
1.202264e-10 6.683625e-07 2.655733e+00 5.439998e-02 9.999996e-01 
1.258925e-10 7.163306e-07 2.655733e+00 5.439999e-02 9.999995e-01 
1.318257e-10 7.677460e-07 2.655733e+00 5.439999e-02 9.999995e-01 
1.380384e-10 8.228551e-07 2.655733e+00 5.439999e-02 9.999995e-01 
1.445440e-10 8.819260e-07 2.655733e+00 5.439999e-02 9.999994e-01 
1.513561e-10 9.452420e-07 2.655733e+00 5.439999e-02 9.999994e-01 
1.584893e-10 1.013110e-06 2.655733e+00 5.439999e-02 9.999993e-01 
1.659587e-10 1.085858e-06 2.655733e+00 5.439999e-02 9.999993e-01 
1.737801e-10 1.163836e-06 2.655733e+00 5.439999e-02 9.999992e-01 
1.819701e-10 1.247422e-06 2.655733e+00 5.439999e-02 9.999992e-01 
1.905461e-10 1.337020e-06 2.655733e+00 5.440000e-02 9.999991e-01 
1.995262e-10 1.433062e-06 2.655733e+00 5.440000e-02 9.999990e-01 
2.089296e-10 1.536015e-06 2.655733e+00 5.440000e-02 9.999990e-01 
2.187762e-10 1.646375e-06 2.655733e+00 5.440000e-02 9.999989e-01 
2.290868e-10 1.764676e-06 2.655733e+00 5.440001e-02 9.999988e-01 
2.398833e-10 1.891491e-06 2.655733e+00 5.440001e-02 9.999987e-01 
2.511886e-10 2.027434e-06 2.655733e+00 5.440001e-02 9.999987e-01 
2.630268e-10 2.173165e-06 2.655733e+00 5.440001e-02 9.999986e-01 
2.754229e-10 2.329389e-06 2.655733e+00 5.440001e-02 9.999985e-01 
2.884032e-10 2.496863e-06 2.655733e+00 5.440002e-02 9.999983e-01 
3.019952e-10 2.676398e-06 2.655733e+00 5.440002e-02 9.999982e-01 
3.162278e-10 2.868867e-06 2.655733e+00 5.440002e-02 9.999981e-01 
3.311311e-10 3.075203e-06 2.655733e+00 5.440003e-02 9.999980e-01 
3.467369e-10 3.296408e-06 2.655733e+00 5.440003e-02 9.999978e-01 
3.630781e-10 3.533555e-06 2.655733e+00 5.440004e-02 9.999977e-01 
3.801894e-10 3.787796e-06 2.655733e+00 5.440004e-02 9.999975e-01 
3.981072e-10 4.060368e-06 2.655733e+00 5.440005e-02 9.999973e-01 
4.168694e-10 4.352596e-06 2.655733e+00 5.440005e-02 9.999971e-01 
4.365158e-10 4.665899e-06 2.655733e+00 5.440006e-02 9.999969e-01 
4.570882e-10 5.001804e-06 2.655733e+00 5.440006e-02 9.999967e-01 
4.786301e-10 5.361945e-06 2.655733e+00 5.440007e-02 9.999964e-01 
5.011872e-10 5.748075e-06 2.655733e+00 5.440008e-02 9.999962e-01 
5.248075e-10 6.162079e-06 2.655733e+00 5.440008e-02 9.999959e-01 
5.495409e-10 6.605970e-06 2.655733e+00 5.440009e-02 9.999956e-01 
5.754399e-10 7.081913e-06 2.655733e+00 5.440010e-02 9.999953e-01 
6.025596e-10 7.592235e-06 2.655733e+00 5.440011e-02 9.999950e-01 
6.309573e-10 8.139421e-06 2.655733e+00 5.440012e-02 9.999946e-01 
6.606934e-10 8.726147e-06 2.655733e+00 5.440013e-02 9.999942e-01 
6.918310e-10 9.355281e-06 2.655733e+00 5.440014e-02 9.999938e-01 
7.244360e-10 1.002989e-05 2.655733e+00 5.440015e-02 9.999934e-01 
7.585776e-10 1.075329e-05 2.655733e+00 5.440016e-02 9.999929e-01 
7.943282e-10 1.152900e-05 2.655733e+00 5.440018e-02 9.999924e-01 
8.317638e-10 1.236084e-05 2.655733e+00 5.440019e-02 9.999918e-01 
8.709636e-10 1.325286e-05 2.655733e+00 5.440021e-02 9.999912e-01 
9.120108e-10 1.420946e-05 2.655733e+00 5.440023e-02 9.999906e-01 
9.549926e-10 1.523531e-05 2.655733e+00 5.440025e-02 9.999899e-01 
1.000000e-09 1.633546e-05 2.655733e+00 5.440026e-02 9.999892e-01 
1.047129e-09 1.751532e-05 2.655733e+00 5.440029e-02 9.999884e-01 
1.096478e-09 1.878064e-05 2.655733e+00 5.440031e-02 9.999876e-01 
1.148154e-09 2.013771e-05 2.655733e+00 5.440033e-02 9.999867e-01 
1.202264e-09 2.159313e-05 2.655733e+00 5.440036e-02 9.999857e-01 
1.258925e-09 2.315413e-05 2.655733e+00 5.440039e-02 9.999847e-01 
1.318257e-09 2.482840e-05 2.655733e+00 5.440042e-02 9.999836e-01 
1.380384e-09 2.662413e-05 2.655733e+00 5.440045e-02 9.999824e-01 
1.445440e-09 2.855025e-05 2.655733e+00 5.440048e-02 9.999811e-01 
1.513561e-09 3.061622e-05 2.655733e+00 5.440052e-02 9.999798e-01 
1.584893e-09 3.283227e-05 2.655733e+00 5.440056e-02 9.999783e-01 
1.659587e-09 3.520936e-05 2.655733e+00 5.440060e-02 9.999767e-01 
1.737801e-09 3.775924e-05 2.655733e+00 5.440065e-02 9.999751e-01 
1.819701e-09 4.049453e-05 2.655733e+00 5.440069e-02 9.999733e-01 
1.905461e-09 4.342879e-05 2.655733e+00 5.440075e-02 9.999713e-01 
1.995262e-09 4.657656e-05 2.655733e+00 5.440080e-02 9.999693e-01 
2.089296e-09 4.995349e-05 2.655733e+00 5.440087e-02 9.999670e-01 
2.187762e-09 5.357636e-05 2.655733e+00 5.440093e-02 9.999647e-01 
2.290868e-09 5.746314e-05 2.655733e+00 5.440100e-02 9.999621e-01 
2.398833e-09 6.163317e-05 2.655733e+00 5.440107e-02 9.999594e-01 
2.511886e-09 6.610723e-05 2.655733e+00 5.440115e-02 9.999564e-01 
2.630268e-09 7.090766e-05 2.655733e+00 5.440124e-02 9.999533e-01 
2.754229e-09 7.605837e-05 2.655733e+00 5.440133e-02 9.999499e-01 
2.884032e-09 8.158507e-05 2.655733e+00 5.440143e-02 9.999463e-01 
3.019952e-09 8.751537e-05 2.655733e+00 5.440153e-02 9.999424e-01 
3.162278e-09 9.387898e-05 2.655733e+00 5.440164e-02 9.999382e-01 
3.311311e-09 1.007077e-04 2.655733e+00 5.440177e-02 9.999337e-01 
3.467369e-09 1.080359e-04 2.655733e+00 5.440190e-02 9.999289e-01 
3.630781e-09 1.159001e-04 2.655733e+00 5.440204e-02 9.999237e-01 
3.801894e-09 1.243400e-04 2.655733e+00 5.440219e-02 9.999182e-01 
3.981072e-09 1.333980e-04 2.655733e+00 5.440234e-02 9.999123e-01 
4.168694e-09 1.431196e-04 2.655733e+00 5.440252e-02 9.999059e-01 
4.365158e-09 1.535538e-04 2.655733e+00 5.440270e-02 9.998991e-01 
4.570882e-09 1.647533e-04 2.655733e+00 5.440290e-02 9.998918e-01 
4.786301e-09 1.767745e-04 2.655733e+00 5.440311e-02 9.998839e-01 
5.011872e-09 1.896782e-04 2.655733e+00 5.440334e-02 9.998755e-01 
5.248075e-09 2.035298e-04 2.655733e+00 5.440359e-02 9.998664e-01 
5.495409e-09 2.183993e-04 2.655733e+00 5.440385e-02 9.998567e-01 
5.754399e-09 2.343621e-04 2.655733e+00 5.440413e-02 9.998463e-01 
6.025596e-09 2.514993e-04 2.655733e+00 5.440443e-02 9.998351e-01 
6.309573e-09 2.698979e-04 2.655733e+00 5.440476e-02 9.998231e-01 
6.606934e-09 2.896517e-04 2.655733e+00 5.440511e-02 9.998102e-01 
6.918310e-09 3.108611e-04 2.655733e+00 5.440548e-02 9.997964e-01 
7.244360e-09 3.336344e-04 2.655733e+00 5.440588e-02 9.997816e-01 
7.585776e-09 3.580878e-04 2.655733e+00 5.440631e-02 9.997657e-01 
7.943282e-09 3.843463e-04 2.655733e+00 5.440677e-02 9.997486e-01 
8.317638e-09 4.125443e-04 2.655733e+00 5.440727e-02 9.997303e-01 
8.709636e-09 4.428263e-04 2.655733e+00 5.440780e-02 9.997106e-01 
9.120108e-09 4.753476e-04 2.655733e+00 5.440837e-02 9.996894e-01 
9.549926e-09 5.102754e-04 2.655733e+00 5.440898e-02 9.996668e-01 
1.000000e-08 5.477891e-04 2.655733e+00 5.440964e-02 9.996424e-01 
1.047129e-08 5.880824e-04 2.655733e+00 5.441035e-02 9.996163e-01 
1.096478e-08 6.313615e-04 2.655733e+00 5.441111e-02 9.995882e-01 
1.148154e-08 6.778520e-04 2.655733e+00 5.441192e-02 9.995581e-01 
1.202264e-08 7.277917e-04 2.655733e+00 5.441280e-02 9.995258e-01 
1.258925e-08 7.814409e-04 2.655733e+00 5.441374e-02 9.994911e-01 
1.318257e-08 8.390775e-04 2.655733e+00 5.441475e-02 9.994538e-01 
1.380384e-08 9.009985e-04 2.655733e+00 5.441583e-02 9.994138e-01 
1.445440e-08 9.675276e-04 2.655733e+00 5.441699e-02 9.993708e-01 
1.513561e-08 1.039008e-03 2.655733e+00 5.441824e-02 9.993246e-01 
1.584893e-08 1.115815e-03 2.655733e+00 5.441958e-02 9.992751e-01 
1.659587e-08 1.198346e-03 2.655733e+00 5.442102e-02 9.992218e-01 
1.737801e-08 1.287032e-03 2.655733e+00 5.442256e-02 9.991647e-01 
1.819701e-08 1.382336e-03 2.655733e+00 5.442422e-02 9.991033e-01 
1.905461e-08 1.484757e-03 2.655733e+00 5.442601e-02 9.990374e-01 
1.995262e-08 1.594828e-03 2.655733e+00 5.442792e-02 9.989666e-01 
2.089296e-08 1.713128e-03 2.655733e+00 5.442998e-02 9.988905e-01 
2.187762e-08 1.840276e-03 2.655733e+00 5.443219e-02 9.988088e-01 
2.290868e-08 1.976937e-03 2.655733e+00 5.443456e-02 9.987211e-01 
2.398833e-08 2.123828e-03 2.655733e+00 5.443711e-02 9.986268e-01 
2.511886e-08 2.281722e-03 2.655733e+00 5.443985e-02 9.985256e-01 
2.630268e-08 2.451448e-03 2.655733e+00 5.444279e-02 9.984168e-01 
2.754229e-08 2.633897e-03 2.655733e+00 5.444595e-02 9.982999e-01 
2.884032e-08 2.830028e-03 2.655733e+00 5.444935e-02 9.981744e-01 
3.019952e-08 3.040872e-03 2.655733e+00 5.445300e-02 9.980395e-01 
3.162278e-08 3.267538e-03 2.655733e+00 5.445692e-02 9.978946e-01 
3.311311e-08 3.511216e-03 2.655733e+00 5.446112e-02 9.977390e-01 
3.467369e-08 3.773191e-03 2.655733e+00 5.446565e-02 9.975717e-01 
3.630781e-08 4.054836e-03 2.655733e+00 5.447051e-02 9.973920e-01 
3.801894e-08 4.357631e-03 2.655733e+00 5.447573e-02 9.971989e-01 
3.981072e-08 4.683167e-03 2.655733e+00 5.448134e-02 9.969914e-01 
4.168694e-08 5.033148e-03 2.655733e+00 5.448737e-02 9.967685e-01 
4.365158e-08 5.409407e-03 2.655733e+00 5.449385e-02 9.965289e-01 
4.570882e-08 5.813916e-03 2.655733e+00 5.450081e-02 9.962715e-01 
4.786301e-08 6.248782e-03 2.655733e+00 5.450829e-02 9.959950e-01 
5.011872e-08 6.716272e-03 2.655733e+00 5.451633e-02 9.956978e-01 
5.248075e-08 7.218819e-03 2.655733e+00 5.452497e-02 9.953785e-01 
5.495409e-08 7.759025e-03 2.655733e+00 5.453425e-02 9.950354e-01 
5.754399e-08 8.339681e-03 2.655733e+00 5.454421e-02 9.946668e-01 
6.025596e-08 8.963783e-03 2.655733e+00 5.455492e-02 9.942708e-01 
6.309573e-08 9.634526e-03 2.655733e+00 5.456643e-02 9.938453e-01 
6.606934e-08 1.035534e-02 2.655733e+00 5.457880e-02 9.933881e-01 
6.918310e-08 1.112989e-02 2.655733e+00 5.459208e-02 9.928970e-01 
7.244360e-08 1.196209e-02 2.655733e+00 5.460635e-02 9.923694e-01 
7.585776e-08 1.285611e-02 2.655733e+00 5.462168e-02 9.918027e-01 
7.943282e-08 1.381642e-02 2.655733e+00 5.463814e-02 9.911941e-01 
8.317638e-08 1.484777e-02 2.655733e+00 5.465582e-02 9.905404e-01 
8.709636e-08 1.595522e-02 2.655733e+00 5.467480e-02 9.898384e-01 
9.120108e-08 1.714415e-02 2.655733e+00 5.469519e-02 9.890846e-01 
9.549926e-08 1.842029e-02 2.655733e+00 5.471708e-02 9.882753e-01 
1.000000e-07 1.978972e-02 2.655733e+00 5.474058e-02 9.874065e-01 
1.047129e-07 2.125886e-02 2.655733e+00 5.476579e-02 9.864741e-01 
1.096478e-07 2.283449e-02 2.655733e+00 5.479286e-02 9.854735e-01 
1.148154e-07 2.452387e-02 2.655733e+00 5.482190e-02 9.843998e-01 
1.202264e-07 2.633450e-02 2.655733e+00 5.485304e-02 9.832482e-01 
1.258925e-07 2.827443e-02 2.655733e+00 5.488645e-02 9.820131e-01 
1.318257e-07 3.035202e-02 2.655733e+00 5.492226e-02 9.806889e-01 
1.380384e-07 3.257599e-02 2.655733e+00 5.496065e-02 9.792695e-01 
1.445440e-07 3.495560e-02 2.655733e+00 5.500178e-02 9.777486e-01 
1.513561e-07 3.750031e-02 2.655733e+00 5.504585e-02 9.761193e-01 
1.584893e-07 4.022010e-02 2.655733e+00 5.509303e-02 9.743747e-01 
1.659587e-07 4.312523e-02 2.655733e+00 5.514354e-02 9.725073e-01 
1.737801e-07 4.622626e-02 2.655733e+00 5.519758e-02 9.705093e-01 
1.819701e-07 4.953406e-02 2.655733e+00 5.525537e-02 9.683725e-01 
1.905461e-07 5.305973e-02 2.655733e+00 5.531715e-02 9.660884e-01 
1.995262e-07 5.681453e-02 2.655733e+00 5.538314e-02 9.636482e-01 
2.089296e-07 6.080992e-02 2.655733e+00 5.545361e-02 9.610427e-01 
2.187762e-07 6.505730e-02 2.655733e+00 5.552881e-02 9.582624e-01 
2.290868e-07 6.956804e-02 2.655733e+00 5.560900e-02 9.552975e-01 
2.398833e-07 7.435340e-02 2.655733e+00 5.569445e-02 9.521380e-01 
2.511886e-07 7.942436e-02 2.655733e+00 5.578544e-02 9.487737e-01 
2.630268e-07 8.479162e-02 2.655733e+00 5.588225e-02 9.451940e-01 
2.754229e-07 9.046523e-02 2.655733e+00 5.598518e-02 9.413885e-01 
2.884032e-07 9.645466e-02 2.655733e+00 5.609450e-02 9.373466e-01 
3.019952e-07 1.027686e-01 2.655733e+00 5.621049e-02 9.330578e-01 
3.162278e-07 1.094147e-01 2.655733e+00 5.633345e-02 9.285115e-01 
3.311311e-07 1.163997e-01 2.655733e+00 5.646365e-02 9.236974e-01 
3.467369e-07 1.237288e-01 2.655733e+00 5.660137e-02 9.186054e-01 
3.630781e-07 1.314060e-01 2.655733e+00 5.674686e-02 9.132259e-01 
3.801894e-07 1.394336e-01 2.655733e+00 5.690038e-02 9.075497e-01 
3.981072e-07 1.478121e-01 2.655733e+00 5.706216e-02 9.015681e-01 
4.168694e-07 1.565402e-01 2.655733e+00 5.723241e-02 8.952732e-01 
4.365158e-07 1.656146e-01 2.655733e+00 5.741133e-02 8.886580e-01 
4.570882e-07 1.750301e-01 2.655733e+00 5.759908e-02 8.817161e-01 
4.786301e-07 1.847790e-01 2.655733e+00 5.779580e-02 8.744424e-01 
5.011872e-07 1.948517e-01 2.655733e+00 5.800160e-02 8.668330e-01 
5.248075e-07 2.052365e-01 2.655733e+00 5.821656e-02 8.588851e-01 
5.495409e-07 2.159190e-01 2.655733e+00 5.844071e-02 8.505973e-01 
5.754399e-07 2.268834e-01 2.655733e+00 5.867406e-02 8.419696e-01 
6.025596e-07 2.381115e-01 2.655733e+00 5.891655e-02 8.330036e-01 
6.309573e-07 2.495832e-01 2.655733e+00 5.916811e-02 8.237024e-01 
6.606934e-07 2.612771e-01 2.655733e+00 5.942862e-02 8.140706e-01 
6.918310e-07 2.731698e-01 2.655733e+00 5.969789e-02 8.041145e-01 
7.244360e-07 2.852370e-01 2.655733e+00 5.997571e-02 7.938421e-01 
7.585776e-07 2.974531e-01 2.655733e+00 6.026184e-02 7.832627e-01 
7.943282e-07 3.097920e-01 2.655733e+00 6.055598e-02 7.723874e-01 
8.317638e-07 3.222269e-01 2.655733e+00 6.085778e-02 7.612287e-01 
8.709636e-07 3.347309e-01 2.655733e+00 6.116687e-02 7.498004e-01 
9.120108e-07 3.472769e-01 2.655733e+00 6.148284e-02 7.381177e-01 
9.549926e-07 3.598383e-01 2.655733e+00 6.180524e-02 7.261970e-01 
1.000000e-06 3.723889e-01 2.655733e+00 6.213361e-02 7.140558e-01 
1.047129e-06 3.849035e-01 2.655733e+00 6.246746e-02 7.017123e-01 
1.096478e-06 3.973571e-01 2.655733e+00 6.280624e-02 6.891860e-01 
1.148154e-06 4.097271e-01 2.655733e+00 6.314945e-02 6.764962e-01 
1.202264e-06 4.219908e-01 2.655733e+00 6.349651e-02 6.636638e-01 
1.258925e-06 4.341280e-01 2.655733e+00 6.384689e-02 6.507088e-01 
1.318257e-06 4.461194e-01 2.655733e+00 6.420002e-02 6.376522e-01 
1.380384e-06 4.579472e-01 2.655733e+00 6.455533e-02 6.245152e-01 
1.445440e-06 4.695957e-01 2.655733e+00 6.491226e-02 6.113180e-01 
1.513561e-06 4.810502e-01 2.655733e+00 6.527025e-02 5.980816e-01 
1.584893e-06 4.922982e-01 2.655733e+00 6.562876e-02 5.848259e-01 
1.659587e-06 5.033285e-01 2.655733e+00 6.598726e-02 5.715707e-01 
1.737801e-06 5.141315e-01 2.655733e+00 6.634523e-02 5.583351e-01 
1.819701e-06 5.246989e-01 2.655733e+00 6.670217e-02 5.451377e-01 
1.905461e-06 5.350242e-01 2.655733e+00 6.705759e-02 5.319963e-01 
1.995262e-06 5.451019e-01 2.655733e+00 6.741104e-02 5.189278e-01 
2.089296e-06 5.549282e-01 2.655733e+00 6.776208e-02 5.059484e-01 
2.187762e-06 5.645002e-01 2.655733e+00 6.811030e-02 4.930733e-01 
2.290868e-06 5.738160e-01 2.655733e+00 6.845531e-02 4.803169e-01 
2.398833e-06 5.828748e-01 2.655733e+00 6.879674e-02 4.676927e-01 
2.511886e-06 5.916769e-01 2.655733e+00 6.913427e-02 4.552130e-01 
2.630268e-06 6.002234e-01 2.655733e+00 6.946758e-02 4.428893e-01 
2.754229e-06 6.085159e-01 2.655733e+00 6.979638e-02 4.307322e-01 
2.884032e-06 6.165569e-01 2.655733e+00 7.012041e-02 4.187513e-01 
3.019952e-06 6.243492e-01 2.655733e+00 7.043945e-02 4.069553e-01 
3.162278e-06 6.318966e-01 2.655733e+00 7.075327e-02 3.953519e-01 
3.311311e-06 6.392029e-01 2.655733e+00 7.106170e-02 3.839481e-01 
3.467369e-06 6.462726e-01 2.655733e+00 7.136457e-02 3.727497e-01 
3.630781e-06 6.531101e-01 2.655733e+00 7.166174e-02 3.617622e-01 
3.801894e-06 6.597205e-01 2.655733e+00 7.195309e-02 3.509898e-01 
3.981072e-06 6.661089e-01 2.655733e+00 7.223852e-02 3.404363e-01 
4.168694e-06 6.722807e-01 2.655733e+00 7.251795e-02 3.301046e-01 
4.365158e-06 6.782412e-01 2.655733e+00 7.279132e-02 3.199971e-01 
4.570882e-06 6.839960e-01 2.655733e+00 7.305858e-02 3.101154e-01 
4.786301e-06 6.895508e-01 2.655733e+00 7.331970e-02 3.004606e-01 
5.011872e-06 6.949111e-01 2.655733e+00 7.357467e-02 2.910332e-01 
5.248075e-06 7.000825e-01 2.655733e+00 7.382349e-02 2.818333e-01 
5.495409e-06 7.050708e-01 2.655733e+00 7.406617e-02 2.728604e-01 
5.754399e-06 7.098814e-01 2.655733e+00 7.430274e-02 2.641136e-01 
6.025596e-06 7.145200e-01 2.655733e+00 7.453323e-02 2.555915e-01 
6.309573e-06 7.189919e-01 2.655733e+00 7.475768e-02 2.472925e-01 
6.606934e-06 7.233027e-01 2.655733e+00 7.497615e-02 2.392147e-01 
6.918310e-06 7.274575e-01 2.655733e+00 7.518871e-02 2.313555e-01 
7.244360e-06 7.314615e-01 2.655733e+00 7.539542e-02 2.237126e-01 
7.585776e-06 7.353199e-01 2.655733e+00 7.559636e-02 2.162830e-01 
7.943282e-06 7.390376e-01 2.655733e+00 7.579162e-02 2.090637e-01 
8.317638e-06 7.426195e-01 2.655733e+00 7.598127e-02 2.020514e-01 
8.709636e-06 7.460703e-01 2.655733e+00 7.616542e-02 1.952427e-01 
9.120108e-06 7.493946e-01 2.655733e+00 7.634416e-02 1.886340e-01 
9.549926e-06 7.525970e-01 2.655733e+00 7.651759e-02 1.822215e-01 
1.000000e-05 7.556818e-01 2.655733e+00 7.668581e-02 1.760017e-01 
1.047129e-05 7.586532e-01 2.655733e+00 7.684894e-02 1.699703e-01 
1.096478e-05 7.615153e-01 2.655733e+00 7.700706e-02 1.641237e-01 
1.148154e-05 7.642722e-01 2.655733e+00 7.716031e-02 1.584576e-01 
1.202264e-05 7.669277e-01 2.655733e+00 7.730878e-02 1.529682e-01 
1.258925e-05 7.694855e-01 2.655733e+00 7.745258e-02 1.476512e-01 
1.318257e-05 7.719493e-01 2.655733e+00 7.759183e-02 1.425024e-01 
1.380384e-05 7.743226e-01 2.655733e+00 7.772664e-02 1.375180e-01 
1.445440e-05 7.766088e-01 2.655733e+00 7.785712e-02 1.326936e-01 
1.513561e-05 7.788112e-01 2.655733e+00 7.798338e-02 1.280253e-01 
1.584893e-05 7.809329e-01 2.655733e+00 7.810553e-02 1.235089e-01 
1.659587e-05 7.829770e-01 2.655733e+00 7.822368e-02 1.191403e-01 
1.737801e-05 7.849465e-01 2.655733e+00 7.833794e-02 1.149157e-01 
1.819701e-05 7.868442e-01 2.655733e+00 7.844841e-02 1.108311e-01 
1.905461e-05 7.886728e-01 2.655733e+00 7.855521e-02 1.068824e-01 
1.995262e-05 7.904351e-01 2.655733e+00 7.865843e-02 1.030659e-01 
2.089296e-05 7.921337e-01 2.655733e+00 7.875818e-02 9.937777e-02 
2.187762e-05 7.937709e-01 2.655733e+00 7.885456e-02 9.581424e-02 
2.290868e-05 7.953493e-01 2.655733e+00 7.894767e-02 9.237166e-02 
2.398833e-05 7.968710e-01 2.655733e+00 7.903760e-02 8.904643e-02 
2.511886e-05 7.983384e-01 2.655733e+00 7.912446e-02 8.583499e-02 
2.630268e-05 7.997536e-01 2.655733e+00 7.920833e-02 8.273387e-02 
2.754229e-05 8.011187e-01 2.655733e+00 7.928931e-02 7.973968e-02 
2.884032e-05 8.024357e-01 2.655733e+00 7.936749e-02 7.684911e-02 
3.019952e-05 8.037065e-01 2.655733e+00 7.944295e-02 7.405892e-02 
3.162278e-05 8.049329e-01 2.655733e+00 7.951579e-02 7.136592e-02 
3.311311e-05 8.061168e-01 2.655733e+00 7.958608e-02 6.876705e-02 
3.467369e-05 8.072600e-01 2.655733e+00 7.965390e-02 6.625924e-02 
3.630781e-05 8.083641e-01 2.655733e+00 7.971935e-02 6.383960e-02 
3.801894e-05 8.094306e-01 2.655733e+00 7.978248e-02 6.150525e-02 
3.981072e-05 8.104613e-01 2.655733e+00 7.984338e-02 5.925339e-02 
4.168694e-05 8.114576e-01 2.655733e+00 7.990213e-02 5.708132e-02 
4.365158e-05 8.124209e-01 2.655733e+00 7.995879e-02 5.498639e-02 
4.570882e-05 8.133527e-01 2.655733e+00 8.001343e-02 5.296602e-02 
4.786301e-05 8.142543e-01 2.655733e+00 8.006613e-02 5.101774e-02 
5.011872e-05 8.151271e-01 2.655733e+00 8.011693e-02 4.913912e-02 
5.248075e-05 8.159723e-01 2.655733e+00 8.016592e-02 4.732780e-02 
5.495409e-05 8.167912e-01 2.655733e+00 8.021315e-02 4.558150e-02 
5.754399e-05 8.175849e-01 2.655733e+00 8.025869e-02 4.389802e-02 
6.025596e-05 8.183546e-01 2.655733e+00 8.030258e-02 4.227518e-02 
6.309573e-05 8.191015e-01 2.655733e+00 8.034488e-02 4.071091e-02 
6.606934e-05 8.198265e-01 2.655733e+00 8.038566e-02 3.920320e-02 
6.918310e-05 8.205308e-01 2.655733e+00 8.042496e-02 3.775008e-02 
7.244360e-05 8.212154e-01 2.655733e+00 8.046284e-02 3.634966e-02 
7.585776e-05 8.218813e-01 2.655733e+00 8.049934e-02 3.500011e-02 
7.943282e-05 8.225294e-01 2.655733e+00 8.053451e-02 3.369964e-02 
8.317638e-05 8.231606e-01 2.655733e+00 8.056840e-02 3.244654e-02 
8.709636e-05 8.237759e-01 2.655733e+00 8.060106e-02 3.123913e-02 
9.120108e-05 8.243762e-01 2.655733e+00 8.063252e-02 3.007582e-02 
9.549926e-05 8.249622e-01 2.655733e+00 8.066283e-02 2.895503e-02 
1.000000e-04 8.255349e-01 2.655733e+00 8.069204e-02 2.787527e-02 
1.047129e-04 8.260951e-01 2.655733e+00 8.072017e-02 2.683506e-02 
1.096478e-04 8.266435e-01 2.655733e+00 8.074727e-02 2.583303e-02 
1.148154e-04 8.271809e-01 2.655733e+00 8.077338e-02 2.486777e-02 
1.202264e-04 8.277081e-01 2.655733e+00 8.079852e-02 2.393802e-02 
1.258925e-04 8.282259e-01 2.655733e+00 8.082274e-02 2.304246e-02 
1.318257e-04 8.287349e-01 2.655733e+00 8.084607e-02 2.217987e-02 
1.380384e-04 8.292358e-01 2.655733e+00 8.086854e-02 2.134910e-02 
1.445440e-04 8.297294e-01 2.655733e+00 8.089018e-02 2.054895e-02 
1.513561e-04 8.302164e-01 2.655733e+00 8.091102e-02 1.977836e-02 
1.584893e-04 8.306973e-01 2.655733e+00 8.093110e-02 1.903624e-02 
1.659587e-04 8.311730e-01 2.655733e+00 8.095043e-02 1.832156e-02 
1.737801e-04 8.316440e-01 2.655733e+00 8.096904e-02 1.763333e-02 
1.819701e-04 8.321110e-01 2.655733e+00 8.098696e-02 1.697058e-02 
1.905461e-04 8.325746e-01 2.655733e+00 8.100422e-02 1.633239e-02 
1.995262e-04 8.330355e-01 2.655733e+00 8.102084e-02 1.571787e-02 
2.089296e-04 8.334942e-01 2.655733e+00 8.103685e-02 1.512615e-02 
2.187762e-04 8.339515e-01 2.655733e+00 8.105226e-02 1.455640e-02 
2.290868e-04 8.344078e-01 2.655733e+00 8.106710e-02 1.400781e-02 
2.398833e-04 8.348639e-01 2.655733e+00 8.108138e-02 1.347962e-02 
2.511886e-04 8.353204e-01 2.655733e+00 8.109513e-02 1.297107e-02 
2.630268e-04 8.357778e-01 2.655733e+00 8.110838e-02 1.248144e-02 
2.754229e-04 8.362367e-01 2.655733e+00 8.112113e-02 1.201005e-02 
2.884032e-04 8.366978e-01 2.655733e+00 8.113340e-02 1.155621e-02 
3.019952e-04 8.371617e-01 2.655733e+00 8.114522e-02 1.111928e-02 
3.162278e-04 8.376290e-01 2.655733e+00 8.115659e-02 1.069865e-02 
3.311311e-04 8.381003e-01 2.655733e+00 8.116755e-02 1.029370e-02 
3.467369e-04 8.385762e-01 2.655733e+00 8.117809e-02 9.903866e-03 
3.630781e-04 8.390573e-01 2.655733e+00 8.118824e-02 9.528586e-03 
3.801894e-04 8.395443e-01 2.655733e+00 8.119801e-02 9.167322e-03 
3.981072e-04 8.400378e-01 2.655733e+00 8.120742e-02 8.819555e-03 
4.168694e-04 8.405384e-01 2.655733e+00 8.121647e-02 8.484787e-03 
4.365158e-04 8.410468e-01 2.655733e+00 8.122519e-02 8.162536e-03 
4.570882e-04 8.415637e-01 2.655733e+00 8.123358e-02 7.852338e-03 
4.786301e-04 8.420896e-01 2.655733e+00 8.124165e-02 7.553748e-03 
5.011872e-04 8.426253e-01 2.655733e+00 8.124942e-02 7.266334e-03 
5.248075e-04 8.431715e-01 2.655733e+00 8.125691e-02 6.989681e-03 
5.495409e-04 8.437288e-01 2.655733e+00 8.126411e-02 6.723392e-03 
5.754399e-04 8.442980e-01 2.655733e+00 8.127104e-02 6.467080e-03 
6.025596e-04 8.448798e-01 2.655733e+00 8.127771e-02 6.220373e-03 
6.309573e-04 8.454749e-01 2.655733e+00 8.128414e-02 5.982916e-03 
6.606934e-04 8.460841e-01 2.655733e+00 8.129032e-02 5.754364e-03 
6.918310e-04 8.467081e-01 2.655733e+00 8.129627e-02 5.534386e-03 
7.244360e-04 8.473478e-01 2.655733e+00 8.130199e-02 5.322662e-03 
7.585776e-04 8.480040e-01 2.655733e+00 8.130750e-02 5.118885e-03 
7.943282e-04 8.486774e-01 2.655733e+00 8.131281e-02 4.922760e-03 
8.317638e-04 8.493690e-01 2.655733e+00 8.131791e-02 4.733999e-03 
8.709636e-04 8.500796e-01 2.655733e+00 8.132283e-02 4.552330e-03 
9.120108e-04 8.508102e-01 2.655733e+00 8.132756e-02 4.377487e-03 
9.549926e-04 8.515615e-01 2.655733e+00 8.133211e-02 4.209216e-03 
1.000000e-03 8.523347e-01 2.655733e+00 8.133649e-02 4.047271e-03 
1.047129e-03 8.531306e-01 2.655733e+00 8.134070e-02 3.891415e-03 
1.096478e-03 8.539502e-01 2.655733e+00 8.134476e-02 3.741424e-03 
1.148154e-03 8.547947e-01 2.655733e+00 8.134866e-02 3.597074e-03 
1.202264e-03 8.556650e-01 2.655733e+00 8.135242e-02 3.458160e-03 
1.258925e-03 8.565622e-01 2.655733e+00 8.135604e-02 3.324473e-03 
1.318257e-03 8.574876e-01 2.655733e+00 8.135952e-02 3.195819e-03 
1.380384e-03 8.584422e-01 2.655733e+00 8.136286e-02 3.072013e-03 
1.445440e-03 8.594273e-01 2.655733e+00 8.136609e-02 2.952870e-03 
1.513561e-03 8.604441e-01 2.655733e+00 8.136919e-02 2.838218e-03 
1.584893e-03 8.614939e-01 2.655733e+00 8.137217e-02 2.727887e-03 
1.659587e-03 8.625780e-01 2.655733e+00 8.137504e-02 2.621716e-03 
1.737801e-03 8.636978e-01 2.655733e+00 8.137781e-02 2.519550e-03 
1.819701e-03 8.648547e-01 2.655733e+00 8.138047e-02 2.421238e-03 
1.905461e-03 8.660502e-01 2.655733e+00 8.138302e-02 2.326636e-03 
1.995262e-03 8.672857e-01 2.655733e+00 8.138549e-02 2.235606e-03 
2.089296e-03 8.685630e-01 2.655733e+00 8.138785e-02 2.148013e-03 
2.187762e-03 8.698835e-01 2.655733e+00 8.139013e-02 2.063728e-03 
2.290868e-03 8.712489e-01 2.655733e+00 8.139233e-02 1.982628e-03 
2.398833e-03 8.726610e-01 2.655733e+00 8.139444e-02 1.904593e-03 
2.511886e-03 8.741216e-01 2.655733e+00 8.139647e-02 1.829509e-03 
2.630268e-03 8.756326e-01 2.655733e+00 8.139842e-02 1.757264e-03 
2.754229e-03 8.771958e-01 2.655733e+00 8.140030e-02 1.687753e-03 
2.884032e-03 8.788132e-01 2.655733e+00 8.140211e-02 1.620872e-03 
3.019952e-03 8.804869e-01 2.655733e+00 8.140385e-02 1.556524e-03 
3.162278e-03 8.822191e-01 2.655733e+00 8.140553e-02 1.494614e-03 
3.311311e-03 8.840119e-01 2.655733e+00 8.140714e-02 1.435049e-03 
3.467369e-03 8.858676e-01 2.655733e+00 8.140869e-02 1.377742e-03 
3.630781e-03 8.877885e-01 2.655733e+00 8.141018e-02 1.322609e-03 
3.801894e-03 8.897772e-01 2.655733e+00 8.141161e-02 1.269568e-03 
3.981072e-03 8.918361e-01 2.655733e+00 8.141299e-02 1.218541e-03 
4.168694e-03 8.939678e-01 2.655733e+00 8.141432e-02 1.169451e-03 
4.365158e-03 8.961751e-01 2.655733e+00 8.141560e-02 1.122227e-03 
4.570882e-03 8.984608e-01 2.655733e+00 8.141683e-02 1.076799e-03 
4.786301e-03 9.008277e-01 2.655733e+00 8.141801e-02 1.033099e-03 
5.011872e-03 9.032788e-01 2.655733e+00 8.141915e-02 9.910623e-04 
5.248075e-03 9.058172e-01 2.655733e+00 8.142024e-02 9.506269e-04 
5.495409e-03 9.084462e-01 2.655733e+00 8.142129e-02 9.117329e-04 
5.754399e-03 9.111689e-01 2.655733e+00 8.142230e-02 8.743226e-04 
6.025596e-03 9.139889e-01 2.655733e+00 8.142328e-02 8.383401e-04 
6.309573e-03 9.169095e-01 2.655733e+00 8.142421e-02 8.037324e-04 
6.606934e-03 9.199345e-01 2.655733e+00 8.142511e-02 7.704478e-04 
6.918310e-03 9.230675e-01 2.655733e+00 8.142598e-02 7.384368e-04 
7.244360e-03 9.263125e-01 2.655733e+00 8.142681e-02 7.076519e-04 
7.585776e-03 9.296733e-01 2.655733e+00 8.142761e-02 6.780474e-04 
7.943282e-03 9.331540e-01 2.655733e+00 8.142838e-02 6.495791e-04 
8.317638e-03 9.367588e-01 2.655733e+00 8.142912e-02 6.222044e-04 
8.709636e-03 9.404921e-01 2.655733e+00 8.142983e-02 5.958827e-04 
9.120108e-03 9.443581e-01 2.655733e+00 8.143052e-02 5.705747e-04 
9.549926e-03 9.483614e-01 2.655733e+00 8.143118e-02 5.462426e-04 
1.000000e-02 9.525067e-01 2.655733e+00 8.143181e-02 5.228500e-04 
1.047129e-02 9.567986e-01 2.655733e+00 8.143242e-02 5.003618e-04 
1.096478e-02 9.612419e-01 2.655733e+00 8.143300e-02 4.787450e-04 
1.148154e-02 9.658416e-01 2.655733e+00 8.143356e-02 4.579662e-04 
1.202264e-02 9.706025e-01 2.655733e+00 8.143410e-02 4.379954e-04 
1.258925e-02 9.755297e-01 2.655733e+00 8.143462e-02 4.188018e-04 
1.318257e-02 9.806285e-01 2.655733e+00 8.143512e-02 4.003566e-04 
1.380384e-02 9.859037e-01 2.655733e+00 8.143560e-02 3.826327e-04 
1.445440e-02 9.913607e-01 2.655733e+00 8.143606e-02 3.656029e-04 
1.513561e-02 9.970044e-01 2.655733e+00 8.143650e-02 3.492420e-04 
1.584893e-02 1.002840e+00 2.655733e+00 8.143693e-02 3.335249e-04 
1.659587e-02 1.008873e+00 2.655733e+00 8.143734e-02 3.184281e-04 
1.737801e-02 1.015108e+00 2.655733e+00 8.143773e-02 3.039289e-04 
1.819701e-02 1.021550e+00 2.655733e+00 8.143811e-02 2.900052e-04 
1.905461e-02 1.028205e+00 2.655733e+00 8.143847e-02 2.766359e-04 
1.995262e-02 1.035075e+00 2.655733e+00 8.143882e-02 2.638009e-04 
2.089296e-02 1.042167e+00 2.655733e+00 8.143915e-02 2.514804e-04 
2.187762e-02 1.049484e+00 2.655733e+00 8.143947e-02 2.396558e-04 
2.290868e-02 1.057029e+00 2.655733e+00 8.143978e-02 2.283091e-04 
2.398833e-02 1.064808e+00 2.655733e+00 8.144007e-02 2.174229e-04 
2.511886e-02 1.072821e+00 2.655733e+00 8.144035e-02 2.069805e-04 
2.630268e-02 1.081073e+00 2.655733e+00 8.144062e-02 1.969658e-04 
2.754229e-02 1.089565e+00 2.655733e+00 8.144088e-02 1.873634e-04 
2.884032e-02 1.098298e+00 2.655733e+00 8.144113e-02 1.781585e-04 
3.019952e-02 1.107274e+00 2.655733e+00 8.144137e-02 1.693368e-04 
3.162278e-02 1.116491e+00 2.655733e+00 8.144160e-02 1.608844e-04 
3.311311e-02 1.125949e+00 2.655733e+00 8.144182e-02 1.527883e-04 
3.467369e-02 1.135646e+00 2.655733e+00 8.144203e-02 1.450355e-04 
3.630781e-02 1.145580e+00 2.655733e+00 8.144223e-02 1.376140e-04 
3.801894e-02 1.155745e+00 2.655733e+00 8.144242e-02 1.305118e-04 
3.981072e-02 1.166136e+00 2.655733e+00 8.144260e-02 1.237175e-04 
4.168694e-02 1.176747e+00 2.655733e+00 8.144278e-02 1.172203e-04 
4.365158e-02 1.187571e+00 2.655733e+00 8.144295e-02 1.110095e-04 
4.570882e-02 1.198596e+00 2.655733e+00 8.144311e-02 1.050748e-04 
4.786301e-02 1.209814e+00 2.655733e+00 8.144326e-02 9.940652e-05 
5.011872e-02 1.221210e+00 2.655733e+00 8.144341e-02 9.399504e-05 
5.248075e-02 1.232773e+00 2.655733e+00 8.144355e-02 8.883115e-05 
5.495409e-02 1.244485e+00 2.655733e+00 8.144368e-02 8.390599e-05 
5.754399e-02 1.256331e+00 2.655733e+00 8.144381e-02 7.921093e-05 
6.025596e-02 1.268291e+00 2.655733e+00 8.144393e-02 7.473758e-05 
6.309573e-02 1.280347e+00 2.655733e+00 8.144404e-02 7.047788e-05 
6.606934e-02 1.292477e+00 2.655733e+00 8.144415e-02 6.642395e-05 
6.918310e-02 1.304658e+00 2.655733e+00 8.144426e-02 6.256815e-05 
7.244360e-02 1.316869e+00 2.655733e+00 8.144436e-02 5.890309e-05 
7.585776e-02 1.329083e+00 2.655733e+00 8.144445e-02 5.542154e-05 
7.943282e-02 1.341278e+00 2.655733e+00 8.144454e-02 5.211647e-05 
8.317638e-02 1.353426e+00 2.655733e+00 8.144463e-02 4.898101e-05 
8.709636e-02 1.365504e+00 2.655733e+00 8.144471e-02 4.600853e-05 
9.120108e-02 1.377484e+00 2.655733e+00 8.144478e-02 4.319250e-05 
9.549926e-02 1.389342e+00 2.655733e+00 8.144485e-02 4.052656e-05 
1.000000e-01 1.401053e+00 2.655733e+00 8.144492e-02 3.800455e-05 
1.047129e-01 1.412592e+00 2.655733e+00 8.144499e-02 3.562038e-05 
1.096478e-01 1.423937e+00 2.655733e+00 8.144505e-02 3.336824e-05 
1.148154e-01 1.435065e+00 2.655733e+00 8.144511e-02 3.124227e-05 
1.202264e-01 1.445956e+00 2.655733e+00 8.144516e-02 2.923697e-05 
1.258925e-01 1.456591e+00 2.655733e+00 8.144521e-02 2.734680e-05 
1.318257e-01 1.466952e+00 2.655733e+00 8.144526e-02 2.556644e-05 
1.380384e-01 1.477025e+00 2.655733e+00 8.144530e-02 2.389078e-05 
1.445440e-01 1.486796e+00 2.655733e+00 8.144535e-02 2.231471e-05 
1.513561e-01 1.496254e+00 2.655733e+00 8.144539e-02 2.083342e-05 
1.584893e-01 1.505389e+00 2.655733e+00 8.144542e-02 1.944211e-05 
1.659587e-01 1.514194e+00 2.655733e+00 8.144546e-02 1.813623e-05 
1.737801e-01 1.522665e+00 2.655733e+00 8.144549e-02 1.691133e-05 
1.819701e-01 1.530798e+00 2.655733e+00 8.144552e-02 1.576314e-05 
1.905461e-01 1.538592e+00 2.655733e+00 8.144555e-02 1.468751e-05 
1.995262e-01 1.546047e+00 2.655733e+00 8.144558e-02 1.368048e-05 
2.089296e-01 1.553165e+00 2.655733e+00 8.144561e-02 1.273822e-05 
2.187762e-01 1.559952e+00 2.655733e+00 8.144563e-02 1.185705e-05 
2.290868e-01 1.566410e+00 2.655733e+00 8.144565e-02 1.103348e-05 
2.398833e-01 1.572547e+00 2.655733e+00 8.144567e-02 1.026414e-05 
2.511886e-01 1.578370e+00 2.655733e+00 8.144569e-02 9.545816e-06 
2.630268e-01 1.583888e+00 2.655733e+00 8.144571e-02 8.875439e-06 
2.754229e-01 1.589109e+00 2.655733e+00 8.144573e-02 8.250102e-06 
2.884032e-01 1.594044e+00 2.655733e+00 8.144574e-02 7.667032e-06 
3.019952e-01 1.598701e+00 2.655733e+00 8.144576e-02 7.123598e-06 
3.162278e-01 1.603093e+00 2.655733e+00 8.144577e-02 6.617303e-06 
3.311311e-01 1.607229e+00 2.655733e+00 8.144578e-02 6.145787e-06 
3.467369e-01 1.611122e+00 2.655733e+00 8.144580e-02 5.706810e-06 
3.630781e-01 1.614780e+00 2.655733e+00 8.144581e-02 5.298270e-06 
3.801894e-01 1.618217e+00 2.655733e+00 8.144582e-02 4.918173e-06 
3.981072e-01 1.621442e+00 2.655733e+00 8.144583e-02 4.564643e-06 
4.168694e-01 1.624466e+00 2.655733e+00 8.144584e-02 4.235917e-06 
4.365158e-01 1.627300e+00 2.655733e+00 8.144584e-02 3.930335e-06 
4.570882e-01 1.629954e+00 2.655733e+00 8.144585e-02 3.646336e-06 
4.786301e-01 1.632438e+00 2.655733e+00 8.144586e-02 3.382459e-06 
5.011872e-01 1.634761e+00 2.655733e+00 8.144587e-02 3.137331e-06 
5.248075e-01 1.636932e+00 2.655733e+00 8.144587e-02 2.909665e-06 
5.495409e-01 1.638962e+00 2.655733e+00 8.144588e-02 2.698260e-06 
5.754399e-01 1.640857e+00 2.655733e+00 8.144588e-02 2.501990e-06 
6.025596e-01 1.642627e+00 2.655733e+00 8.144589e-02 2.319799e-06 
6.309573e-01 1.644278e+00 2.655733e+00 8.144589e-02 2.150707e-06 
6.606934e-01 1.645819e+00 2.655733e+00 8.144590e-02 1.993793e-06 
6.918310e-01 1.647255e+00 2.655733e+00 8.144590e-02 1.848201e-06 
7.244360e-01 1.648595e+00 2.655733e+00 8.144590e-02 1.713131e-06 
7.585776e-01 1.649843e+00 2.655733e+00 8.144591e-02 1.587837e-06 
7.943282e-01 1.651007e+00 2.655733e+00 8.144591e-02 1.471626e-06 
8.317638e-01 1.652091e+00 2.655733e+00 8.144591e-02 1.363849e-06 
8.709636e-01 1.653101e+00 2.655733e+00 8.144592e-02 1.263904e-06 
9.120108e-01 1.654041e+00 2.655733e+00 8.144592e-02 1.171231e-06 
9.549926e-01 1.654917e+00 2.655733e+00 8.144592e-02 1.085308e-06 
1.000000e+00 1.655732e+00 2.655733e+00 8.144592e-02 1.005649e-06 
