# Labels: p(1) n_co2(2) rho_co2(3) stress_ads(4)
0 0 0 0 0
100000 287.6431637642 39.2156862745 368086.71860416 0.4996817967
200000 541.1938483784 78.431372549 733041.669686527 0.5266604215
300000 766.3529441008 117.6470588235 1094919.41215581 0.5532038782
400000 967.6161039716 156.862745098 1453773.2449342 0.5793244478
500000 1148.5763531512 196.0784313725 1809655.24312132 0.6050339834
600000 1314.9433988533 236 2162616.29291973 0.6308870056
700000 1466.0667939098 276 2512706.12537117 0.6564029928
800000 1603.6736587028 316 2859973.34895051 0.6815320765
900000 1729.4832123448 356 3204465.4810623 0.7062848352
1000000 1844.9345033342 396 3546228.97848278 0.7306714938
1100000 1953.3341145991 436.8181818182 3885309.26678831 0.7553080694
1200000 2053.5200152397 477.7272727273 4221750.76880937 0.7796560384
1300000 2146.1781916321 518.6363636364 4555596.93214755 0.8036570767
1400000 2232.1129255608 559.5454545455 4886890.25579138 0.8273203978
1500000 2315.5476373895 602.3214285714 5215672.31586521 0.8519988725
1600000 2396.3510886315 646.9642857143 5541983.79054394 0.8776731891
1700000 2471.393501402 691.6071428571 5865864.48416485 0.9029992865
1800000 2541.2563348458 736.25 6187353.35056671 0.9279862483
1900000 2606.4451848931 780.8928571429 6506488.51568486 0.9526428715
2000000 2667.4017823593 825.5357142857 6823307.29942964 0.976977678
2100000 2727.7483275454 872.7722772277 7137846.2368748 1.0027920461
2200000 2784.5308814813 920.297029703 7450141.09878094 1.0284756716
2300000 2837.7263330677 967.8217821782 7760226.91147831 1.0538364493
2400000 2887.6525722873 1015.3465346535 8068137.97613209 1.07888256
2500000 2934.5909287666 1062.8712871287 8373907.88741257 1.1036219365
2600000 2978.7912904274 1110.396039604 8677569.55159136 1.1280622722
2700000 3020.4763849302 1157.9207920792 8979155.20408427 1.1522110306
2800000 3059.8453794655 1205.4455445545 9278696.42646044 1.1760754535
2900000 3097.076922273 1252.9702970297 9576224.16293653 1.1996625693
3000000 3132.3317243834 1300.495049505 9871768.73637419 1.2229792004
3100000 3169.3988432481 1353.2653061225 10165359.863798 1.2494423873
3200000 3205.2456413675 1407.3469387755 10457026.6714508 1.2764567891
3300000 3239.0813208314 1461.4285714286 10746797.709402 1.3031723129
3400000 3271.0602244499 1515.5102040816 11034700.965725 1.3295962222
3500000 3301.3212713859 1569.5918367347 11320763.8802576 1.3557355721
3600000 3329.9898416854 1623.6734693878 11605013.3579604 1.3815972168
3700000 3357.1793907324 1677.7551020408 11887475.7818861 1.4071878166
3800000 3382.9928377534 1731.8367346939 12168177.0257739 1.4325138445
3900000 3407.5237644423 1785.9183673469 12447142.4662804 1.457581593
4000000 3430.8574533424 1840 12724396.9948596 1.4823971802
4100000 3456.5799970261 1902.6262626263 12999965.0293047 1.512228448
4200000 3480.9123287427 1965.2525252525 13273870.5249609 1.5417661576
4300000 3503.9536757898 2027.8787878788 13546136.9856217 1.5710172337
4400000 3525.7940316832 2090.5050505051 13816787.474119 1.5999884109
4500000 3546.515209166 2153.1313131313 14085844.6226154 1.6286862402
4600000 3566.1917520823 2215.7575757576 14353330.6426109 1.6571170951
4700000 3584.8917277173 2278.3838383838 14619267.3346707 1.685287178
4800000 3602.6774175069 2341.0101010101 14883676.0978852 1.7132025252
4900000 3619.6059210201 2403.6363636364 15146577.9390694 1.7408690131
5000000 3636.0644567223 2467.5438596491 15407993.4817102 1.7690481075
5100000 3654.5986506765 2542.9824561404 15667942.9746711 1.8037544587
5200000 3672.1140635907 2618.4210526316 15926446.3006592 1.8381627603
5300000 3688.6804036215 2693.8596491228 16183522.9844649 1.8722798898
5400000 3704.3611562144 2769.298245614 16439192.2009794 1.9061125442
5500000 3719.2142659791 2844.7368421053 16693472.7829977 1.9396672459
5600000 3733.2927306263 2920.1754385965 16946383.228814 1.972950348
5700000 3746.645119933 2995.6140350877 17197941.7096152 2.0059680407
5800000 3759.3160305573 3071.052631579 17448166.0766801 2.0387263554
5900000 3771.3464857793 3146.4912280702 17697073.8683875 2.0712311709
6000000 3782.7742878015 3221.9298245614 17944682.3170432 2.1034882174
6100000 3793.6343290579 3297.3684210526 18191008.3555268 2.1355030814
6200000 3806.6176201807 3391.6279069767 18436068.6237679 2.1778528463
6300000 3819.8891746983 3493.9534883721 18679879.4750534 2.2244097484
6400000 3832.3108159321 3596.2790697674 18922456.9821737 2.2706344764
6500000 3843.9427209798 3698.6046511628 19163816.9434109 2.3165347591
6600000 3854.8395038938 3800.9302325581 19403974.8883741 2.3621181307
6700000 3865.0508472423 3903.2558139535 19642946.0836869 2.4073919372
6800000 3874.6220493194 4005.5813953488 19880745.5385308 2.4523633424
6900000 3883.5944998732 4107.9069767442 20117388.0100488 2.4970393339
7000000 3892.006095025 4210.2325581395 20352888.0086141 2.5414267282
7100000 3899.8916002686 4312.5581395349 20587259.8029662 2.5855321764
7200000 3907.2829689835 4414.8837209302 20820517.4252203 2.6293621693
7300000 3914.2096227043 4517.2093023256 21052674.6757516 2.6729230425
7400000 3920.6986984044 4619.5348837209 21283745.1279601 2.7162209806
7500000 3929.0602798597 4757.8947368421 21513742.1329176 2.7787020338
7600000 3937.2459036442 4905.2631578947 21742678.823901 2.845682985
7700000 3944.7025490151 5052.6315789474 21970568.1208159 2.9123009665
7800000 3951.484945581 5200 22197422.7345115 2.978565263
7900000 3957.6424482549 5347.3684210526 22423255.1709929 3.0444849375
8000000 3963.2196857051 5494.7368421053 22648077.7355302 3.1100688393
8100000 3968.2571168541 5642.1052631579 22871902.5366705 3.1753256099
8200000 3973.4840218351 5810 23094741.4901531 3.2511851725
8300000 3980.0054696796 6042.2222222222 23316606.3227323 3.3608924461
8400000 3985.3840122917 6270 23537508.575909 3.4678296311
8500000 3989.8620429807 6497.7777777778 23757459.6095746 3.5743763348
8600000 3993.5216112095 6725.5555555556 23976470.605569 3.680546644
8700000 3996.4349667577 6953.3333333333 24194552.5711556 3.7863543331
8800000 3998.6659917677 7181.1111111111 24411716.3424147 3.8918128746
8900000 4000.2713881644 7408.8888888889 24627972.5875588 3.9969354501
9000000 4001.7201466138 7701.4285714286 24843331.8101704 4.1360866931
9100000 4002.4603243145 8037.1428571429 25057804.3523654 4.2978831023
9200000 4002.2076780575 8372.8571428571 25271400.3978845 4.4594584393
9300000 4001.0661367048 8708.5714285714 25484129.9751123 4.6208350037
9400000 3999.0377777654 9064.1176470588 25696002.9600296 4.7926254769
9500000 3996.008494786 9449.4117647059 25907029.0790967 4.9802241193
9600000 3992.1390554336 9834.7058823529 26117217.912073 5.1678038807
9700000 3987.5155595255 10220 26326578.8947719 5.3553915434
9800000 3982.5113839987 10580.7142857143 26535121.3217549 5.5297514179
9900000 3976.9634109799 10941.4285714286 26742854.3489644 5.7041035316
10000000 3971.0576129536 11292.7586206897 26949786.9962986 5.8733843496
10100000 3965.3149739147 11606.5517241379 27155928.1501288 6.0222926131
10200000 3959.2502791858 11920.3448275862 27361286.5657612 6.1711488403
10300000 3953.3703112207 12206.7346938776 27565870.8698442 6.3050414034
10400000 3948.4289938559 12429.1836734694 27769689.5627233 6.4040073746
10500000 3943.3535156109 12651.6326530612 27972751.020744 6.5028503593
10600000 3938.1504330529 12874.0816326531 28175063.4985046 6.6015791397
10700000 3932.8258943648 13096.5306122449 28376635.1310603 6.7002023585
10800000 3927.9535565731 13291.2658227848 28577473.9360793 6.7836010306
10900000 3923.8651587083 13444.4303797468 28777587.8159526 6.8442185117
11000000 3919.7294740742 13597.5949367089 28976984.5598583 6.9047505354
11100000 3915.5481699151 13750.7594936709 29175671.8457819 6.9652012636
11200000 3911.322843152 13903.9240506329 29373657.2424933 7.0255747898
11300000 3907.0550239143 14057.0886075949 29570948.2114817 7.0858751417
11400000 3902.7461788605 14210.253164557 29767552.10885 7.1461062826
11500000 3898.3977143021 14363.417721519 29963476.1871686 7.2062721132
11600000 3894.7177042514 14486.0144927536 30158727.5972904 7.2497597938
11700000 3891.7301355694 14578.0434782609 30353313.3901281 7.2766154241
11800000 3888.736205172 14670.0724637681 30547240.5183937 7.3034713331
11900000 3885.7360824045 14762.1014492754 30740515.8383025 7.3303286054
12000000 3882.7299308718 14854.1304347826 30933146.1112411 7.3571883076
12100000 3879.7179086418 14946.1594202899 31125138.0054017 7.3840514887
12200000 3876.7001684411 15038.1884057971 31316498.0973815 7.4109191804
12300000 3873.6768578425 15130.2173913043 31507232.8737509 7.4377923979
12400000 3870.6481194466 15222.2463768116 31697348.732588 7.4646721397
12500000 3867.6140910561 15314.2753623188 31886851.9849828 7.4915593883
12600000 3864.5749058428 15406.3043478261 32075748.8565107 7.5184551107
12700000 3861.5306925102 15498.3333333333 32264045.4886757 7.5453602582
12800000 3858.481575448 15590.3623188406 32451747.9403251 7.5722757675
12900000 3855.4276748828 15682.3913043478 32638862.189035 7.5992025602
13000000 3852.9569335483 15751.4473684211 32825394.1324687 7.6138734997
13100000 3850.7411640707 15810.6578947368 33011349.5897078 7.6233406541
13200000 3848.529700171 15869.8684210526 33196734.3025564 7.6328688648
13300000 3846.3224402651 15929.0789473684 33381553.9368195 7.6424579197
13400000 3844.1192847599 15988.2894736842 33565814.0835569 7.6521076082
13500000 3841.920136012 16047.5 33749520.2603109 7.6618177208
13600000 3839.7248982873 16106.7105263158 33932677.9123116 7.6715880495
13700000 3837.5334777214 16165.9210526316 34115292.4136568 7.6814183876
13800000 3835.3457822809 16225.1315789474 34297369.0684703 7.6913085298
13900000 3833.161721726 16284.3421052632 34478913.1120371 7.7012582723
14000000 3830.9812075733 16343.5526315789 34659929.7119161 7.7112674126
14100000 3828.8041530596 16402.7631578947 34840423.9690323 7.7213357497
14200000 3826.6304731072 16461.9736842105 35020400.918747 7.7314630839
14300000 3824.460084289 16521.1842105263 35199865.5319077 7.7416492171
14400000 3822.2929047948 16580.3947368421 35378822.7158786 7.7518939525
14500000 3820.4167685591 16629.0031152648 35557277.3155503 7.7566667049
14600000 3818.8342605026 16667.0093457944 35735234.1143308 7.755993904
14700000 3817.2582209371 16705.015576324 35912697.8351179 7.755414122
14800000 3815.6885080715 16743.0218068536 36089673.1412531 7.754926575
14900000 3814.1249830929 16781.0280373832 36266164.6374572 7.754530488
15000000 3812.5675100981 16819.0342679128 36442176.8707483 7.7542250947
15100000 3811.0159560273 16857.0404984424 36617714.3313435 7.7540096375
15200000 3809.4701905992 16895.046728972 36792781.4535425 7.7538833675
15300000 3807.9300862475 16933.0529595016 36967382.6165957 7.7538455442
15400000 3806.3955180595 16971.0591900312 37141522.1455554 7.7538954356
15500000 3804.8663637164 17009.0654205607 37315204.312112 7.7540323177
15600000 3803.342503434 17047.0716510903 37488433.3354145 7.754255475
15700000 3801.8238199061 17085.0778816199 37661213.3828756 7.7545642001
15800000 3800.3101982488 17123.0841121495 37833548.5709623 7.7549577935
15900000 3798.8015259461 17161.0903426791 38005442.9659722 7.7554355636
16000000 3797.2976927971 17199.0965732087 38176900.5847953 7.7559968267
16100000 3795.7985908643 17237.1028037383 38347925.3956623 7.7566409069
16200000 3794.3041144232 17275.1090342679 38518521.3188789 7.7573671357
16300000 3792.8141599134 17313.1152647975 38688692.2275476 7.7581748524
16400000 3791.3286258906 17351.1214953271 38858441.9482756 7.7590634038
16500000 3789.8474129797 17389.1277258567 39027774.2618704 7.7600321438
16600000 3788.3704238297 17427.1339563863 39196692.9040233 7.761080434
16700000 3786.8975630687 17465.1401869159 39365201.5659801 7.7622076427
16800000 3785.4287372607 17503.1464174455 39533303.8952002 7.7634131457
16900000 3783.9638548637 17541.1526479751 39701003.496004 7.7646963258
17000000 3782.5028261875 17579.1588785047 39868303.9302085 7.7660565727
