# Labels: p(1) n_co2(2) rho_co2(3) stress_ads(4)
0 0 0 0 0
100000 381.7818977232 39.2156862745 2636735.36910531 2.6129982735
200000 682.5939741367 78.431372549 5094296.12106192 2.7281181314
300000 924.9470240534 117.6470588235 7391017.89891736 2.8259662588
400000 1123.8054553483 156.862745098 9542817.05948373 2.9090490157
500000 1289.5010188591 196.0784313725 11563576.9459299 2.9794541867
600000 1431.7630797027 236 13465462.4420097 3.0430029712
700000 1553.1505275963 276 15259177.8767134 3.0971506155
800000 1657.5777664839 316 16954179.8351614 3.142735816
900000 1748.2441164168 356 18558853.8138464 3.1808836072
1000000 1827.613338951 396 20080661.6893573 3.2125615335
1100000 1898.9817976144 436.8181818182 21526265.4756308 3.2423396402
1200000 1962.3238707788 477.7272727273 22901631.7016317 3.2672919061
1300000 2018.7639795877 518.6363636364 24212119.859911 3.2876482823
1400000 2069.3474964367 559.5454545455 25462557.6918005 3.3039873921
1500000 2116.8866483847 602.3214285714 26657305.5394711 3.324044161
1600000 2161.4631033595 646.9642857143 27800311.5734459 3.3474437144
1700000 2201.6218977506 691.6071428571 28895159.370129 3.3671548759
1800000 2237.975325203 736.25 29945109.0477219 3.3836085955
1900000 2271.0308049426 780.8928571429 30953132.955572 3.3971858767
2000000 2301.2118696974 825.5357142857 31921946.7401286 3.4082241416
2100000 2330.2979285287 872.7722772277 32854036.4715003 3.4251140179
2200000 2357.0345476781 920.297029703 33751682.4013556 3.4403725198
2300000 2381.5543186986 967.8217821782 34616979.8303203 3.4533528814
2400000 2404.1183951382 1015.3465346535 35451857.4870039 3.464308111
2500000 2424.9493913658 1062.8712871287 36258093.7580938 3.4734644929
2600000 2444.2380432227 1110.396039604 37037331.0570494 3.4810246365
2700000 2462.1485591153 1157.9207920792 37791088.5757875 3.4871701394
2800000 2478.8229492824 1205.4455445545 38520773.6277504 3.4920639175
2900000 2494.3845512759 1252.9702970297 39227691.7606128 3.4958522508
3000000 2508.9409183956 1300.495049505 39913055.7915605 3.4986665819
3100000 2523.6576771443 1353.2653061225 40577993.8967267 3.5127549125
3200000 2537.5827076104 1407.3469387755 41223556.8683222 3.5284165746
3300000 2550.5295253605 1461.4285714286 41850724.6376812 3.5426858387
3400000 2562.5938920976 1515.5102040816 42460412.1494174 3.5556984165
3500000 2573.8596067017 1569.5918367347 43053474.6607708 3.5675777211
3600000 2584.4002608029 1623.6734693878 43630712.5307125 3.5784360644
3700000 2594.2807010678 1677.7551020408 44192875.5552197 3.5883757265
3800000 2603.558253014 1731.8367346939 44740666.8981137 3.5974899117
3900000 2612.2837498538 1785.9183673469 45274746.6608063 3.6058636041
4000000 2620.5024011029 1840 45795735.1290685 3.6135743352
4100000 2628.797381903 1902.6262626263 46304215.7304081 3.6362755814
4200000 2636.5123897302 1965.2525252525 46800737.7317085 3.657803018
4300000 2643.6992766781 2027.8787878788 47285818.7033586 3.6782535197
4400000 2650.4039484426 2090.5050505051 47759946.7731204 3.6977163764
4500000 2656.6671637182 2153.1313131313 48223582.6903724 3.7162739378
4600000 2662.5252113486 2215.7575757576 48677161.7190831 3.7340021971
4700000 2668.0104861628 2278.3838383838 49121095.3758693 3.7509713207
4800000 2673.1519804601 2341.0101010101 49555773.0277277 3.7672461293
4900000 2677.9757049708 2403.6363636364 49981563.3624858 3.7828865346
5000000 2682.5080080905 2467.5438596491 50398815.7436433 3.799916798
5100000 2686.7263399029 2542.9824561404 50807861.4600739 3.8337782578
5200000 2690.5792004793 2618.4210526316 51209014.8799826 3.8665271563
5300000 2694.0981022438 2693.8596491228 51602574.5175712 3.8982398139
5400000 2697.3111043019 2769.298245614 51988824.0200167 3.9289874644
5500000 2700.2432520266 2844.7368421053 52368033.0816253 3.9588366285
5600000 2702.9169531813 2920.1754385965 52740458.2913534 3.9878494569
5700000 2705.3523008397 2995.6140350877 53106343.919294 4.0160840447
5800000 2707.5673515251 3071.052631579 53465922.6471961 4.043594722
5900000 2709.5783655149 3146.4912280702 53819416.2476087 4.0704323207
6000000 2711.4000150644 3221.9298245614 54167036.2158167 4.0966444201
6100000 2713.0455653332 3297.3684210526 54508984.3583514 4.1222755743
6200000 2713.8015828013 3391.6279069767 54845453.3415201 4.1716254565
6300000 2713.9887913558 3493.9534883721 55176627.2030857 4.230167636
6400000 2713.9249257819 3596.2790697674 55502681.8299546 4.2874515922
6500000 2713.6340309826 3698.6046511628 55823785.404477 4.343547077
6600000 2713.1374043035 3800.9302325581 56140098.8217408 4.3985200593
6700000 2712.4539513728 3903.2558139535 56451776.0800333 4.4524329567
6800000 2711.6004899496 4005.5813953488 56758964.6464647 4.5053448509
6900000 2710.592010293 4107.9069767442 57061805.799575 4.5573116887
7000000 2709.4418990165 4210.2325581395 57360434.9505989 4.6083864693
7100000 2708.1621321556 4312.5581395349 57654981.9449225 4.6586194193
7200000 2706.7634421803 4414.8837209302 57945571.3451431 4.7080581556
7300000 2705.2554628784 4517.2093023256 58232322.6970286 4.7567478381
7400000 2703.6468553796 4619.5348837209 58515350.779569 4.8047313123
7500000 2699.7850901673 4757.8947368421 58794765.8402204 4.8929891999
7600000 2695.2139440265 4905.2631578947 59070673.8163528 4.9902078647
7700000 2690.4851372026 5052.6315789474 59343176.5438388 5.0861447502
7800000 2685.6179525226 5200 59612371.9536434 5.18086338
7900000 2680.6292636481 5347.3684210526 59878354.2572148 5.2744245639
8000000 2675.5338628703 5494.7368421053 60141214.1214122 5.3668865353
8100000 2670.3447389875 5642.1052631579 60401038.8336529 5.4583050803
8200000 2663.6998182713 5810 60657912.4579125 5.5712777053
8300000 2652.5859132753 6042.2222222222 60911915.9821615 5.7537570391
8400000 2641.5918382319 6270 61163127.4577839 5.9301423794
8500000 2630.4532107473 6497.7777777778 61411622.1314803 6.1053934011
8600000 2619.19840627 6725.5555555556 61657472.5701249 6.2795821175
8700000 2607.8515044449 6953.3333333333 61900748.7790117 6.452778434
8800000 2596.4329787857 7181.1111111111 62141518.313894 6.6250502465
8900000 2584.960262354 7408.8888888889 62379846.3871946 6.7964635345
9000000 2568.7402086247 7701.4285714286 62615795.9687372 7.0390436279
9100000 2549.2779143843 8037.1428571429 62849427.8813256 7.3298329263
9200000 2529.7298179324 8372.8571428571 63080800.8914771 7.621194442
9300000 2510.1301628925 8708.5714285714 63309971.7955916 7.9132283447
9400000 2489.0264557529 9064.1176470588 63536995.5018249 8.2289206351
9500000 2465.6829535806 9449.4117647059 63761925.1079121 8.5806716036
9600000 2442.3411211075 9834.7058823529 63984811.9751734 8.9346493934
9700000 2419.0263274818 10220 64205705.7989196 9.2909927336
9800000 2397.6141729595 10580.7142857143 64424654.6754591 9.6200281265
9900000 2376.2675368037 10941.4285714286 64641705.1658967 9.9509950906
10000000 2355.7045445173 11292.7586206897 64856902.3569024 10.2723883382
10100000 2338.0514477571 11606.5517241379 65070289.9186157 10.5487711522
10200000 2320.4780003223 11920.3448275862 65281910.1598429 10.8262905065
10300000 2305.0410537762 12206.7346938776 65491804.080693 11.0702843652
10400000 2294.455780028 12429.1836734694 65700011.4227901 11.2337173046
10500000 2283.9141750157 12651.6326530612 65906570.717192 11.3973015126
10600000 2273.4153817955 12874.0816326531 66111519.3301351 11.5610806921
10700000 2262.9585014843 13096.5306122449 66314893.5067214 11.7250977799
10800000 2254.5829261912 13291.2658227848 66516728.4126532 11.8539187331
10900000 2249.2793968459 13444.4303797468 66717058.1741177 11.9298259471
11000000 2243.9746854664 13597.5949367089 66915915.9159159 12.0060440604
11100000 2238.668370434 13750.7594936709 67113333.7979256 12.0825864843
11200000 2233.3600477439 13903.9240506329 67309343.0499823 12.1594662463
11300000 2228.0493304916 14057.0886075949 67503974.0052585 12.2366960111
11400000 2222.7358483606 14210.253164557 67697256.1322149 12.3142880999
11500000 2217.4192471115 14363.417721519 67889218.0651957 12.3922545099
11600000 2214.2745135508 14486.0144927536 68079887.6337338 12.4321219355
11700000 2213.2735081296 14578.0434782609 68269291.8906287 12.434293841
11800000 2212.2321262091 14670.0724637681 68457457.1388576 12.4373729549
11900000 2211.151012186 14762.1014492754 68644408.9573753 12.4413419869
12000000 2210.0307985234 14854.1304347826 68830172.2258557 12.4461842162
12100000 2208.8721059465 14946.1594202899 69014771.148426 12.45188347
12200000 2207.6755436384 15038.1884057971 69198229.2764408 12.4584241035
12300000 2206.4417094372 15130.2173913043 69380569.5303404 12.4657909805
12400000 2205.1711900335 15222.2463768116 69561814.2206378 12.4739694547
12500000 2203.8645611676 15314.2753623188 69741985.068072 12.4829453521
12600000 2202.522387826 15406.3043478261 69921103.2229692 12.4927049541
12700000 2201.1452244375 15498.3333333333 70099189.2838443 12.5032349809
12800000 2199.733615068 15590.3623188406 70276263.3152811 12.5145225766
12900000 2198.2880936138 15682.3913043478 70452344.8651202 12.5265552933
13000000 2198.3516457235 15751.4473684211 70627452.9809883 12.5122742265
13100000 2199.0290532259 15810.6578947368 70801606.2261964 12.4874420263
13200000 2199.6576479018 15869.8684210526 70974822.6950355 12.4636814133
13300000 2200.2383680171 15929.0789473684 71147120.0274966 12.4409666345
13400000 2200.7721292462 15988.2894736842 71318515.4234399 12.4192727976
13500000 2201.2598253055 16047.5 71489025.6562361 12.3985758364
13600000 2201.7023285681 16106.7105263158 71658667.0859045 12.3788524783
13700000 2202.1004906586 16165.9210526316 71827455.6717676 12.3600802129
13800000 2202.4551430307 16225.1315789474 71995406.9846447 12.3422372621
13900000 2202.7670975262 16284.3421052632 72162536.2186012 12.3253025517
14000000 2203.0371469176 16343.5526315789 72328858.2022759 12.309255684
14100000 2203.2660654338 16402.7631578947 72494387.4098011 12.2940769122
14200000 2203.4546092697 16461.9736842105 72659137.9713331 12.2797471156
14300000 2203.6035170801 16521.1842105263 72823123.6832107 12.2662477753
14400000 2203.7135104589 16580.3947368421 72986358.0177548 12.2535609524
14500000 2204.4598471155 16629.0031152648 73148854.1327251 12.2301258247
14600000 2205.8366307132 16667.0093457944 73310624.8804477 12.196097551
14700000 2207.167974289 16705.015576324 73471682.8166266 12.1630537598
14800000 2208.4547553071 16743.0218068536 73632040.2088518 12.1309706904
14900000 2209.6978301449 16781.0280373832 73791709.0448162 12.0998253399
15000000 2210.8980346893 16819.0342679128 73950701.0402533 12.0695954339
15100000 2212.0561849133 16857.0404984424 74109027.6466056 12.0402593985
15200000 2213.1730774344 16895.046728972 74266700.0584356 12.0117963339
15300000 2214.2494900549 16933.0529595016 74423729.2205886 11.9841859891
15400000 2215.2861822862 16971.0591900312 74580125.8351171 11.9574087372
15500000 2216.2838958557 17009.0654205607 74735900.3679758 11.9314455526
15600000 2217.2433551975 17047.0716510903 74891063.0554973 11.9062779883
15700000 2218.1652679291 17085.0778816199 75045623.9106541 11.8818881552
15800000 2219.0503253116 17123.0841121495 75199592.7291187 11.8582587012
15900000 2219.899202697 17161.0903426791 75352979.0951262 11.8353727923
16000000 2220.7125599605 17199.0965732087 75505792.3871483 11.8132140935
16100000 2221.4910419199 17237.1028037383 75658041.783386 11.7917667509
16200000 2222.2352787424 17275.1090342679 75809736.2670867 11.7710153751
16300000 2222.9458863385 17313.1152647975 75960884.6316936 11.7509450243
16400000 2223.6234667437 17351.1214953271 76111495.4858318 11.7315411888
16500000 2224.2686084888 17389.1277258567 76261577.2581385 11.7127897759
16600000 2224.8818869591 17427.1339563863 76411138.2019428 11.6946770954
16700000 2225.4638647423 17465.1401869159 76560186.3997998 11.6771898458
16800000 2226.0150919663 17503.1464174455 76708729.7678847 11.6603151009
16900000 2226.5361066263 17541.1526479751 76856776.0602522 11.644040297
17000000 2227.0274349027 17579.1588785047 77004332.8729656 11.628353221
