# Models: X-axis(1) CSH3EndMembers(2)
# Labels: S_CH(1) V_CSH(2)
1.000000e-20 4.300000e-02
1.047129e-20 4.300000e-02
1.096478e-20 4.300000e-02
1.148154e-20 4.300000e-02
1.202264e-20 4.300000e-02
1.258925e-20 4.300000e-02
1.318257e-20 4.300000e-02
1.380384e-20 4.300000e-02
1.445440e-20 4.300000e-02
1.513561e-20 4.300000e-02
1.584893e-20 4.300000e-02
1.659587e-20 4.300000e-02
1.737801e-20 4.300000e-02
1.819701e-20 4.300000e-02
1.905461e-20 4.300000e-02
1.995262e-20 4.300000e-02
2.089296e-20 4.300000e-02
2.187762e-20 4.300000e-02
2.290868e-20 4.300000e-02
2.398833e-20 4.300000e-02
2.511886e-20 4.300000e-02
2.630268e-20 4.300000e-02
2.754229e-20 4.300000e-02
2.884032e-20 4.300000e-02
3.019952e-20 4.300000e-02
3.162278e-20 4.300000e-02
3.311311e-20 4.300000e-02
3.467369e-20 4.300000e-02
3.630781e-20 4.300000e-02
3.801894e-20 4.300000e-02
3.981072e-20 4.300000e-02
4.168694e-20 4.300000e-02
4.365158e-20 4.300000e-02
4.570882e-20 4.300000e-02
4.786301e-20 4.300000e-02
5.011872e-20 4.300000e-02
5.248075e-20 4.300000e-02
5.495409e-20 4.300000e-02
5.754399e-20 4.300000e-02
6.025596e-20 4.300000e-02
6.309573e-20 4.300000e-02
6.606934e-20 4.300000e-02
6.918310e-20 4.300000e-02
7.244360e-20 4.300000e-02
7.585776e-20 4.300000e-02
7.943282e-20 4.300000e-02
8.317638e-20 4.300000e-02
8.709636e-20 4.300000e-02
9.120108e-20 4.300000e-02
9.549926e-20 4.300000e-02
1.000000e-19 4.300000e-02
1.047129e-19 4.300000e-02
1.096478e-19 4.300000e-02
1.148154e-19 4.300000e-02
1.202264e-19 4.300000e-02
1.258925e-19 4.300000e-02
1.318257e-19 4.300000e-02
1.380384e-19 4.300000e-02
1.445440e-19 4.300000e-02
1.513561e-19 4.300000e-02
1.584893e-19 4.300000e-02
1.659587e-19 4.300000e-02
1.737801e-19 4.300000e-02
1.819701e-19 4.300000e-02
1.905461e-19 4.300000e-02
1.995262e-19 4.300000e-02
2.089296e-19 4.300000e-02
2.187762e-19 4.300000e-02
2.290868e-19 4.300000e-02
2.398833e-19 4.300000e-02
2.511886e-19 4.300000e-02
2.630268e-19 4.300000e-02
2.754229e-19 4.300000e-02
2.884032e-19 4.300000e-02
3.019952e-19 4.300000e-02
3.162278e-19 4.300000e-02
3.311311e-19 4.300000e-02
3.467369e-19 4.300000e-02
3.630781e-19 4.300000e-02
3.801894e-19 4.300000e-02
3.981072e-19 4.300000e-02
4.168694e-19 4.300000e-02
4.365158e-19 4.300000e-02
4.570882e-19 4.300000e-02
4.786301e-19 4.300000e-02
5.011872e-19 4.300000e-02
5.248075e-19 4.300000e-02
5.495409e-19 4.300000e-02
5.754399e-19 4.300000e-02
6.025596e-19 4.300000e-02
6.309573e-19 4.300000e-02
6.606934e-19 4.300000e-02
6.918310e-19 4.300000e-02
7.244360e-19 4.300000e-02
7.585776e-19 4.300000e-02
7.943282e-19 4.300000e-02
8.317638e-19 4.300000e-02
8.709636e-19 4.300000e-02
9.120108e-19 4.300000e-02
9.549926e-19 4.300000e-02
1.000000e-18 4.300000e-02
1.047129e-18 4.300000e-02
1.096478e-18 4.300000e-02
1.148154e-18 4.300000e-02
1.202264e-18 4.300000e-02
1.258925e-18 4.300000e-02
1.318257e-18 4.300000e-02
1.380384e-18 4.300000e-02
1.445440e-18 4.300000e-02
1.513561e-18 4.300000e-02
1.584893e-18 4.300000e-02
1.659587e-18 4.300000e-02
1.737801e-18 4.300000e-02
1.819701e-18 4.300000e-02
1.905461e-18 4.300000e-02
1.995262e-18 4.300000e-02
2.089296e-18 4.300000e-02
2.187762e-18 4.300000e-02
2.290868e-18 4.300000e-02
2.398833e-18 4.300000e-02
2.511886e-18 4.300000e-02
2.630268e-18 4.300000e-02
2.754229e-18 4.300000e-02
2.884032e-18 4.300000e-02
3.019952e-18 4.300000e-02
3.162278e-18 4.300000e-02
3.311311e-18 4.300000e-02
3.467369e-18 4.300000e-02
3.630781e-18 4.300000e-02
3.801894e-18 4.300000e-02
3.981072e-18 4.300000e-02
4.168694e-18 4.300000e-02
4.365158e-18 4.300000e-02
4.570882e-18 4.300000e-02
4.786301e-18 4.300000e-02
5.011872e-18 4.300000e-02
5.248075e-18 4.300000e-02
5.495409e-18 4.300000e-02
5.754399e-18 4.300000e-02
6.025596e-18 4.300000e-02
6.309573e-18 4.300000e-02
6.606934e-18 4.300000e-02
6.918310e-18 4.300000e-02
7.244360e-18 4.300000e-02
7.585776e-18 4.300000e-02
7.943282e-18 4.300000e-02
8.317638e-18 4.300000e-02
8.709636e-18 4.300000e-02
9.120108e-18 4.300000e-02
9.549926e-18 4.300000e-02
1.000000e-17 4.300000e-02
1.047129e-17 4.300000e-02
1.096478e-17 4.300000e-02
1.148154e-17 4.300000e-02
1.202264e-17 4.300000e-02
1.258925e-17 4.300000e-02
1.318257e-17 4.300000e-02
1.380384e-17 4.300000e-02
1.445440e-17 4.300000e-02
1.513561e-17 4.300000e-02
1.584893e-17 4.300000e-02
1.659587e-17 4.300000e-02
1.737801e-17 4.300000e-02
1.819701e-17 4.300000e-02
1.905461e-17 4.300000e-02
1.995262e-17 4.300000e-02
2.089296e-17 4.300000e-02
2.187762e-17 4.300000e-02
2.290868e-17 4.300000e-02
2.398833e-17 4.300000e-02
2.511886e-17 4.300000e-02
2.630268e-17 4.300000e-02
2.754229e-17 4.300000e-02
2.884032e-17 4.300000e-02
3.019952e-17 4.300000e-02
3.162278e-17 4.300000e-02
3.311311e-17 4.300000e-02
3.467369e-17 4.300000e-02
3.630781e-17 4.300000e-02
3.801894e-17 4.300000e-02
3.981072e-17 4.300000e-02
4.168694e-17 4.300000e-02
4.365158e-17 4.300000e-02
4.570882e-17 4.300000e-02
4.786301e-17 4.300000e-02
5.011872e-17 4.300000e-02
5.248075e-17 4.300000e-02
5.495409e-17 4.300000e-02
5.754399e-17 4.300000e-02
6.025596e-17 4.300000e-02
6.309573e-17 4.300000e-02
6.606934e-17 4.300000e-02
6.918310e-17 4.300000e-02
7.244360e-17 4.300000e-02
7.585776e-17 4.300000e-02
7.943282e-17 4.300000e-02
8.317638e-17 4.300000e-02
8.709636e-17 4.300000e-02
9.120108e-17 4.300000e-02
9.549926e-17 4.300000e-02
1.000000e-16 4.300000e-02
1.047129e-16 4.300000e-02
1.096478e-16 4.300000e-02
1.148154e-16 4.300000e-02
1.202264e-16 4.300000e-02
1.258925e-16 4.300000e-02
1.318257e-16 4.300000e-02
1.380384e-16 4.300000e-02
1.445440e-16 4.300000e-02
1.513561e-16 4.300000e-02
1.584893e-16 4.300000e-02
1.659587e-16 4.300000e-02
1.737801e-16 4.300000e-02
1.819701e-16 4.300000e-02
1.905461e-16 4.300000e-02
1.995262e-16 4.300000e-02
2.089296e-16 4.300000e-02
2.187762e-16 4.300000e-02
2.290868e-16 4.300000e-02
2.398833e-16 4.300000e-02
2.511886e-16 4.300000e-02
2.630268e-16 4.300000e-02
2.754229e-16 4.300000e-02
2.884032e-16 4.300000e-02
3.019952e-16 4.300000e-02
3.162278e-16 4.300000e-02
3.311311e-16 4.300000e-02
3.467369e-16 4.300000e-02
3.630781e-16 4.300000e-02
3.801894e-16 4.300000e-02
3.981072e-16 4.300000e-02
4.168694e-16 4.300000e-02
4.365158e-16 4.300000e-02
4.570882e-16 4.300000e-02
4.786301e-16 4.300000e-02
5.011872e-16 4.300000e-02
5.248075e-16 4.300000e-02
5.495409e-16 4.300000e-02
5.754399e-16 4.300000e-02
6.025596e-16 4.300000e-02
6.309573e-16 4.300000e-02
6.606934e-16 4.300000e-02
6.918310e-16 4.300000e-02
7.244360e-16 4.300000e-02
7.585776e-16 4.300000e-02
7.943282e-16 4.300000e-02
8.317638e-16 4.300000e-02
8.709636e-16 4.300000e-02
9.120108e-16 4.300000e-02
9.549926e-16 4.300000e-02
1.000000e-15 4.300000e-02
1.047129e-15 4.300000e-02
1.096478e-15 4.300000e-02
1.148154e-15 4.300000e-02
1.202264e-15 4.300000e-02
1.258925e-15 4.300000e-02
1.318257e-15 4.300000e-02
1.380384e-15 4.300000e-02
1.445440e-15 4.300000e-02
1.513561e-15 4.300000e-02
1.584893e-15 4.300000e-02
1.659587e-15 4.300000e-02
1.737801e-15 4.300000e-02
1.819701e-15 4.300000e-02
1.905461e-15 4.300000e-02
1.995262e-15 4.300000e-02
2.089296e-15 4.300000e-02
2.187762e-15 4.300000e-02
2.290868e-15 4.300000e-02
2.398833e-15 4.300000e-02
2.511886e-15 4.300000e-02
2.630268e-15 4.300000e-02
2.754229e-15 4.300000e-02
2.884032e-15 4.300000e-02
3.019952e-15 4.300000e-02
3.162278e-15 4.300000e-02
3.311311e-15 4.300000e-02
3.467369e-15 4.300000e-02
3.630781e-15 4.300000e-02
3.801894e-15 4.300000e-02
3.981072e-15 4.300000e-02
4.168694e-15 4.300000e-02
4.365158e-15 4.300000e-02
4.570882e-15 4.300000e-02
4.786301e-15 4.300000e-02
5.011872e-15 4.300000e-02
5.248075e-15 4.300000e-02
5.495409e-15 4.300000e-02
5.754399e-15 4.300000e-02
6.025596e-15 4.300000e-02
6.309573e-15 4.300000e-02
6.606934e-15 4.300000e-02
6.918310e-15 4.300000e-02
7.244360e-15 4.300000e-02
7.585776e-15 4.300000e-02
7.943282e-15 4.300000e-02
8.317638e-15 4.300000e-02
8.709636e-15 4.300000e-02
9.120108e-15 4.300000e-02
9.549926e-15 4.300000e-02
1.000000e-14 4.300000e-02
1.047129e-14 4.300000e-02
1.096478e-14 4.300000e-02
1.148154e-14 4.300000e-02
1.202264e-14 4.300000e-02
1.258925e-14 4.300000e-02
1.318257e-14 4.300000e-02
1.380384e-14 4.300000e-02
1.445440e-14 4.300000e-02
1.513561e-14 4.300000e-02
1.584893e-14 4.300000e-02
1.659587e-14 4.300000e-02
1.737801e-14 4.300000e-02
1.819701e-14 4.300000e-02
1.905461e-14 4.300000e-02
1.995262e-14 4.300000e-02
2.089296e-14 4.300000e-02
2.187762e-14 4.300000e-02
2.290868e-14 4.300000e-02
2.398833e-14 4.300000e-02
2.511886e-14 4.300000e-02
2.630268e-14 4.300000e-02
2.754229e-14 4.300000e-02
2.884032e-14 4.300000e-02
3.019952e-14 4.300000e-02
3.162278e-14 4.300000e-02
3.311311e-14 4.300000e-02
3.467369e-14 4.300000e-02
3.630781e-14 4.300000e-02
3.801894e-14 4.300000e-02
3.981072e-14 4.300000e-02
4.168694e-14 4.300000e-02
4.365158e-14 4.300000e-02
4.570882e-14 4.300000e-02
4.786301e-14 4.300000e-02
5.011872e-14 4.300000e-02
5.248075e-14 4.300000e-02
5.495409e-14 4.300000e-02
5.754399e-14 4.300000e-02
6.025596e-14 4.300000e-02
6.309573e-14 4.300000e-02
6.606934e-14 4.300000e-02
6.918310e-14 4.300000e-02
7.244360e-14 4.300000e-02
7.585776e-14 4.300000e-02
7.943282e-14 4.300000e-02
8.317638e-14 4.300000e-02
8.709636e-14 4.300000e-02
9.120108e-14 4.300000e-02
9.549926e-14 4.300000e-02
1.000000e-13 4.300000e-02
1.047129e-13 4.300000e-02
1.096478e-13 4.300000e-02
1.148154e-13 4.300000e-02
1.202264e-13 4.300000e-02
1.258925e-13 4.300000e-02
1.318257e-13 4.300000e-02
1.380384e-13 4.300000e-02
1.445440e-13 4.300000e-02
1.513561e-13 4.300000e-02
1.584893e-13 4.300000e-02
1.659587e-13 4.300000e-02
1.737801e-13 4.300000e-02
1.819701e-13 4.300000e-02
1.905461e-13 4.300000e-02
1.995262e-13 4.300000e-02
2.089296e-13 4.300000e-02
2.187762e-13 4.300000e-02
2.290868e-13 4.300000e-02
2.398833e-13 4.300000e-02
2.511886e-13 4.300000e-02
2.630268e-13 4.300000e-02
2.754229e-13 4.300000e-02
2.884032e-13 4.300000e-02
3.019952e-13 4.300000e-02
3.162278e-13 4.300000e-02
3.311311e-13 4.300000e-02
3.467369e-13 4.300000e-02
3.630781e-13 4.300000e-02
3.801894e-13 4.300000e-02
3.981072e-13 4.300000e-02
4.168694e-13 4.300000e-02
4.365158e-13 4.300000e-02
4.570882e-13 4.300000e-02
4.786301e-13 4.300000e-02
5.011872e-13 4.300000e-02
5.248075e-13 4.300000e-02
5.495409e-13 4.300000e-02
5.754399e-13 4.300000e-02
6.025596e-13 4.300000e-02
6.309573e-13 4.300000e-02
6.606934e-13 4.300000e-02
6.918310e-13 4.300000e-02
7.244360e-13 4.300000e-02
7.585776e-13 4.300000e-02
7.943282e-13 4.300000e-02
8.317638e-13 4.300000e-02
8.709636e-13 4.300000e-02
9.120108e-13 4.300000e-02
9.549926e-13 4.300000e-02
1.000000e-12 4.300000e-02
1.047129e-12 4.300000e-02
1.096478e-12 4.300000e-02
1.148154e-12 4.300000e-02
1.202264e-12 4.300000e-02
1.258925e-12 4.300000e-02
1.318257e-12 4.300000e-02
1.380384e-12 4.300000e-02
1.445440e-12 4.300000e-02
1.513561e-12 4.300000e-02
1.584893e-12 4.300000e-02
1.659587e-12 4.300000e-02
1.737801e-12 4.300000e-02
1.819701e-12 4.300000e-02
1.905461e-12 4.300000e-02
1.995262e-12 4.300000e-02
2.089296e-12 4.300000e-02
2.187762e-12 4.300000e-02
2.290868e-12 4.300000e-02
2.398833e-12 4.300000e-02
2.511886e-12 4.300000e-02
2.630268e-12 4.300000e-02
2.754229e-12 4.300000e-02
2.884032e-12 4.300000e-02
3.019952e-12 4.300000e-02
3.162278e-12 4.300000e-02
3.311311e-12 4.300000e-02
3.467369e-12 4.300000e-02
3.630781e-12 4.300000e-02
3.801894e-12 4.300000e-02
3.981072e-12 4.300000e-02
4.168694e-12 4.300000e-02
4.365158e-12 4.300000e-02
4.570882e-12 4.300000e-02
4.786301e-12 4.300000e-02
5.011872e-12 4.300000e-02
5.248075e-12 4.300000e-02
5.495409e-12 4.300000e-02
5.754399e-12 4.300000e-02
6.025596e-12 4.300000e-02
6.309573e-12 4.300000e-02
6.606934e-12 4.300000e-02
6.918310e-12 4.300000e-02
7.244360e-12 4.300000e-02
7.585776e-12 4.300000e-02
7.943282e-12 4.300000e-02
8.317638e-12 4.300000e-02
8.709636e-12 4.300000e-02
9.120108e-12 4.300000e-02
9.549926e-12 4.300000e-02
1.000000e-11 4.300000e-02
1.047129e-11 4.300000e-02
1.096478e-11 4.300000e-02
1.148154e-11 4.300000e-02
1.202264e-11 4.300000e-02
1.258925e-11 4.300000e-02
1.318257e-11 4.300000e-02
1.380384e-11 4.300000e-02
1.445440e-11 4.300000e-02
1.513561e-11 4.300000e-02
1.584893e-11 4.300000e-02
1.659587e-11 4.300000e-02
1.737801e-11 4.300000e-02
1.819701e-11 4.300000e-02
1.905461e-11 4.300000e-02
1.995262e-11 4.300000e-02
2.089296e-11 4.300000e-02
2.187762e-11 4.300000e-02
2.290868e-11 4.300000e-02
2.398833e-11 4.300000e-02
2.511886e-11 4.300000e-02
2.630268e-11 4.300000e-02
2.754229e-11 4.300000e-02
2.884032e-11 4.300000e-02
3.019952e-11 4.300000e-02
3.162278e-11 4.300000e-02
3.311311e-11 4.300000e-02
3.467369e-11 4.300000e-02
3.630781e-11 4.300000e-02
3.801894e-11 4.300000e-02
3.981072e-11 4.300000e-02
4.168694e-11 4.300000e-02
4.365158e-11 4.300000e-02
4.570882e-11 4.300000e-02
4.786301e-11 4.300000e-02
5.011872e-11 4.300000e-02
5.248075e-11 4.300000e-02
5.495409e-11 4.300000e-02
5.754399e-11 4.300000e-02
6.025596e-11 4.300000e-02
6.309573e-11 4.300000e-02
6.606934e-11 4.300000e-02
6.918310e-11 4.300000e-02
7.244360e-11 4.300000e-02
7.585776e-11 4.300000e-02
7.943282e-11 4.300001e-02
8.317638e-11 4.300001e-02
8.709636e-11 4.300001e-02
9.120108e-11 4.300001e-02
9.549926e-11 4.300001e-02
1.000000e-10 4.300001e-02
1.047129e-10 4.300001e-02
1.096478e-10 4.300001e-02
1.148154e-10 4.300001e-02
1.202264e-10 4.300001e-02
1.258925e-10 4.300001e-02
1.318257e-10 4.300001e-02
1.380384e-10 4.300001e-02
1.445440e-10 4.300001e-02
1.513561e-10 4.300001e-02
1.584893e-10 4.300001e-02
1.659587e-10 4.300002e-02
1.737801e-10 4.300002e-02
1.819701e-10 4.300002e-02
1.905461e-10 4.300002e-02
1.995262e-10 4.300002e-02
2.089296e-10 4.300002e-02
2.187762e-10 4.300002e-02
2.290868e-10 4.300002e-02
2.398833e-10 4.300003e-02
2.511886e-10 4.300003e-02
2.630268e-10 4.300003e-02
2.754229e-10 4.300003e-02
2.884032e-10 4.300003e-02
3.019952e-10 4.300004e-02
3.162278e-10 4.300004e-02
3.311311e-10 4.300004e-02
3.467369e-10 4.300005e-02
3.630781e-10 4.300005e-02
3.801894e-10 4.300005e-02
3.981072e-10 4.300006e-02
4.168694e-10 4.300006e-02
4.365158e-10 4.300006e-02
4.570882e-10 4.300007e-02
4.786301e-10 4.300007e-02
5.011872e-10 4.300008e-02
5.248075e-10 4.300009e-02
5.495409e-10 4.300009e-02
5.754399e-10 4.300010e-02
6.025596e-10 4.300011e-02
6.309573e-10 4.300011e-02
6.606934e-10 4.300012e-02
6.918310e-10 4.300013e-02
7.244360e-10 4.300014e-02
7.585776e-10 4.300015e-02
7.943282e-10 4.300016e-02
8.317638e-10 4.300017e-02
8.709636e-10 4.300018e-02
9.120108e-10 4.300020e-02
9.549926e-10 4.300021e-02
1.000000e-09 4.300022e-02
1.047129e-09 4.300024e-02
1.096478e-09 4.300026e-02
1.148154e-09 4.300028e-02
1.202264e-09 4.300030e-02
1.258925e-09 4.300032e-02
1.318257e-09 4.300034e-02
1.380384e-09 4.300036e-02
1.445440e-09 4.300039e-02
1.513561e-09 4.300042e-02
1.584893e-09 4.300045e-02
1.659587e-09 4.300048e-02
1.737801e-09 4.300052e-02
1.819701e-09 4.300055e-02
1.905461e-09 4.300059e-02
1.995262e-09 4.300063e-02
2.089296e-09 4.300068e-02
2.187762e-09 4.300073e-02
2.290868e-09 4.300078e-02
2.398833e-09 4.300084e-02
2.511886e-09 4.300090e-02
2.630268e-09 4.300096e-02
2.754229e-09 4.300103e-02
2.884032e-09 4.300110e-02
3.019952e-09 4.300118e-02
3.162278e-09 4.300126e-02
3.311311e-09 4.300135e-02
3.467369e-09 4.300145e-02
3.630781e-09 4.300156e-02
3.801894e-09 4.300167e-02
3.981072e-09 4.300179e-02
4.168694e-09 4.300191e-02
4.365158e-09 4.300205e-02
4.570882e-09 4.300220e-02
4.786301e-09 4.300235e-02
5.011872e-09 4.300252e-02
5.248075e-09 4.300270e-02
5.495409e-09 4.300290e-02
5.754399e-09 4.300310e-02
6.025596e-09 4.300332e-02
6.309573e-09 4.300356e-02
6.606934e-09 4.300382e-02
6.918310e-09 4.300409e-02
7.244360e-09 4.300438e-02
7.585776e-09 4.300470e-02
7.943282e-09 4.300503e-02
8.317638e-09 4.300539e-02
8.709636e-09 4.300578e-02
9.120108e-09 4.300619e-02
9.549926e-09 4.300663e-02
1.000000e-08 4.300710e-02
1.047129e-08 4.300761e-02
1.096478e-08 4.300816e-02
1.148154e-08 4.300874e-02
1.202264e-08 4.300936e-02
1.258925e-08 4.301003e-02
1.318257e-08 4.301075e-02
1.380384e-08 4.301152e-02
1.445440e-08 4.301234e-02
1.513561e-08 4.301322e-02
1.584893e-08 4.301416e-02
1.659587e-08 4.301517e-02
1.737801e-08 4.301626e-02
1.819701e-08 4.301742e-02
1.905461e-08 4.301866e-02
1.995262e-08 4.301999e-02
2.089296e-08 4.302142e-02
2.187762e-08 4.302294e-02
2.290868e-08 4.302458e-02
2.398833e-08 4.302633e-02
2.511886e-08 4.302821e-02
2.630268e-08 4.303022e-02
2.754229e-08 4.303237e-02
2.884032e-08 4.303468e-02
3.019952e-08 4.303715e-02
3.162278e-08 4.303979e-02
3.311311e-08 4.304262e-02
3.467369e-08 4.304565e-02
3.630781e-08 4.304890e-02
3.801894e-08 4.305237e-02
3.981072e-08 4.305609e-02
4.168694e-08 4.306007e-02
4.365158e-08 4.306434e-02
4.570882e-08 4.306890e-02
4.786301e-08 4.307378e-02
5.011872e-08 4.307901e-02
5.248075e-08 4.308460e-02
5.495409e-08 4.309059e-02
5.754399e-08 4.309699e-02
6.025596e-08 4.310384e-02
6.309573e-08 4.311116e-02
6.606934e-08 4.311900e-02
6.918310e-08 4.312737e-02
7.244360e-08 4.313633e-02
7.585776e-08 4.314591e-02
7.943282e-08 4.315615e-02
8.317638e-08 4.316709e-02
8.709636e-08 4.317878e-02
9.120108e-08 4.319127e-02
9.549926e-08 4.320460e-02
1.000000e-07 4.321885e-02
1.047129e-07 4.323405e-02
1.096478e-07 4.325028e-02
1.148154e-07 4.326760e-02
1.202264e-07 4.328608e-02
1.258925e-07 4.330578e-02
1.318257e-07 4.332678e-02
1.380384e-07 4.334916e-02
1.445440e-07 4.337301e-02
1.513561e-07 4.339840e-02
1.584893e-07 4.342542e-02
1.659587e-07 4.345418e-02
1.737801e-07 4.348476e-02
1.819701e-07 4.351726e-02
1.905461e-07 4.355180e-02
1.995262e-07 4.358846e-02
2.089296e-07 4.362737e-02
2.187762e-07 4.366864e-02
2.290868e-07 4.371237e-02
2.398833e-07 4.375868e-02
2.511886e-07 4.380769e-02
2.630268e-07 4.385952e-02
2.754229e-07 4.391428e-02
2.884032e-07 4.397209e-02
3.019952e-07 4.403306e-02
3.162278e-07 4.409730e-02
3.311311e-07 4.416493e-02
3.467369e-07 4.423605e-02
3.630781e-07 4.431076e-02
3.801894e-07 4.438914e-02
3.981072e-07 4.447128e-02
4.168694e-07 4.455726e-02
4.365158e-07 4.464715e-02
4.570882e-07 4.474098e-02
4.786301e-07 4.483881e-02
5.011872e-07 4.494066e-02
5.248075e-07 4.504653e-02
5.495409e-07 4.515642e-02
5.754399e-07 4.527031e-02
6.025596e-07 4.538815e-02
6.309573e-07 4.550989e-02
6.606934e-07 4.563544e-02
6.918310e-07 4.576470e-02
7.244360e-07 4.589756e-02
7.585776e-07 4.603387e-02
7.943282e-07 4.617349e-02
8.317638e-07 4.631622e-02
8.709636e-07 4.646189e-02
9.120108e-07 4.661029e-02
9.549926e-07 4.676118e-02
1.000000e-06 4.691435e-02
1.047129e-06 4.706953e-02
1.096478e-06 4.722647e-02
1.148154e-06 4.738492e-02
1.202264e-06 4.754459e-02
1.258925e-06 4.770523e-02
1.318257e-06 4.786655e-02
1.380384e-06 4.802828e-02
1.445440e-06 4.819016e-02
1.513561e-06 4.835191e-02
1.584893e-06 4.851329e-02
1.659587e-06 4.867403e-02
1.737801e-06 4.883390e-02
1.819701e-06 4.899268e-02
1.905461e-06 4.915013e-02
1.995262e-06 4.930605e-02
2.089296e-06 4.946026e-02
2.187762e-06 4.961257e-02
2.290868e-06 4.976282e-02
2.398833e-06 4.991085e-02
2.511886e-06 5.005654e-02
2.630268e-06 5.019976e-02
2.754229e-06 5.034040e-02
2.884032e-06 5.047837e-02
3.019952e-06 5.061359e-02
3.162278e-06 5.074600e-02
3.311311e-06 5.087553e-02
3.467369e-06 5.100215e-02
3.630781e-06 5.112582e-02
3.801894e-06 5.124651e-02
3.981072e-06 5.136423e-02
4.168694e-06 5.147895e-02
4.365158e-06 5.159069e-02
4.570882e-06 5.169946e-02
4.786301e-06 5.180528e-02
5.011872e-06 5.190817e-02
5.248075e-06 5.200817e-02
5.495409e-06 5.210530e-02
5.754399e-06 5.219961e-02
6.025596e-06 5.229114e-02
6.309573e-06 5.237994e-02
6.606934e-06 5.246606e-02
6.918310e-06 5.254955e-02
7.244360e-06 5.263047e-02
7.585776e-06 5.270888e-02
7.943282e-06 5.278482e-02
8.317638e-06 5.285837e-02
8.709636e-06 5.292958e-02
9.120108e-06 5.299850e-02
9.549926e-06 5.306521e-02
1.000000e-05 5.312976e-02
1.047129e-05 5.319222e-02
1.096478e-05 5.325264e-02
1.148154e-05 5.331108e-02
1.202264e-05 5.336760e-02
1.258925e-05 5.342227e-02
1.318257e-05 5.347514e-02
1.380384e-05 5.352627e-02
1.445440e-05 5.357571e-02
1.513561e-05 5.362352e-02
1.584893e-05 5.366975e-02
1.659587e-05 5.371447e-02
1.737801e-05 5.375771e-02
1.819701e-05 5.379954e-02
1.905461e-05 5.384000e-02
1.995262e-05 5.387914e-02
2.089296e-05 5.391702e-02
2.187762e-05 5.395366e-02
2.290868e-05 5.398913e-02
2.398833e-05 5.402347e-02
2.511886e-05 5.405672e-02
2.630268e-05 5.408892e-02
2.754229e-05 5.412012e-02
2.884032e-05 5.415035e-02
3.019952e-05 5.417966e-02
3.162278e-05 5.420808e-02
3.311311e-05 5.423565e-02
3.467369e-05 5.426240e-02
3.630781e-05 5.428838e-02
3.801894e-05 5.431362e-02
3.981072e-05 5.433814e-02
4.168694e-05 5.436199e-02
4.365158e-05 5.438519e-02
4.570882e-05 5.440778e-02
4.786301e-05 5.442978e-02
5.011872e-05 5.445123e-02
5.248075e-05 5.447216e-02
5.495409e-05 5.449258e-02
5.754399e-05 5.451254e-02
6.025596e-05 5.453206e-02
6.309573e-05 5.455116e-02
6.606934e-05 5.456987e-02
6.918310e-05 5.458822e-02
7.244360e-05 5.460622e-02
7.585776e-05 5.462391e-02
7.943282e-05 5.464131e-02
8.317638e-05 5.465844e-02
8.709636e-05 5.467533e-02
9.120108e-05 5.469199e-02
9.549926e-05 5.470845e-02
1.000000e-04 5.472474e-02
1.047129e-04 5.474086e-02
1.096478e-04 5.475686e-02
1.148154e-04 5.477274e-02
1.202264e-04 5.478852e-02
1.258925e-04 5.480424e-02
1.318257e-04 5.481990e-02
1.380384e-04 5.483554e-02
1.445440e-04 5.485116e-02
1.513561e-04 5.486680e-02
1.584893e-04 5.488247e-02
1.659587e-04 5.489818e-02
1.737801e-04 5.491397e-02
1.819701e-04 5.492986e-02
1.905461e-04 5.494585e-02
1.995262e-04 5.496198e-02
2.089296e-04 5.497827e-02
2.187762e-04 5.499473e-02
2.290868e-04 5.501138e-02
2.398833e-04 5.502826e-02
2.511886e-04 5.504537e-02
2.630268e-04 5.506274e-02
2.754229e-04 5.508039e-02
2.884032e-04 5.509835e-02
3.019952e-04 5.511663e-02
3.162278e-04 5.513526e-02
3.311311e-04 5.515427e-02
3.467369e-04 5.517367e-02
3.630781e-04 5.519350e-02
3.801894e-04 5.521376e-02
3.981072e-04 5.523450e-02
4.168694e-04 5.525573e-02
4.365158e-04 5.527749e-02
4.570882e-04 5.529979e-02
4.786301e-04 5.532266e-02
5.011872e-04 5.534614e-02
5.248075e-04 5.537026e-02
5.495409e-04 5.539503e-02
5.754399e-04 5.542049e-02
6.025596e-04 5.544668e-02
6.309573e-04 5.547362e-02
6.606934e-04 5.550134e-02
6.918310e-04 5.552989e-02
7.244360e-04 5.555928e-02
7.585776e-04 5.558957e-02
7.943282e-04 5.562078e-02
8.317638e-04 5.565296e-02
8.709636e-04 5.568613e-02
9.120108e-04 5.572035e-02
9.549926e-04 5.575564e-02
1.000000e-03 5.579206e-02
1.047129e-03 5.582965e-02
1.096478e-03 5.586844e-02
1.148154e-03 5.590850e-02
1.202264e-03 5.594985e-02
1.258925e-03 5.599256e-02
1.318257e-03 5.603667e-02
1.380384e-03 5.608223e-02
1.445440e-03 5.612931e-02
1.513561e-03 5.617794e-02
1.584893e-03 5.622819e-02
1.659587e-03 5.628012e-02
1.737801e-03 5.633379e-02
1.819701e-03 5.638925e-02
1.905461e-03 5.644658e-02
1.995262e-03 5.650583e-02
2.089296e-03 5.656708e-02
2.187762e-03 5.663040e-02
2.290868e-03 5.669585e-02
2.398833e-03 5.676351e-02
2.511886e-03 5.683346e-02
2.630268e-03 5.690578e-02
2.754229e-03 5.698054e-02
2.884032e-03 5.705783e-02
3.019952e-03 5.713773e-02
3.162278e-03 5.722033e-02
3.311311e-03 5.730573e-02
3.467369e-03 5.739400e-02
3.630781e-03 5.748525e-02
3.801894e-03 5.757957e-02
3.981072e-03 5.767706e-02
4.168694e-03 5.777783e-02
4.365158e-03 5.788197e-02
4.570882e-03 5.798959e-02
4.786301e-03 5.810081e-02
5.011872e-03 5.821572e-02
5.248075e-03 5.833445e-02
5.495409e-03 5.845710e-02
5.754399e-03 5.858380e-02
6.025596e-03 5.871465e-02
6.309573e-03 5.884979e-02
6.606934e-03 5.898932e-02
6.918310e-03 5.913337e-02
7.244360e-03 5.928207e-02
7.585776e-03 5.943553e-02
7.943282e-03 5.959388e-02
8.317638e-03 5.975724e-02
8.709636e-03 5.992573e-02
9.120108e-03 6.009947e-02
9.549926e-03 6.027858e-02
1.000000e-02 6.046318e-02
1.047129e-02 6.065339e-02
1.096478e-02 6.084930e-02
1.148154e-02 6.105103e-02
1.202264e-02 6.125867e-02
1.258925e-02 6.147233e-02
1.318257e-02 6.169209e-02
1.380384e-02 6.191803e-02
1.445440e-02 6.215021e-02
1.513561e-02 6.238870e-02
1.584893e-02 6.263355e-02
1.659587e-02 6.288479e-02
1.737801e-02 6.314244e-02
1.819701e-02 6.340650e-02
1.905461e-02 6.367697e-02
1.995262e-02 6.395382e-02
2.089296e-02 6.423699e-02
2.187762e-02 6.452642e-02
2.290868e-02 6.482201e-02
2.398833e-02 6.512363e-02
2.511886e-02 6.543115e-02
2.630268e-02 6.574440e-02
2.754229e-02 6.606317e-02
2.884032e-02 6.638724e-02
3.019952e-02 6.671635e-02
3.162278e-02 6.705020e-02
3.311311e-02 6.738849e-02
3.467369e-02 6.773086e-02
3.630781e-02 6.807692e-02
3.801894e-02 6.842628e-02
3.981072e-02 6.877849e-02
4.168694e-02 6.913308e-02
4.365158e-02 6.948957e-02
4.570882e-02 6.984743e-02
4.786301e-02 7.020612e-02
5.011872e-02 7.056510e-02
5.248075e-02 7.092380e-02
5.495409e-02 7.128162e-02
5.754399e-02 7.163798e-02
6.025596e-02 7.199230e-02
6.309573e-02 7.234397e-02
6.606934e-02 7.269241e-02
6.918310e-02 7.303706e-02
7.244360e-02 7.337734e-02
7.585776e-02 7.371271e-02
7.943282e-02 7.404266e-02
8.317638e-02 7.436669e-02
8.709636e-02 7.468435e-02
9.120108e-02 7.499519e-02
9.549926e-02 7.529884e-02
1.000000e-01 7.559494e-02
1.047129e-01 7.588317e-02
1.096478e-01 7.616325e-02
1.148154e-01 7.643498e-02
1.202264e-01 7.669815e-02
1.258925e-01 7.695262e-02
1.318257e-01 7.719829e-02
1.380384e-01 7.743508e-02
1.445440e-01 7.766299e-02
1.513561e-01 7.788201e-02
1.584893e-01 7.809220e-02
1.659587e-01 7.829362e-02
1.737801e-01 7.848640e-02
1.819701e-01 7.867065e-02
1.905461e-01 7.884654e-02
1.995262e-01 7.901425e-02
2.089296e-01 7.917397e-02
2.187762e-01 7.932592e-02
2.290868e-01 7.947032e-02
2.398833e-01 7.960741e-02
2.511886e-01 7.973743e-02
2.630268e-01 7.986063e-02
2.754229e-01 7.997728e-02
2.884032e-01 8.008762e-02
3.019952e-01 8.019191e-02
3.162278e-01 8.029042e-02
3.311311e-01 8.038339e-02
3.467369e-01 8.047109e-02
3.630781e-01 8.055374e-02
3.801894e-01 8.063161e-02
3.981072e-01 8.070492e-02
4.168694e-01 8.077390e-02
4.365158e-01 8.083877e-02
4.570882e-01 8.089976e-02
4.786301e-01 8.095707e-02
5.011872e-01 8.101089e-02
5.248075e-01 8.106142e-02
5.495409e-01 8.110884e-02
5.754399e-01 8.115333e-02
6.025596e-01 8.119505e-02
6.309573e-01 8.123417e-02
6.606934e-01 8.127083e-02
6.918310e-01 8.130519e-02
7.244360e-01 8.133737e-02
7.585776e-01 8.136751e-02
7.943282e-01 8.139574e-02
8.317638e-01 8.142216e-02
8.709636e-01 8.144688e-02
9.120108e-01 8.147002e-02
9.549926e-01 8.149167e-02
1.000000e+00 8.151192e-02
