# Models: X-axis(1) VanGenuchten(2) MualemVanGenuchten(3)
# Labels: p_c(1) s_l(2) k_rl(3)
0.000000e+00 1.000000e+00 1.000000e+00
5.000000e+05 9.989745e-01 8.471263e-01
1.000000e+06 9.966183e-01 7.537541e-01
1.500000e+06 9.932273e-01 6.776284e-01
2.000000e+06 9.889497e-01 6.123417e-01
2.500000e+06 9.838943e-01 5.550808e-01
3.000000e+06 9.781513e-01 5.042433e-01
3.500000e+06 9.718000e-01 4.587773e-01
4.000000e+06 9.649122e-01 4.179252e-01
4.500000e+06 9.575537e-01 3.811038e-01
5.000000e+06 9.497850e-01 3.478424e-01
5.500000e+06 9.416625e-01 3.177509e-01
6.000000e+06 9.332381e-01 2.904954e-01
6.500000e+06 9.245597e-01 2.657860e-01
7.000000e+06 9.156714e-01 2.433683e-01
7.500000e+06 9.066136e-01 2.230165e-01
8.000000e+06 8.974234e-01 2.045297e-01
8.500000e+06 8.881342e-01 1.877273e-01
9.000000e+06 8.787764e-01 1.724473e-01
9.500000e+06 8.693776e-01 1.585443e-01
1.000000e+07 8.599622e-01 1.458866e-01
1.050000e+07 8.505523e-01 1.343560e-01
1.100000e+07 8.411674e-01 1.238455e-01
1.150000e+07 8.318248e-01 1.142587e-01
1.200000e+07 8.225397e-01 1.055085e-01
1.250000e+07 8.133254e-01 9.751638e-02
1.300000e+07 8.041935e-01 9.021142e-02
1.350000e+07 7.951539e-01 8.352953e-02
1.400000e+07 7.862151e-01 7.741289e-02
1.450000e+07 7.773845e-01 7.180942e-02
1.500000e+07 7.686681e-01 6.667196e-02
1.550000e+07 7.600709e-01 6.195794e-02
1.600000e+07 7.515970e-01 5.762893e-02
1.650000e+07 7.432496e-01 5.365019e-02
1.700000e+07 7.350313e-01 4.999038e-02
1.750000e+07 7.269438e-01 4.662107e-02
1.800000e+07 7.189883e-01 4.351657e-02
1.850000e+07 7.111657e-01 4.065372e-02
1.900000e+07 7.034761e-01 3.801143e-02
1.950000e+07 6.959195e-01 3.557070e-02
2.000000e+07 6.884953e-01 3.331422e-02
2.050000e+07 6.812027e-01 3.122634e-02
2.100000e+07 6.740408e-01 2.929288e-02
2.150000e+07 6.670082e-01 2.750091e-02
2.200000e+07 6.601034e-01 2.583871e-02
2.250000e+07 6.533250e-01 2.429567e-02
2.300000e+07 6.466710e-01 2.286203e-02
2.350000e+07 6.401396e-01 2.152900e-02
2.400000e+07 6.337289e-01 2.028854e-02
2.450000e+07 6.274369e-01 1.913333e-02
2.500000e+07 6.212613e-01 1.805664e-02
2.550000e+07 6.152001e-01 1.705239e-02
2.600000e+07 6.092512e-01 1.611500e-02
2.650000e+07 6.034122e-01 1.523935e-02
2.700000e+07 5.976811e-01 1.442080e-02
2.750000e+07 5.920556e-01 1.365504e-02
2.800000e+07 5.865335e-01 1.293818e-02
2.850000e+07 5.811126e-01 1.226660e-02
2.900000e+07 5.757908e-01 1.163702e-02
2.950000e+07 5.705658e-01 1.104639e-02
3.000000e+07 5.654356e-01 1.049195e-02
3.050000e+07 5.603981e-01 9.971126e-03
3.100000e+07 5.554512e-01 9.481560e-03
3.150000e+07 5.505928e-01 9.021073e-03
3.200000e+07 5.458209e-01 8.587664e-03
3.250000e+07 5.411336e-01 8.179491e-03
3.300000e+07 5.365290e-01 7.794850e-03
3.350000e+07 5.320052e-01 7.432166e-03
3.400000e+07 5.275602e-01 7.089968e-03
3.450000e+07 5.231924e-01 6.766927e-03
3.500000e+07 5.188999e-01 6.461785e-03
3.550000e+07 5.146809e-01 6.173382e-03
3.600000e+07 5.105339e-01 5.900659e-03
3.650000e+07 5.064571e-01 5.642614e-03
3.700000e+07 5.024490e-01 5.398330e-03
3.750000e+07 4.985079e-01 5.166944e-03
3.800000e+07 4.946323e-01 4.947663e-03
3.850000e+07 4.908208e-01 4.739749e-03
3.900000e+07 4.870718e-01 4.542508e-03
3.950000e+07 4.833840e-01 4.355304e-03
4.000000e+07 4.797559e-01 4.177534e-03
4.050000e+07 4.761863e-01 4.008647e-03
4.100000e+07 4.726737e-01 3.848116e-03
4.150000e+07 4.692169e-01 3.695458e-03
4.200000e+07 4.658147e-01 3.550224e-03
4.250000e+07 4.624659e-01 3.411989e-03
4.300000e+07 4.591692e-01 3.280354e-03
4.350000e+07 4.559234e-01 3.154947e-03
4.400000e+07 4.527276e-01 3.035429e-03
4.450000e+07 4.495805e-01 2.921468e-03
4.500000e+07 4.464812e-01 2.812766e-03
4.550000e+07 4.434285e-01 2.709033e-03
4.600000e+07 4.404215e-01 2.610003e-03
4.650000e+07 4.374591e-01 2.515423e-03
4.700000e+07 4.345405e-01 2.425062e-03
4.750000e+07 4.316647e-01 2.338697e-03
4.800000e+07 4.288307e-01 2.256115e-03
4.850000e+07 4.260378e-01 2.177128e-03
4.900000e+07 4.232849e-01 2.101544e-03
4.950000e+07 4.205714e-01 2.029197e-03
5.000000e+07 4.178963e-01 1.959918e-03
5.050000e+07 4.152589e-01 1.893556e-03
5.100000e+07 4.126583e-01 1.829963e-03
5.150000e+07 4.100939e-01 1.769007e-03
5.200000e+07 4.075650e-01 1.710559e-03
5.250000e+07 4.050707e-01 1.654492e-03
5.300000e+07 4.026103e-01 1.600694e-03
5.350000e+07 4.001833e-01 1.549057e-03
5.400000e+07 3.977889e-01 1.499479e-03
5.450000e+07 3.954265e-01 1.451861e-03
5.500000e+07 3.930954e-01 1.406111e-03
5.550000e+07 3.907951e-01 1.362145e-03
5.600000e+07 3.885249e-01 1.319878e-03
5.650000e+07 3.862843e-01 1.279235e-03
5.700000e+07 3.840726e-01 1.240138e-03
5.750000e+07 3.818894e-01 1.202522e-03
5.800000e+07 3.797340e-01 1.166316e-03
5.850000e+07 3.776060e-01 1.131461e-03
5.900000e+07 3.755048e-01 1.097896e-03
5.950000e+07 3.734299e-01 1.065563e-03
6.000000e+07 3.713808e-01 1.034410e-03
6.050000e+07 3.693571e-01 1.004385e-03
6.100000e+07 3.673583e-01 9.754414e-04
6.150000e+07 3.653839e-01 9.475310e-04
6.200000e+07 3.634335e-01 9.206110e-04
6.250000e+07 3.615066e-01 8.946390e-04
6.300000e+07 3.596028e-01 8.695755e-04
6.350000e+07 3.577217e-01 8.453831e-04
6.400000e+07 3.558629e-01 8.220259e-04
6.450000e+07 3.540260e-01 7.994696e-04
6.500000e+07 3.522106e-01 7.776814e-04
6.550000e+07 3.504163e-01 7.566301e-04
6.600000e+07 3.486427e-01 7.362856e-04
6.650000e+07 3.468896e-01 7.166216e-04
6.700000e+07 3.451565e-01 6.976094e-04
6.750000e+07 3.434430e-01 6.792228e-04
6.800000e+07 3.417489e-01 6.614387e-04
6.850000e+07 3.400739e-01 6.442339e-04
6.900000e+07 3.384175e-01 6.275842e-04
6.950000e+07 3.367795e-01 6.114695e-04
7.000000e+07 3.351596e-01 5.958694e-04
7.050000e+07 3.335575e-01 5.807644e-04
7.100000e+07 3.319728e-01 5.661348e-04
7.150000e+07 3.304053e-01 5.519635e-04
7.200000e+07 3.288548e-01 5.382343e-04
7.250000e+07 3.273208e-01 5.249288e-04
7.300000e+07 3.258032e-01 5.120328e-04
7.350000e+07 3.243017e-01 4.995311e-04
7.400000e+07 3.228160e-01 4.874089e-04
7.450000e+07 3.213459e-01 4.756530e-04
7.500000e+07 3.198911e-01 4.642498e-04
7.550000e+07 3.184514e-01 4.531870e-04
7.600000e+07 3.170266e-01 4.424528e-04
7.650000e+07 3.156163e-01 4.320344e-04
7.700000e+07 3.142205e-01 4.219222e-04
7.750000e+07 3.128388e-01 4.121044e-04
7.800000e+07 3.114710e-01 4.025708e-04
7.850000e+07 3.101170e-01 3.933125e-04
7.900000e+07 3.087765e-01 3.843192e-04
7.950000e+07 3.074493e-01 3.755822e-04
8.000000e+07 3.061352e-01 3.670925e-04
8.050000e+07 3.048340e-01 3.588419e-04
8.100000e+07 3.035455e-01 3.508224e-04
8.150000e+07 3.022696e-01 3.430266e-04
8.200000e+07 3.010060e-01 3.354466e-04
8.250000e+07 2.997545e-01 3.280750e-04
8.300000e+07 2.985151e-01 3.209061e-04
8.350000e+07 2.972874e-01 3.139320e-04
8.400000e+07 2.960714e-01 3.071472e-04
8.450000e+07 2.948668e-01 3.005450e-04
8.500000e+07 2.936735e-01 2.941198e-04
8.550000e+07 2.924913e-01 2.878658e-04
8.600000e+07 2.913202e-01 2.817783e-04
8.650000e+07 2.901598e-01 2.758508e-04
8.700000e+07 2.890101e-01 2.700790e-04
8.750000e+07 2.878709e-01 2.644579e-04
8.800000e+07 2.867421e-01 2.589829e-04
8.850000e+07 2.856235e-01 2.536493e-04
8.900000e+07 2.845150e-01 2.484529e-04
8.950000e+07 2.834164e-01 2.433891e-04
9.000000e+07 2.823277e-01 2.384547e-04
9.050000e+07 2.812486e-01 2.336448e-04
9.100000e+07 2.801790e-01 2.289559e-04
9.150000e+07 2.791188e-01 2.243845e-04
9.200000e+07 2.780679e-01 2.199271e-04
9.250000e+07 2.770262e-01 2.155804e-04
9.300000e+07 2.759935e-01 2.113410e-04
9.350000e+07 2.749697e-01 2.072056e-04
9.400000e+07 2.739547e-01 2.031713e-04
9.450000e+07 2.729484e-01 1.992352e-04
9.500000e+07 2.719506e-01 1.953942e-04
9.550000e+07 2.709613e-01 1.916458e-04
9.600000e+07 2.699803e-01 1.879872e-04
9.650000e+07 2.690076e-01 1.844161e-04
9.700000e+07 2.680430e-01 1.809296e-04
9.750000e+07 2.670864e-01 1.775255e-04
9.800000e+07 2.661377e-01 1.742013e-04
9.850000e+07 2.651968e-01 1.709549e-04
9.900000e+07 2.642637e-01 1.677843e-04
9.950000e+07 2.633381e-01 1.646869e-04
1.000000e+08 2.624201e-01 1.616612e-04
1.005000e+08 2.615095e-01 1.587049e-04
1.010000e+08 2.606063e-01 1.558164e-04
1.015000e+08 2.597103e-01 1.529935e-04
1.020000e+08 2.588214e-01 1.502344e-04
1.025000e+08 2.579396e-01 1.475376e-04
1.030000e+08 2.570648e-01 1.449013e-04
1.035000e+08 2.561969e-01 1.423240e-04
1.040000e+08 2.553358e-01 1.398041e-04
1.045000e+08 2.544814e-01 1.373398e-04
1.050000e+08 2.536337e-01 1.349300e-04
1.055000e+08 2.527926e-01 1.325732e-04
1.060000e+08 2.519579e-01 1.302677e-04
1.065000e+08 2.511296e-01 1.280123e-04
1.070000e+08 2.503077e-01 1.258059e-04
1.075000e+08 2.494920e-01 1.236469e-04
1.080000e+08 2.486825e-01 1.215344e-04
1.085000e+08 2.478791e-01 1.194669e-04
1.090000e+08 2.470818e-01 1.174436e-04
1.095000e+08 2.462904e-01 1.154631e-04
1.100000e+08 2.455049e-01 1.135243e-04
1.105000e+08 2.447253e-01 1.116264e-04
1.110000e+08 2.439514e-01 1.097681e-04
1.115000e+08 2.431833e-01 1.079487e-04
1.120000e+08 2.424207e-01 1.061668e-04
1.125000e+08 2.416638e-01 1.044219e-04
1.130000e+08 2.409123e-01 1.027128e-04
1.135000e+08 2.401663e-01 1.010387e-04
1.140000e+08 2.394257e-01 9.939891e-05
1.145000e+08 2.386904e-01 9.779234e-05
1.150000e+08 2.379603e-01 9.621814e-05
1.155000e+08 2.372355e-01 9.467586e-05
1.160000e+08 2.365158e-01 9.316444e-05
1.165000e+08 2.358012e-01 9.168325e-05
1.170000e+08 2.350916e-01 9.023147e-05
1.175000e+08 2.343871e-01 8.880872e-05
1.180000e+08 2.336874e-01 8.741381e-05
1.185000e+08 2.329926e-01 8.604640e-05
1.190000e+08 2.323027e-01 8.470592e-05
1.195000e+08 2.316175e-01 8.339148e-05
1.200000e+08 2.309370e-01 8.210254e-05
1.205000e+08 2.302612e-01 8.083863e-05
1.210000e+08 2.295900e-01 7.959905e-05
1.215000e+08 2.289234e-01 7.838334e-05
1.220000e+08 2.282613e-01 7.719086e-05
1.225000e+08 2.276037e-01 7.602115e-05
1.230000e+08 2.269505e-01 7.487361e-05
1.235000e+08 2.263016e-01 7.374763e-05
1.240000e+08 2.256572e-01 7.264315e-05
1.245000e+08 2.250170e-01 7.155925e-05
1.250000e+08 2.243810e-01 7.049554e-05
1.255000e+08 2.237492e-01 6.945164e-05
1.260000e+08 2.231216e-01 6.842718e-05
1.265000e+08 2.224981e-01 6.742164e-05
1.270000e+08 2.218787e-01 6.643465e-05
1.275000e+08 2.212633e-01 6.546572e-05
1.280000e+08 2.206520e-01 6.451468e-05
1.285000e+08 2.200445e-01 6.358072e-05
1.290000e+08 2.194410e-01 6.266384e-05
1.295000e+08 2.188413e-01 6.176343e-05
1.300000e+08 2.182455e-01 6.087933e-05
1.305000e+08 2.176535e-01 6.001111e-05
1.310000e+08 2.170652e-01 5.915832e-05
1.315000e+08 2.164806e-01 5.832070e-05
1.320000e+08 2.158997e-01 5.749797e-05
1.325000e+08 2.153225e-01 5.668986e-05
1.330000e+08 2.147489e-01 5.589597e-05
1.335000e+08 2.141789e-01 5.511606e-05
1.340000e+08 2.136124e-01 5.434973e-05
1.345000e+08 2.130494e-01 5.359676e-05
1.350000e+08 2.124899e-01 5.285689e-05
1.355000e+08 2.119338e-01 5.212979e-05
1.360000e+08 2.113811e-01 5.141521e-05
1.365000e+08 2.108318e-01 5.071295e-05
1.370000e+08 2.102859e-01 5.002279e-05
1.375000e+08 2.097432e-01 4.934427e-05
1.380000e+08 2.092039e-01 4.867744e-05
1.385000e+08 2.086677e-01 4.802173e-05
1.390000e+08 2.081348e-01 4.737720e-05
1.395000e+08 2.076051e-01 4.674352e-05
1.400000e+08 2.070786e-01 4.612053e-05
1.405000e+08 2.065552e-01 4.550792e-05
1.410000e+08 2.060348e-01 4.490540e-05
1.415000e+08 2.055176e-01 4.431303e-05
1.420000e+08 2.050034e-01 4.373042e-05
1.425000e+08 2.044922e-01 4.315740e-05
1.430000e+08 2.039840e-01 4.259381e-05
1.435000e+08 2.034788e-01 4.203949e-05
1.440000e+08 2.029764e-01 4.149409e-05
1.445000e+08 2.024770e-01 4.095765e-05
1.450000e+08 2.019805e-01 4.042994e-05
1.455000e+08 2.014869e-01 3.991080e-05
1.460000e+08 2.009960e-01 3.939990e-05
1.465000e+08 2.005080e-01 3.889730e-05
1.470000e+08 2.000227e-01 3.840266e-05
1.475000e+08 1.995402e-01 3.791596e-05
1.480000e+08 1.990605e-01 3.743707e-05
1.485000e+08 1.985834e-01 3.696567e-05
1.490000e+08 1.981090e-01 3.650173e-05
1.495000e+08 1.976373e-01 3.604514e-05
1.500000e+08 1.971682e-01 3.559568e-05
1.505000e+08 1.967017e-01 3.515324e-05
1.510000e+08 1.962378e-01 3.471771e-05
1.515000e+08 1.957765e-01 3.428899e-05
1.520000e+08 1.953177e-01 3.386687e-05
1.525000e+08 1.948615e-01 3.345134e-05
1.530000e+08 1.944077e-01 3.304212e-05
1.535000e+08 1.939565e-01 3.263928e-05
1.540000e+08 1.935076e-01 3.224248e-05
1.545000e+08 1.930613e-01 3.185186e-05
1.550000e+08 1.926173e-01 3.146709e-05
1.555000e+08 1.921757e-01 3.108815e-05
1.560000e+08 1.917366e-01 3.071505e-05
1.565000e+08 1.912997e-01 3.034743e-05
1.570000e+08 1.908652e-01 2.998540e-05
1.575000e+08 1.904331e-01 2.962885e-05
1.580000e+08 1.900032e-01 2.927754e-05
1.585000e+08 1.895756e-01 2.893148e-05
1.590000e+08 1.891503e-01 2.859058e-05
1.595000e+08 1.887272e-01 2.825470e-05
1.600000e+08 1.883063e-01 2.792375e-05
1.605000e+08 1.878876e-01 2.759767e-05
1.610000e+08 1.874711e-01 2.727637e-05
1.615000e+08 1.870568e-01 2.695980e-05
1.620000e+08 1.866447e-01 2.664787e-05
1.625000e+08 1.862346e-01 2.634038e-05
1.630000e+08 1.858267e-01 2.603740e-05
1.635000e+08 1.854209e-01 2.573880e-05
1.640000e+08 1.850172e-01 2.544451e-05
1.645000e+08 1.846155e-01 2.515440e-05
1.650000e+08 1.842159e-01 2.486848e-05
1.655000e+08 1.838183e-01 2.458662e-05
1.660000e+08 1.834227e-01 2.430876e-05
1.665000e+08 1.830292e-01 2.403491e-05
1.670000e+08 1.826376e-01 2.376487e-05
1.675000e+08 1.822480e-01 2.349867e-05
1.680000e+08 1.818603e-01 2.323617e-05
1.685000e+08 1.814746e-01 2.297740e-05
1.690000e+08 1.810908e-01 2.272223e-05
1.695000e+08 1.807089e-01 2.247062e-05
1.700000e+08 1.803289e-01 2.222251e-05
1.705000e+08 1.799508e-01 2.197785e-05
1.710000e+08 1.795745e-01 2.173653e-05
1.715000e+08 1.792001e-01 2.149858e-05
1.720000e+08 1.788276e-01 2.126393e-05
1.725000e+08 1.784568e-01 2.103243e-05
1.730000e+08 1.780879e-01 2.080415e-05
1.735000e+08 1.777208e-01 2.057899e-05
1.740000e+08 1.773554e-01 2.035684e-05
1.745000e+08 1.769918e-01 2.013772e-05
1.750000e+08 1.766299e-01 1.992153e-05
1.755000e+08 1.762698e-01 1.970829e-05
1.760000e+08 1.759115e-01 1.949796e-05
1.765000e+08 1.755548e-01 1.929039e-05
1.770000e+08 1.751998e-01 1.908559e-05
1.775000e+08 1.748466e-01 1.888359e-05
1.780000e+08 1.744950e-01 1.868422e-05
1.785000e+08 1.741450e-01 1.848747e-05
1.790000e+08 1.737968e-01 1.829340e-05
1.795000e+08 1.734501e-01 1.810182e-05
1.800000e+08 1.731051e-01 1.791280e-05
1.805000e+08 1.727617e-01 1.772624e-05
1.810000e+08 1.724199e-01 1.754213e-05
1.815000e+08 1.720797e-01 1.736043e-05
1.820000e+08 1.717411e-01 1.718109e-05
1.825000e+08 1.714040e-01 1.700406e-05
1.830000e+08 1.710685e-01 1.682933e-05
1.835000e+08 1.707345e-01 1.665684e-05
1.840000e+08 1.704021e-01 1.648660e-05
1.845000e+08 1.700712e-01 1.631854e-05
1.850000e+08 1.697418e-01 1.615262e-05
1.855000e+08 1.694140e-01 1.598887e-05
1.860000e+08 1.690876e-01 1.582717e-05
1.865000e+08 1.687626e-01 1.566747e-05
1.870000e+08 1.684392e-01 1.550987e-05
1.875000e+08 1.681172e-01 1.535423e-05
1.880000e+08 1.677967e-01 1.520058e-05
1.885000e+08 1.674776e-01 1.504884e-05
1.890000e+08 1.671599e-01 1.489899e-05
1.895000e+08 1.668437e-01 1.475105e-05
1.900000e+08 1.665288e-01 1.460491e-05
1.905000e+08 1.662154e-01 1.446063e-05
1.910000e+08 1.659034e-01 1.431815e-05
1.915000e+08 1.655927e-01 1.417740e-05
1.920000e+08 1.652834e-01 1.403841e-05
1.925000e+08 1.649754e-01 1.390109e-05
1.930000e+08 1.646689e-01 1.376553e-05
1.935000e+08 1.643636e-01 1.363157e-05
1.940000e+08 1.640597e-01 1.349928e-05
1.945000e+08 1.637571e-01 1.336859e-05
1.950000e+08 1.634558e-01 1.323948e-05
1.955000e+08 1.631559e-01 1.311199e-05
1.960000e+08 1.628572e-01 1.298599e-05
1.965000e+08 1.625598e-01 1.286152e-05
1.970000e+08 1.622637e-01 1.273856e-05
1.975000e+08 1.619689e-01 1.261709e-05
1.980000e+08 1.616753e-01 1.249705e-05
1.985000e+08 1.613830e-01 1.237846e-05
1.990000e+08 1.610919e-01 1.226127e-05
1.995000e+08 1.608021e-01 1.214550e-05
2.000000e+08 1.605135e-01 1.203109e-05
