0.000000000000000000e+00 5.200000000000000000e+02
3.615062761506276274e+02 5.200000000000000000e+02
7.230125523012552549e+02 5.200000000000000000e+02
1.084518828451882882e+03 5.200000000000000000e+02
1.446025104602510510e+03 5.200000000000000000e+02
1.807531380753138137e+03 5.200000000000000000e+02
2.169037656903765765e+03 5.200000000000000000e+02
2.530543933054393165e+03 5.200000000000000000e+02
2.892050209205021019e+03 5.200000000000000000e+02
3.253556485355648874e+03 5.200000000000000000e+02
3.615062761506276274e+03 5.200000000000000000e+02
3.976569037656903674e+03 5.200000000000000000e+02
4.338075313807531529e+03 5.200000000000000000e+02
4.699581589958159384e+03 5.200000000000000000e+02
5.061087866108786329e+03 5.200000000000000000e+02
5.422594142259414184e+03 5.200000000000000000e+02
5.784100418410042039e+03 5.200000000000000000e+02
6.145606694560669894e+03 5.200000000000000000e+02
6.507112970711297748e+03 5.200000000000000000e+02
6.868619246861924694e+03 5.200000000000000000e+02
7.230125523012552549e+03 5.200000000000000000e+02
7.591631799163180403e+03 5.200000000000000000e+02
7.953138075313807349e+03 5.200000000000000000e+02
8.314644351464436113e+03 5.250427307641755306e+02
8.676150627615063058e+03 6.768662757680302775e+02
9.037656903765690004e+03 8.259021597236267098e+02
9.399163179916318768e+03 9.719972122950306357e+02
9.760669456066945713e+03 1.115088927281678025e+03
1.012217573221757266e+04 1.255170894136870174e+03
1.048368200836820142e+04 1.392272810877991333e+03
1.084518828451882837e+04 1.526447955365063990e+03
1.120669456066945713e+04 1.657764916864885436e+03
1.156820083682008408e+04 1.786301958314331387e+03
1.192970711297071102e+04 1.912143091545389552e+03
1.229121338912133979e+04 2.035375312548386773e+03
1.265271966527196673e+04 2.156086644257488842e+03
1.301422594142259550e+04 2.274364752530715123e+03
1.337573221757322244e+04 2.390295974818856394e+03
1.373723849372384939e+04 2.503964649018623732e+03
1.409874476987447815e+04 2.615452661655030170e+03
1.446025104602510510e+04 2.724839157560327294e+03
1.482175732217573204e+04 2.832200367589819507e+03
1.518326359832636081e+04 2.937609523553353938e+03
1.554476987447698775e+04 3.041136836202008453e+03
1.590627615062761470e+04 3.142849519041448275e+03
1.626778242677824346e+04 3.242811844824872423e+03
1.662928870292887223e+04 3.341085224796564489e+03
1.699079497907949917e+04 3.437728303291149132e+03
1.735230125523012612e+04 3.532797062132629890e+03
1.771380753138075306e+04 3.626344930734555874e+03
1.807531380753138001e+04 3.718422898879671720e+03
1.843682008368201059e+04 3.809079629835352080e+03
1.879832635983263754e+04 3.898361571862545588e+03
1.915983263598326448e+04 3.986313067893780044e+03
1.952133891213389143e+04 4.072976461149410625e+03
1.988284518828451837e+04 4.158392197623890752e+03
2.024435146443514532e+04 4.242598923643126909e+03
2.060585774058577590e+04 4.325633579794836805e+03
2.096736401673640285e+04 4.407531489712731855e+03
2.132887029288702979e+04 4.488326444716521110e+03
2.169037656903765674e+04 4.548218353326815304e+03
2.205188284518828368e+04 4.548218353326815304e+03
2.241338912133891426e+04 4.548218353326815304e+03
2.277489539748954121e+04 4.548218353326815304e+03
2.313640167364016816e+04 4.548218353326815304e+03
2.349790794979079510e+04 4.548218353326815304e+03
2.385941422594142205e+04 4.548218353326815304e+03
2.422092050209205263e+04 4.548218353326815304e+03
2.458242677824267957e+04 4.548218353326815304e+03
2.494393305439330652e+04 4.548218353326815304e+03
2.530543933054393347e+04 4.548218353326815304e+03
2.566694560669456041e+04 4.548218353326815304e+03
2.602845188284519099e+04 4.548218353326815304e+03
2.638995815899581794e+04 4.548218353326815304e+03
2.675146443514644488e+04 4.548218353326815304e+03
2.711297071129707183e+04 4.548218353326815304e+03
2.747447698744769878e+04 4.548218353326815304e+03
2.783598326359832572e+04 4.548218353326815304e+03
2.819748953974895630e+04 4.548218353326815304e+03
2.855899581589958325e+04 4.548218353326815304e+03
2.892050209205021019e+04 4.548218353326815304e+03
2.928200836820083714e+04 4.548218353326815304e+03
2.964351464435146409e+04 4.548218353326815304e+03
3.000502092050209467e+04 4.548218353326815304e+03
3.036652719665272161e+04 4.548218353326815304e+03
3.072803347280334856e+04 4.548218353326815304e+03
3.108953974895397550e+04 4.548218353326815304e+03
3.145104602510460245e+04 4.548218353326815304e+03
3.181255230125522939e+04 4.548218353326815304e+03
3.217405857740585998e+04 4.548218353326815304e+03
3.253556485355648692e+04 4.548218353326815304e+03
3.289707112970711751e+04 4.548218353326815304e+03
3.325857740585774445e+04 4.548218353326815304e+03
3.362008368200837140e+04 4.548218353326815304e+03
3.398158995815899834e+04 4.548218353326815304e+03
3.434309623430962529e+04 4.548218353326815304e+03
3.470460251046025223e+04 4.548218353326815304e+03
3.506610878661087918e+04 4.548218353326815304e+03
3.542761506276150612e+04 4.548218353326815304e+03
3.578912133891213307e+04 4.548218353326815304e+03
3.615062761506276001e+04 4.498349888489909972e+03
3.651213389121338696e+04 4.376950808479751686e+03
3.687364016736402118e+04 4.253041613647968916e+03
3.723514644351464813e+04 4.126505014910102545e+03
3.759665271966527507e+04 3.997215587859548123e+03
3.795815899581590202e+04 3.865039092224243632e+03
3.831966527196652896e+04 3.729831740796044414e+03
3.868117154811715591e+04 3.591439420714499192e+03
3.904267782426778285e+04 3.449696873962236168e+03
3.940418410041840980e+04 3.304426848922184490e+03
3.976569037656903674e+04 3.155439245884025240e+03
4.012719665271966369e+04 3.002530291141926227e+03
4.048870292887029063e+04 2.845481796152334482e+03
4.085020920502092486e+04 2.684060589318346047e+03
4.121171548117155180e+04 2.518018255175483773e+03
4.157322175732217875e+04 2.347091389042870105e+03
4.193472803347280569e+04 2.171002688091760319e+03
4.229623430962343264e+04 1.989463378569021415e+03
4.265774058577405958e+04 1.802177767699110973e+03
4.301924686192468653e+04 1.608851191665513170e+03
4.338075313807531347e+04 1.409203475236030044e+03
4.374225941422594042e+04 1.202991596532289577e+03
4.410376569037656736e+04 9.900484909939726776e+02
4.446527196652720158e+04 7.703525703995741196e+02
4.482677824267782853e+04 5.441645803906362744e+02
4.518828451882845548e+04 5.200000000000000000e+02
4.554979079497908242e+04 5.200000000000000000e+02
4.591129707112970937e+04 5.200000000000000000e+02
4.627280334728033631e+04 5.200000000000000000e+02
4.663430962343096326e+04 5.200000000000000000e+02
4.699581589958159020e+04 5.200000000000000000e+02
4.735732217573221715e+04 5.200000000000000000e+02
4.771882845188284409e+04 5.200000000000000000e+02
4.808033472803347104e+04 5.200000000000000000e+02
4.844184100418410526e+04 5.200000000000000000e+02
4.880334728033473220e+04 5.200000000000000000e+02
4.916485355648535915e+04 5.200000000000000000e+02
4.952635983263598609e+04 5.200000000000000000e+02
4.988786610878661304e+04 5.200000000000000000e+02
5.024937238493723999e+04 5.200000000000000000e+02
5.061087866108786693e+04 5.200000000000000000e+02
5.097238493723849388e+04 5.200000000000000000e+02
5.133389121338912082e+04 5.200000000000000000e+02
5.169539748953974777e+04 5.200000000000000000e+02
5.205690376569038199e+04 5.200000000000000000e+02
5.241841004184100893e+04 5.200000000000000000e+02
5.277991631799163588e+04 5.200000000000000000e+02
5.314142259414226282e+04 5.200000000000000000e+02
5.350292887029288977e+04 5.200000000000000000e+02
5.386443514644351671e+04 5.200000000000000000e+02
5.422594142259414366e+04 5.200000000000000000e+02
5.458744769874477061e+04 5.200000000000000000e+02
5.494895397489539755e+04 5.200000000000000000e+02
5.531046025104602450e+04 5.200000000000000000e+02
5.567196652719665144e+04 5.200000000000000000e+02
5.603347280334728566e+04 5.200000000000000000e+02
5.639497907949791261e+04 5.200000000000000000e+02
5.675648535564853955e+04 5.200000000000000000e+02
5.711799163179916650e+04 5.200000000000000000e+02
5.747949790794979344e+04 5.200000000000000000e+02
5.784100418410042039e+04 5.200000000000000000e+02
5.820251046025104733e+04 5.200000000000000000e+02
5.856401673640167428e+04 5.200000000000000000e+02
5.892552301255230122e+04 5.200000000000000000e+02
5.928702928870292817e+04 5.200000000000000000e+02
5.964853556485355512e+04 5.200000000000000000e+02
6.001004184100418934e+04 5.200000000000000000e+02
6.037154811715481628e+04 5.200000000000000000e+02
6.073305439330544323e+04 5.200000000000000000e+02
6.109456066945607017e+04 5.200000000000000000e+02
6.145606694560669712e+04 5.200000000000000000e+02
6.181757322175732406e+04 5.200000000000000000e+02
6.217907949790795101e+04 5.200000000000000000e+02
6.254058577405857795e+04 5.200000000000000000e+02
6.290209205020920490e+04 5.200000000000000000e+02
6.326359832635983184e+04 5.200000000000000000e+02
6.362510460251045879e+04 5.200000000000000000e+02
6.398661087866109301e+04 5.200000000000000000e+02
6.434811715481171996e+04 5.200000000000000000e+02
6.470962343096234690e+04 5.200000000000000000e+02
6.507112970711297385e+04 5.200000000000000000e+02
6.543263598326360079e+04 5.200000000000000000e+02
6.579414225941423501e+04 5.200000000000000000e+02
6.615564853556486196e+04 5.200000000000000000e+02
6.651715481171548890e+04 5.200000000000000000e+02
6.687866108786611585e+04 5.200000000000000000e+02
6.724016736401674279e+04 5.200000000000000000e+02
6.760167364016736974e+04 5.200000000000000000e+02
6.796317991631799669e+04 5.200000000000000000e+02
6.832468619246862363e+04 5.200000000000000000e+02
6.868619246861925058e+04 5.200000000000000000e+02
6.904769874476987752e+04 5.200000000000000000e+02
6.940920502092050447e+04 5.200000000000000000e+02
6.977071129707113141e+04 5.200000000000000000e+02
7.013221757322175836e+04 5.200000000000000000e+02
7.049372384937238530e+04 5.200000000000000000e+02
7.085523012552301225e+04 5.200000000000000000e+02
7.121673640167363919e+04 5.200000000000000000e+02
7.157824267782426614e+04 5.200000000000000000e+02
7.193974895397489308e+04 5.200000000000000000e+02
7.230125523012552003e+04 5.200000000000000000e+02
7.266276150627614697e+04 5.200000000000000000e+02
7.302426778242677392e+04 5.200000000000000000e+02
7.338577405857741542e+04 5.200000000000000000e+02
7.374728033472804236e+04 5.200000000000000000e+02
7.410878661087866931e+04 5.200000000000000000e+02
7.447029288702929625e+04 5.200000000000000000e+02
7.483179916317992320e+04 5.200000000000000000e+02
7.519330543933055014e+04 5.200000000000000000e+02
7.555481171548117709e+04 5.200000000000000000e+02
7.591631799163180403e+04 5.200000000000000000e+02
7.627782426778243098e+04 5.200000000000000000e+02
7.663933054393305792e+04 5.200000000000000000e+02
7.700083682008368487e+04 5.200000000000000000e+02
7.736234309623431182e+04 5.200000000000000000e+02
7.772384937238493876e+04 5.200000000000000000e+02
7.808535564853556571e+04 5.200000000000000000e+02
7.844686192468619265e+04 5.200000000000000000e+02
7.880836820083681960e+04 5.200000000000000000e+02
7.916987447698744654e+04 5.200000000000000000e+02
7.953138075313807349e+04 5.200000000000000000e+02
7.989288702928870043e+04 5.200000000000000000e+02
8.025439330543932738e+04 5.200000000000000000e+02
8.061589958158995432e+04 5.200000000000000000e+02
8.097740585774058127e+04 5.200000000000000000e+02
8.133891213389122277e+04 5.200000000000000000e+02
8.170041841004184971e+04 5.200000000000000000e+02
8.206192468619247666e+04 5.200000000000000000e+02
8.242343096234310360e+04 5.200000000000000000e+02
8.278493723849373055e+04 5.200000000000000000e+02
8.314644351464435749e+04 5.200000000000000000e+02
8.350794979079498444e+04 5.200000000000000000e+02
8.386945606694561138e+04 5.200000000000000000e+02
8.423096234309623833e+04 5.200000000000000000e+02
8.459246861924686527e+04 5.200000000000000000e+02
8.495397489539749222e+04 5.200000000000000000e+02
8.531548117154811916e+04 5.200000000000000000e+02
8.567698744769874611e+04 5.200000000000000000e+02
8.603849372384937305e+04 5.200000000000000000e+02
8.640000000000000000e+04 5.200000000000000000e+02
