0.000000000000000000e+00 2.830000000000000000e+02
3.615062761506276274e+02 2.824979079497907719e+02
7.230125523012552549e+02 2.819958158995816007e+02
1.084518828451882882e+03 2.814937238493723726e+02
1.446025104602510510e+03 2.809916317991632013e+02
1.807531380753138137e+03 2.804895397489539732e+02
2.169037656903765765e+03 2.799874476987447451e+02
2.530543933054393165e+03 2.794853556485355739e+02
2.892050209205021019e+03 2.789832635983263458e+02
3.253556485355648874e+03 2.784811715481171746e+02
3.615062761506276274e+03 2.779790794979079465e+02
3.976569037656903674e+03 2.774769874476987184e+02
4.338075313807531529e+03 2.769748953974895471e+02
4.699581589958159384e+03 2.764728033472803190e+02
5.061087866108786329e+03 2.759707112970711478e+02
5.422594142259414184e+03 2.754686192468619197e+02
5.784100418410042039e+03 2.749665271966526916e+02
6.145606694560669894e+03 2.744644351464435204e+02
6.507112970711297748e+03 2.739623430962342923e+02
6.868619246861924694e+03 2.734602510460251210e+02
7.230125523012552549e+03 2.729581589958158929e+02
7.591631799163180403e+03 2.724560669456067217e+02
7.953138075313807349e+03 2.719539748953974936e+02
8.314644351464436113e+03 2.714518828451882655e+02
8.676150627615063058e+03 2.709497907949790942e+02
9.037656903765690004e+03 2.704476987447698662e+02
9.399163179916318768e+03 2.699456066945606949e+02
9.760669456066945713e+03 2.694435146443514668e+02
1.012217573221757266e+04 2.689414225941422387e+02
1.048368200836820142e+04 2.684393305439330675e+02
1.084518828451882837e+04 2.679372384937238394e+02
1.120669456066945713e+04 2.674351464435146681e+02
1.156820083682008408e+04 2.669330543933054400e+02
1.192970711297071102e+04 2.664309623430962120e+02
1.229121338912133979e+04 2.659288702928870407e+02
1.265271966527196673e+04 2.654267782426778126e+02
1.301422594142259550e+04 2.649246861924686414e+02
1.337573221757322244e+04 2.644225941422594133e+02
1.373723849372384939e+04 2.639205020920501852e+02
1.409874476987447815e+04 2.634184100418410139e+02
1.446025104602510510e+04 2.629163179916317858e+02
1.482175732217573204e+04 2.624142259414226146e+02
1.518326359832636081e+04 2.619121338912133865e+02
1.554476987447698775e+04 2.614100418410041584e+02
1.590627615062761470e+04 2.609079497907949872e+02
1.626778242677824346e+04 2.604058577405857591e+02
1.662928870292887223e+04 2.599037656903765878e+02
1.699079497907949917e+04 2.594016736401673597e+02
1.735230125523012612e+04 2.588995815899581885e+02
1.771380753138075306e+04 2.583974895397489604e+02
1.807531380753138001e+04 2.578953974895397323e+02
1.843682008368201059e+04 2.573933054393305611e+02
1.879832635983263754e+04 2.568912133891213330e+02
1.915983263598326448e+04 2.563891213389121049e+02
1.952133891213389143e+04 2.558870292887029336e+02
1.988284518828451837e+04 2.553849372384937340e+02
2.024435146443514532e+04 2.548828451882845343e+02
2.060585774058577590e+04 2.543807531380753062e+02
2.096736401673640285e+04 2.538786610878661065e+02
2.132887029288702979e+04 2.533765690376569069e+02
2.169037656903765674e+04 2.530000000000000000e+02
2.205188284518828368e+04 2.530000000000000000e+02
2.241338912133891426e+04 2.530000000000000000e+02
2.277489539748954121e+04 2.530000000000000000e+02
2.313640167364016816e+04 2.530000000000000000e+02
2.349790794979079510e+04 2.530000000000000000e+02
2.385941422594142205e+04 2.530000000000000000e+02
2.422092050209205263e+04 2.530000000000000000e+02
2.458242677824267957e+04 2.530000000000000000e+02
2.494393305439330652e+04 2.530000000000000000e+02
2.530543933054393347e+04 2.530000000000000000e+02
2.566694560669456041e+04 2.530000000000000000e+02
2.602845188284519099e+04 2.530000000000000000e+02
2.638995815899581794e+04 2.530000000000000000e+02
2.675146443514644488e+04 2.530000000000000000e+02
2.711297071129707183e+04 2.530000000000000000e+02
2.747447698744769878e+04 2.530000000000000000e+02
2.783598326359832572e+04 2.530000000000000000e+02
2.819748953974895630e+04 2.530000000000000000e+02
2.855899581589958325e+04 2.530000000000000000e+02
2.892050209205021019e+04 2.530000000000000000e+02
2.928200836820083714e+04 2.530000000000000000e+02
2.964351464435146409e+04 2.530000000000000000e+02
3.000502092050209467e+04 2.530000000000000000e+02
3.036652719665272161e+04 2.530000000000000000e+02
3.072803347280334856e+04 2.530000000000000000e+02
3.108953974895397550e+04 2.530000000000000000e+02
3.145104602510460245e+04 2.530000000000000000e+02
3.181255230125522939e+04 2.530000000000000000e+02
3.217405857740585998e+04 2.530000000000000000e+02
3.253556485355648692e+04 2.530000000000000000e+02
3.289707112970711751e+04 2.530000000000000000e+02
3.325857740585774445e+04 2.530000000000000000e+02
3.362008368200837140e+04 2.530000000000000000e+02
3.398158995815899834e+04 2.530000000000000000e+02
3.434309623430962529e+04 2.530000000000000000e+02
3.470460251046025223e+04 2.530000000000000000e+02
3.506610878661087918e+04 2.530000000000000000e+02
3.542761506276150612e+04 2.530000000000000000e+02
3.578912133891213307e+04 2.530000000000000000e+02
3.615062761506276001e+04 2.533138075313807462e+02
3.651213389121338696e+04 2.540669456066945600e+02
3.687364016736402118e+04 2.548200836820083737e+02
3.723514644351464813e+04 2.555732217573221874e+02
3.759665271966527507e+04 2.563263598326360011e+02
3.795815899581590202e+04 2.570794979079498148e+02
3.831966527196652896e+04 2.578326359832636285e+02
3.868117154811715591e+04 2.585857740585773854e+02
3.904267782426778285e+04 2.593389121338911991e+02
3.940418410041840980e+04 2.600920502092050128e+02
3.976569037656903674e+04 2.608451882845188265e+02
4.012719665271966369e+04 2.615983263598326403e+02
4.048870292887029063e+04 2.623514644351464540e+02
4.085020920502092486e+04 2.631046025104602677e+02
4.121171548117155180e+04 2.638577405857740814e+02
4.157322175732217875e+04 2.646108786610878951e+02
4.193472803347280569e+04 2.653640167364017088e+02
4.229623430962343264e+04 2.661171548117154657e+02
4.265774058577405958e+04 2.668702928870292794e+02
4.301924686192468653e+04 2.676234309623430931e+02
4.338075313807531347e+04 2.683765690376569069e+02
4.374225941422594042e+04 2.691297071129707206e+02
4.410376569037656736e+04 2.698828451882845343e+02
4.446527196652720158e+04 2.706359832635983480e+02
4.482677824267782853e+04 2.713891213389121617e+02
4.518828451882845548e+04 2.721422594142259186e+02
4.554979079497908242e+04 2.728953974895397323e+02
4.591129707112970937e+04 2.736485355648535460e+02
4.627280334728033631e+04 2.744016736401673597e+02
4.663430962343096326e+04 2.751548117154811735e+02
4.699581589958159020e+04 2.759079497907949872e+02
4.735732217573221715e+04 2.766610878661088009e+02
4.771882845188284409e+04 2.774142259414226146e+02
4.808033472803347104e+04 2.781673640167363715e+02
4.844184100418410526e+04 2.789205020920502420e+02
4.880334728033473220e+04 2.796736401673640557e+02
4.916485355648535915e+04 2.804267782426778126e+02
4.952635983263598609e+04 2.811799163179916263e+02
4.988786610878661304e+04 2.819330543933054400e+02
5.024937238493723999e+04 2.826861924686192538e+02
5.061087866108786693e+04 2.830000000000000000e+02
5.097238493723849388e+04 2.830000000000000000e+02
5.133389121338912082e+04 2.830000000000000000e+02
5.169539748953974777e+04 2.830000000000000000e+02
5.205690376569038199e+04 2.830000000000000000e+02
5.241841004184100893e+04 2.830000000000000000e+02
5.277991631799163588e+04 2.830000000000000000e+02
5.314142259414226282e+04 2.830000000000000000e+02
5.350292887029288977e+04 2.830000000000000000e+02
5.386443514644351671e+04 2.830000000000000000e+02
5.422594142259414366e+04 2.830000000000000000e+02
5.458744769874477061e+04 2.830000000000000000e+02
5.494895397489539755e+04 2.830000000000000000e+02
5.531046025104602450e+04 2.830000000000000000e+02
5.567196652719665144e+04 2.830000000000000000e+02
5.603347280334728566e+04 2.830000000000000000e+02
5.639497907949791261e+04 2.830000000000000000e+02
5.675648535564853955e+04 2.830000000000000000e+02
5.711799163179916650e+04 2.830000000000000000e+02
5.747949790794979344e+04 2.830000000000000000e+02
5.784100418410042039e+04 2.830000000000000000e+02
5.820251046025104733e+04 2.830000000000000000e+02
5.856401673640167428e+04 2.830000000000000000e+02
5.892552301255230122e+04 2.830000000000000000e+02
5.928702928870292817e+04 2.830000000000000000e+02
5.964853556485355512e+04 2.830000000000000000e+02
6.001004184100418934e+04 2.830000000000000000e+02
6.037154811715481628e+04 2.830000000000000000e+02
6.073305439330544323e+04 2.830000000000000000e+02
6.109456066945607017e+04 2.830000000000000000e+02
6.145606694560669712e+04 2.830000000000000000e+02
6.181757322175732406e+04 2.830000000000000000e+02
6.217907949790795101e+04 2.830000000000000000e+02
6.254058577405857795e+04 2.830000000000000000e+02
6.290209205020920490e+04 2.830000000000000000e+02
6.326359832635983184e+04 2.830000000000000000e+02
6.362510460251045879e+04 2.830000000000000000e+02
6.398661087866109301e+04 2.830000000000000000e+02
6.434811715481171996e+04 2.830000000000000000e+02
6.470962343096234690e+04 2.830000000000000000e+02
6.507112970711297385e+04 2.830000000000000000e+02
6.543263598326360079e+04 2.830000000000000000e+02
6.579414225941423501e+04 2.830000000000000000e+02
6.615564853556486196e+04 2.830000000000000000e+02
6.651715481171548890e+04 2.830000000000000000e+02
6.687866108786611585e+04 2.830000000000000000e+02
6.724016736401674279e+04 2.830000000000000000e+02
6.760167364016736974e+04 2.830000000000000000e+02
6.796317991631799669e+04 2.830000000000000000e+02
6.832468619246862363e+04 2.830000000000000000e+02
6.868619246861925058e+04 2.830000000000000000e+02
6.904769874476987752e+04 2.830000000000000000e+02
6.940920502092050447e+04 2.830000000000000000e+02
6.977071129707113141e+04 2.830000000000000000e+02
7.013221757322175836e+04 2.830000000000000000e+02
7.049372384937238530e+04 2.830000000000000000e+02
7.085523012552301225e+04 2.830000000000000000e+02
7.121673640167363919e+04 2.830000000000000000e+02
7.157824267782426614e+04 2.830000000000000000e+02
7.193974895397489308e+04 2.830000000000000000e+02
7.230125523012552003e+04 2.830000000000000000e+02
7.266276150627614697e+04 2.830000000000000000e+02
7.302426778242677392e+04 2.830000000000000000e+02
7.338577405857741542e+04 2.830000000000000000e+02
7.374728033472804236e+04 2.830000000000000000e+02
7.410878661087866931e+04 2.830000000000000000e+02
7.447029288702929625e+04 2.830000000000000000e+02
7.483179916317992320e+04 2.830000000000000000e+02
7.519330543933055014e+04 2.830000000000000000e+02
7.555481171548117709e+04 2.830000000000000000e+02
7.591631799163180403e+04 2.830000000000000000e+02
7.627782426778243098e+04 2.830000000000000000e+02
7.663933054393305792e+04 2.830000000000000000e+02
7.700083682008368487e+04 2.830000000000000000e+02
7.736234309623431182e+04 2.830000000000000000e+02
7.772384937238493876e+04 2.830000000000000000e+02
7.808535564853556571e+04 2.830000000000000000e+02
7.844686192468619265e+04 2.830000000000000000e+02
7.880836820083681960e+04 2.830000000000000000e+02
7.916987447698744654e+04 2.830000000000000000e+02
7.953138075313807349e+04 2.830000000000000000e+02
7.989288702928870043e+04 2.830000000000000000e+02
8.025439330543932738e+04 2.830000000000000000e+02
8.061589958158995432e+04 2.830000000000000000e+02
8.097740585774058127e+04 2.830000000000000000e+02
8.133891213389122277e+04 2.830000000000000000e+02
8.170041841004184971e+04 2.830000000000000000e+02
8.206192468619247666e+04 2.830000000000000000e+02
8.242343096234310360e+04 2.830000000000000000e+02
8.278493723849373055e+04 2.830000000000000000e+02
8.314644351464435749e+04 2.830000000000000000e+02
8.350794979079498444e+04 2.830000000000000000e+02
8.386945606694561138e+04 2.830000000000000000e+02
8.423096234309623833e+04 2.830000000000000000e+02
8.459246861924686527e+04 2.830000000000000000e+02
8.495397489539749222e+04 2.830000000000000000e+02
8.531548117154811916e+04 2.830000000000000000e+02
8.567698744769874611e+04 2.830000000000000000e+02
8.603849372384937305e+04 2.830000000000000000e+02
8.640000000000000000e+04 2.830000000000000000e+02
