0.000000e+00 1.000000e+00 1.000000e+00 0.000000e+00
5.000000e+04 9.999496e-01 9.999750e-01 2.139037e-13
1.000000e+05 9.998361e-01 9.999000e-01 7.331648e-12
1.500000e+05 9.996736e-01 9.997751e-01 5.792691e-11
2.000000e+05 9.994680e-01 9.996002e-01 2.509450e-10
2.500000e+05 9.992229e-01 9.993754e-01 7.820528e-10
3.000000e+05 9.989410e-01 9.991008e-01 1.978742e-09
3.500000e+05 9.986245e-01 9.987765e-01 4.335747e-09
4.000000e+05 9.982750e-01 9.984026e-01 8.550471e-09
4.500000e+05 9.978939e-01 9.979791e-01 1.555821e-08
5.000000e+05 9.974826e-01 9.975062e-01 2.656695e-08
5.500000e+05 9.970420e-01 9.969841e-01 4.309164e-08
6.000000e+05 9.965733e-01 9.964129e-01 6.698775e-08
6.500000e+05 9.960771e-01 9.957928e-01 1.004840e-07
7.000000e+05 9.955544e-01 9.951239e-01 1.462141e-07
7.500000e+05 9.950059e-01 9.944065e-01 2.072477e-07
8.000000e+05 9.944323e-01 9.936407e-01 2.871198e-07
8.500000e+05 9.938343e-01 9.928268e-01 3.898595e-07
9.000000e+05 9.932124e-01 9.919651e-01 5.200172e-07
9.500000e+05 9.925672e-01 9.910557e-01 6.826901e-07
1.000000e+06 9.918994e-01 9.900990e-01 8.835474e-07
1.050000e+06 9.912093e-01 9.890952e-01 1.128853e-06
1.100000e+06 9.904976e-01 9.880447e-01 1.425486e-06
1.150000e+06 9.897648e-01 9.869476e-01 1.780965e-06
1.200000e+06 9.890112e-01 9.858044e-01 2.203461e-06
1.250000e+06 9.882373e-01 9.846154e-01 2.701818e-06
1.300000e+06 9.874437e-01 9.833809e-01 3.285568e-06
1.350000e+06 9.866306e-01 9.821012e-01 3.964947e-06
1.400000e+06 9.857986e-01 9.807768e-01 4.750901e-06
1.450000e+06 9.849480e-01 9.794079e-01 5.655105e-06
1.500000e+06 9.840793e-01 9.779951e-01 6.689966e-06
1.550000e+06 9.831927e-01 9.765387e-01 7.868635e-06
1.600000e+06 9.822887e-01 9.750390e-01 9.205009e-06
1.650000e+06 9.813676e-01 9.734966e-01 1.071374e-05
1.700000e+06 9.804299e-01 9.719118e-01 1.241023e-05
1.750000e+06 9.794758e-01 9.702850e-01 1.431066e-05
1.800000e+06 9.785057e-01 9.686168e-01 1.643193e-05
1.850000e+06 9.775199e-01 9.669076e-01 1.879173e-05
1.900000e+06 9.765188e-01 9.651578e-01 2.140848e-05
1.950000e+06 9.755027e-01 9.633679e-01 2.430139e-05
2.000000e+06 9.744719e-01 9.615385e-01 2.749035e-05
2.050000e+06 9.734268e-01 9.596699e-01 3.099605e-05
2.100000e+06 9.723675e-01 9.577627e-01 3.483986e-05
2.150000e+06 9.712945e-01 9.558173e-01 3.904391e-05
2.200000e+06 9.702081e-01 9.538344e-01 4.363101e-05
2.250000e+06 9.691085e-01 9.518144e-01 4.862468e-05
2.300000e+06 9.679960e-01 9.497578e-01 5.404913e-05
2.350000e+06 9.668709e-01 9.476652e-01 5.992922e-05
2.400000e+06 9.657335e-01 9.455371e-01 6.629050e-05
2.450000e+06 9.645840e-01 9.433740e-01 7.315914e-05
2.500000e+06 9.634228e-01 9.411765e-01 8.056194e-05
2.550000e+06 9.622501e-01 9.389451e-01 8.852629e-05
2.600000e+06 9.610662e-01 9.366804e-01 9.708020e-05
2.650000e+06 9.598713e-01 9.343830e-01 1.062522e-04
2.700000e+06 9.586657e-01 9.320533e-01 1.160715e-04
2.750000e+06 9.574497e-01 9.296920e-01 1.265676e-04
2.800000e+06 9.562235e-01 9.272997e-01 1.377708e-04
2.850000e+06 9.549873e-01 9.248769e-01 1.497117e-04
2.900000e+06 9.537414e-01 9.224241e-01 1.624213e-04
2.950000e+06 9.524860e-01 9.199420e-01 1.759313e-04
3.000000e+06 9.512214e-01 9.174312e-01 1.902736e-04
3.050000e+06 9.499478e-01 9.148922e-01 2.054806e-04
3.100000e+06 9.486654e-01 9.123255e-01 2.215850e-04
3.150000e+06 9.473744e-01 9.097319e-01 2.386199e-04
3.200000e+06 9.460752e-01 9.071118e-01 2.566188e-04
3.250000e+06 9.447679e-01 9.044658e-01 2.756153e-04
3.300000e+06 9.434526e-01 9.017946e-01 2.956435e-04
3.350000e+06 9.421297e-01 8.990987e-01 3.167376e-04
3.400000e+06 9.407994e-01 8.963786e-01 3.389321e-04
3.450000e+06 9.394618e-01 8.936351e-01 3.622617e-04
3.500000e+06 9.381172e-01 8.908686e-01 3.867613e-04
3.550000e+06 9.367657e-01 8.880797e-01 4.124659e-04
3.600000e+06 9.354076e-01 8.852691e-01 4.394106e-04
3.650000e+06 9.340430e-01 8.824373e-01 4.676308e-04
3.700000e+06 9.326722e-01 8.795848e-01 4.971616e-04
3.750000e+06 9.312954e-01 8.767123e-01 5.280387e-04
3.800000e+06 9.299126e-01 8.738203e-01 5.602974e-04
3.850000e+06 9.285242e-01 8.709094e-01 5.939731e-04
3.900000e+06 9.271303e-01 8.679802e-01 6.291013e-04
3.950000e+06 9.257311e-01 8.650332e-01 6.657175e-04
4.000000e+06 9.243267e-01 8.620690e-01 7.038569e-04
4.050000e+06 9.229174e-01 8.590881e-01 7.435548e-04
4.100000e+06 9.215032e-01 8.560911e-01 7.848465e-04
4.150000e+06 9.200845e-01 8.530785e-01 8.277670e-04
4.200000e+06 9.186612e-01 8.500510e-01 8.723512e-04
4.250000e+06 9.172337e-01 8.470090e-01 9.186338e-04
4.300000e+06 9.158021e-01 8.439531e-01 9.666494e-04
4.350000e+06 9.143664e-01 8.408838e-01 1.016432e-03
4.400000e+06 9.129270e-01 8.378016e-01 1.068017e-03
4.450000e+06 9.114839e-01 8.347071e-01 1.121437e-03
4.500000e+06 9.100373e-01 8.316008e-01 1.176726e-03
4.550000e+06 9.085873e-01 8.284833e-01 1.233917e-03
4.600000e+06 9.071341e-01 8.253549e-01 1.293044e-03
4.650000e+06 9.056779e-01 8.222163e-01 1.354139e-03
4.700000e+06 9.042187e-01 8.190679e-01 1.417235e-03
4.750000e+06 9.027567e-01 8.159102e-01 1.482363e-03
4.800000e+06 9.012921e-01 8.127438e-01 1.549556e-03
4.850000e+06 8.998249e-01 8.095691e-01 1.618844e-03
4.900000e+06 8.983554e-01 8.063866e-01 1.690260e-03
4.950000e+06 8.968837e-01 8.031967e-01 1.763833e-03
5.000000e+06 8.954098e-01 8.000000e-01 1.839593e-03
5.050000e+06 8.939339e-01 7.967969e-01 1.917570e-03
5.100000e+06 8.924561e-01 7.935878e-01 1.997794e-03
5.150000e+06 8.909767e-01 7.903733e-01 2.080293e-03
5.200000e+06 8.894955e-01 7.871537e-01 2.165096e-03
5.250000e+06 8.880129e-01 7.839294e-01 2.252231e-03
5.300000e+06 8.865289e-01 7.807011e-01 2.341724e-03
5.350000e+06 8.850436e-01 7.774689e-01 2.433603e-03
5.400000e+06 8.835571e-01 7.742335e-01 2.527894e-03
5.450000e+06 8.820696e-01 7.709952e-01 2.624624e-03
5.500000e+06 8.805811e-01 7.677543e-01 2.723817e-03
5.550000e+06 8.790918e-01 7.645114e-01 2.825499e-03
5.600000e+06 8.776017e-01 7.612667e-01 2.929693e-03
5.650000e+06 8.761110e-01 7.580208e-01 3.036424e-03
5.700000e+06 8.746198e-01 7.547739e-01 3.145715e-03
5.750000e+06 8.731281e-01 7.515265e-01 3.257588e-03
5.800000e+06 8.716361e-01 7.482790e-01 3.372066e-03
5.850000e+06 8.701438e-01 7.450316e-01 3.489170e-03
5.900000e+06 8.686514e-01 7.417847e-01 3.608921e-03
5.950000e+06 8.671590e-01 7.385388e-01 3.731340e-03
6.000000e+06 8.656665e-01 7.352941e-01 3.856446e-03
6.050000e+06 8.641742e-01 7.320510e-01 3.984260e-03
6.100000e+06 8.626821e-01 7.288099e-01 4.114799e-03
6.150000e+06 8.611903e-01 7.255709e-01 4.248082e-03
6.200000e+06 8.596988e-01 7.223346e-01 4.384126e-03
6.250000e+06 8.582078e-01 7.191011e-01 4.522949e-03
6.300000e+06 8.567173e-01 7.158709e-01 4.664567e-03
6.350000e+06 8.552274e-01 7.126441e-01 4.808995e-03
6.400000e+06 8.537382e-01 7.094211e-01 4.956249e-03
6.450000e+06 8.522498e-01 7.062022e-01 5.106344e-03
6.500000e+06 8.507622e-01 7.029877e-01 5.259293e-03
6.550000e+06 8.492755e-01 6.997778e-01 5.415111e-03
6.600000e+06 8.477898e-01 6.965729e-01 5.573810e-03
6.650000e+06 8.463052e-01 6.933731e-01 5.735402e-03
6.700000e+06 8.448216e-01 6.901788e-01 5.899900e-03
6.750000e+06 8.433393e-01 6.869901e-01 6.067315e-03
6.800000e+06 8.418581e-01 6.838074e-01 6.237657e-03
6.850000e+06 8.403783e-01 6.806309e-01 6.410936e-03
6.900000e+06 8.388999e-01 6.774609e-01 6.587162e-03
6.950000e+06 8.374228e-01 6.742975e-01 6.766344e-03
7.000000e+06 8.359473e-01 6.711409e-01 6.948490e-03
7.050000e+06 8.344733e-01 6.679915e-01 7.133608e-03
7.100000e+06 8.330009e-01 6.648494e-01 7.321706e-03
7.150000e+06 8.315302e-01 6.617148e-01 7.512790e-03
7.200000e+06 8.300612e-01 6.585880e-01 7.706866e-03
7.250000e+06 8.285940e-01 6.554691e-01 7.903941e-03
7.300000e+06 8.271286e-01 6.523583e-01 8.104019e-03
7.350000e+06 8.256650e-01 6.492558e-01 8.307104e-03
7.400000e+06 8.242034e-01 6.461618e-01 8.513202e-03
7.450000e+06 8.227437e-01 6.430765e-01 8.722316e-03
7.500000e+06 8.212861e-01 6.400000e-01 8.934448e-03
7.550000e+06 8.198305e-01 6.369325e-01 9.149601e-03
7.600000e+06 8.183770e-01 6.338742e-01 9.367778e-03
7.650000e+06 8.169257e-01 6.308253e-01 9.588980e-03
7.700000e+06 8.154765e-01 6.277858e-01 9.813208e-03
7.750000e+06 8.140296e-01 6.247560e-01 1.004046e-02
7.800000e+06 8.125850e-01 6.217359e-01 1.027074e-02
7.850000e+06 8.111427e-01 6.187257e-01 1.050405e-02
7.900000e+06 8.097027e-01 6.157256e-01 1.074039e-02
7.950000e+06 8.082651e-01 6.127357e-01 1.097974e-02
8.000000e+06 8.068300e-01 6.097561e-01 1.122213e-02
8.050000e+06 8.053973e-01 6.067869e-01 1.146753e-02
8.100000e+06 8.039671e-01 6.038283e-01 1.171595e-02
8.150000e+06 8.025395e-01 6.008803e-01 1.196738e-02
8.200000e+06 8.011144e-01 5.979431e-01 1.222183e-02
8.250000e+06 7.996920e-01 5.950167e-01 1.247928e-02
8.300000e+06 7.982721e-01 5.921014e-01 1.273974e-02
8.350000e+06 7.968549e-01 5.891971e-01 1.300320e-02
8.400000e+06 7.954404e-01 5.863039e-01 1.326965e-02
8.450000e+06 7.940287e-01 5.834221e-01 1.353909e-02
8.500000e+06 7.926197e-01 5.805515e-01 1.381151e-02
8.550000e+06 7.912134e-01 5.776924e-01 1.408691e-02
8.600000e+06 7.898100e-01 5.748448e-01 1.436528e-02
8.650000e+06 7.884093e-01 5.720088e-01 1.464661e-02
8.700000e+06 7.870116e-01 5.691844e-01 1.493090e-02
8.750000e+06 7.856167e-01 5.663717e-01 1.521813e-02
8.800000e+06 7.842247e-01 5.635708e-01 1.550831e-02
8.850000e+06 7.828357e-01 5.607817e-01 1.580141e-02
8.900000e+06 7.814495e-01 5.580046e-01 1.609744e-02
8.950000e+06 7.800664e-01 5.552394e-01 1.639639e-02
9.000000e+06 7.786862e-01 5.524862e-01 1.669824e-02
9.050000e+06 7.773091e-01 5.497451e-01 1.700298e-02
9.100000e+06 7.759350e-01 5.470160e-01 1.731061e-02
9.150000e+06 7.745639e-01 5.442991e-01 1.762111e-02
9.200000e+06 7.731959e-01 5.415945e-01 1.793448e-02
9.250000e+06 7.718309e-01 5.389020e-01 1.825071e-02
9.300000e+06 7.704691e-01 5.362218e-01 1.856977e-02
9.350000e+06 7.691104e-01 5.335539e-01 1.889167e-02
9.400000e+06 7.677548e-01 5.308983e-01 1.921639e-02
9.450000e+06 7.664024e-01 5.282550e-01 1.954392e-02
9.500000e+06 7.650531e-01 5.256242e-01 1.987424e-02
9.550000e+06 7.637070e-01 5.230057e-01 2.020735e-02
9.600000e+06 7.623641e-01 5.203997e-01 2.054323e-02
9.650000e+06 7.610244e-01 5.178061e-01 2.088187e-02
9.700000e+06 7.596879e-01 5.152249e-01 2.122325e-02
9.750000e+06 7.583546e-01 5.126562e-01 2.156737e-02
9.800000e+06 7.570246e-01 5.101000e-01 2.191420e-02
9.850000e+06 7.556978e-01 5.075562e-01 2.226375e-02
9.900000e+06 7.543743e-01 5.050250e-01 2.261598e-02
9.950000e+06 7.530540e-01 5.025062e-01 2.297089e-02
1.000000e+07 7.517370e-01 5.000000e-01 2.332847e-02
