# Models: X-axis(1) VanGenuchten(2) MualemVanGenuchten(3)
# Labels: p_c(1) s_l(2) k_rl(3)
1.000000e+01 1.000000e+00 1.000000e+00
1.016249e+01 1.000000e+00 1.000000e+00
1.032761e+01 1.000000e+00 1.000000e+00
1.049542e+01 1.000000e+00 1.000000e+00
1.066596e+01 1.000000e+00 1.000000e+00
1.083927e+01 1.000000e+00 1.000000e+00
1.101539e+01 1.000000e+00 1.000000e+00
1.119438e+01 1.000000e+00 1.000000e+00
1.137627e+01 1.000000e+00 1.000000e+00
1.156112e+01 1.000000e+00 1.000000e+00
1.174898e+01 1.000000e+00 1.000000e+00
1.193988e+01 1.000000e+00 1.000000e+00
1.213389e+01 1.000000e+00 1.000000e+00
1.233105e+01 1.000000e+00 1.000000e+00
1.253141e+01 1.000000e+00 1.000000e+00
1.273503e+01 1.000000e+00 1.000000e+00
1.294196e+01 1.000000e+00 1.000000e+00
1.315225e+01 1.000000e+00 1.000000e+00
1.336596e+01 1.000000e+00 1.000000e+00
1.358313e+01 1.000000e+00 1.000000e+00
1.380384e+01 1.000000e+00 1.000000e+00
1.402814e+01 1.000000e+00 1.000000e+00
1.425608e+01 1.000000e+00 1.000000e+00
1.448772e+01 1.000000e+00 1.000000e+00
1.472313e+01 1.000000e+00 1.000000e+00
1.496236e+01 1.000000e+00 1.000000e+00
1.520548e+01 1.000000e+00 1.000000e+00
1.545254e+01 1.000000e+00 1.000000e+00
1.570363e+01 1.000000e+00 1.000000e+00
1.595879e+01 1.000000e+00 1.000000e+00
1.621810e+01 1.000000e+00 1.000000e+00
1.648162e+01 1.000000e+00 1.000000e+00
1.674943e+01 1.000000e+00 1.000000e+00
1.702159e+01 1.000000e+00 1.000000e+00
1.729816e+01 1.000000e+00 1.000000e+00
1.757924e+01 1.000000e+00 1.000000e+00
1.786488e+01 1.000000e+00 1.000000e+00
1.815516e+01 1.000000e+00 1.000000e+00
1.845015e+01 1.000000e+00 1.000000e+00
1.874995e+01 1.000000e+00 1.000000e+00
1.905461e+01 1.000000e+00 1.000000e+00
1.936422e+01 1.000000e+00 1.000000e+00
1.967886e+01 1.000000e+00 1.000000e+00
1.999862e+01 1.000000e+00 1.000000e+00
2.032357e+01 1.000000e+00 1.000000e+00
2.065380e+01 1.000000e+00 1.000000e+00
2.098940e+01 1.000000e+00 1.000000e+00
2.133045e+01 1.000000e+00 1.000000e+00
2.167704e+01 1.000000e+00 1.000000e+00
2.202926e+01 1.000000e+00 1.000000e+00
2.238721e+01 1.000000e+00 1.000000e+00
2.275097e+01 1.000000e+00 1.000000e+00
2.312065e+01 1.000000e+00 1.000000e+00
2.349633e+01 1.000000e+00 1.000000e+00
2.387811e+01 1.000000e+00 1.000000e+00
2.426610e+01 1.000000e+00 1.000000e+00
2.466039e+01 1.000000e+00 1.000000e+00
2.506109e+01 1.000000e+00 1.000000e+00
2.546830e+01 1.000000e+00 1.000000e+00
2.588213e+01 1.000000e+00 1.000000e+00
2.630268e+01 1.000000e+00 1.000000e+00
2.673006e+01 1.000000e+00 1.000000e+00
2.716439e+01 1.000000e+00 1.000000e+00
2.760578e+01 1.000000e+00 1.000000e+00
2.805434e+01 1.000000e+00 1.000000e+00
2.851018e+01 1.000000e+00 1.000000e+00
2.897344e+01 1.000000e+00 1.000000e+00
2.944422e+01 1.000000e+00 1.000000e+00
2.992265e+01 1.000000e+00 1.000000e+00
3.040885e+01 1.000000e+00 1.000000e+00
3.090295e+01 1.000000e+00 1.000000e+00
3.140509e+01 1.000000e+00 1.000000e+00
3.191538e+01 1.000000e+00 1.000000e+00
3.243396e+01 1.000000e+00 1.000000e+00
3.296097e+01 1.000000e+00 1.000000e+00
3.349654e+01 1.000000e+00 1.000000e+00
3.404082e+01 1.000000e+00 1.000000e+00
3.459394e+01 1.000000e+00 1.000000e+00
3.515604e+01 1.000000e+00 1.000000e+00
3.572728e+01 1.000000e+00 1.000000e+00
3.630781e+01 1.000000e+00 1.000000e+00
3.689776e+01 1.000000e+00 1.000000e+00
3.749730e+01 1.000000e+00 1.000000e+00
3.810658e+01 1.000000e+00 1.000000e+00
3.872576e+01 1.000000e+00 1.000000e+00
3.935501e+01 1.000000e+00 1.000000e+00
3.999447e+01 1.000000e+00 1.000000e+00
4.064433e+01 1.000000e+00 1.000000e+00
4.130475e+01 1.000000e+00 1.000000e+00
4.197590e+01 1.000000e+00 1.000000e+00
4.265795e+01 1.000000e+00 1.000000e+00
4.335109e+01 1.000000e+00 1.000000e+00
4.405549e+01 1.000000e+00 1.000000e+00
4.477133e+01 1.000000e+00 1.000000e+00
4.549881e+01 1.000000e+00 1.000000e+00
4.623810e+01 1.000000e+00 1.000000e+00
4.698941e+01 1.000000e+00 1.000000e+00
4.775293e+01 1.000000e+00 1.000000e+00
4.852885e+01 1.000000e+00 1.000000e+00
4.931738e+01 1.000000e+00 1.000000e+00
5.011872e+01 1.000000e+00 1.000000e+00
5.093309e+01 9.999999e-01 9.954321e-01
5.176068e+01 9.999999e-01 9.954321e-01
5.260173e+01 9.999999e-01 9.954321e-01
5.345644e+01 9.999999e-01 9.954321e-01
5.432503e+01 9.999999e-01 9.954321e-01
5.520774e+01 9.999999e-01 9.954321e-01
5.610480e+01 9.999999e-01 9.954321e-01
5.701643e+01 9.999999e-01 9.954321e-01
5.794287e+01 9.999999e-01 9.954321e-01
5.888437e+01 9.999999e-01 9.954321e-01
5.984116e+01 9.999999e-01 9.954321e-01
6.081350e+01 9.999999e-01 9.954321e-01
6.180164e+01 9.999999e-01 9.954321e-01
6.280584e+01 9.999999e-01 9.954321e-01
6.382635e+01 9.999999e-01 9.954321e-01
6.486344e+01 9.999999e-01 9.954321e-01
6.591739e+01 9.999999e-01 9.954321e-01
6.698846e+01 9.999999e-01 9.954321e-01
6.807694e+01 9.999999e-01 9.954321e-01
6.918310e+01 9.999999e-01 9.954321e-01
7.030723e+01 9.999999e-01 9.954321e-01
7.144963e+01 9.999999e-01 9.954321e-01
7.261060e+01 9.999999e-01 9.954321e-01
7.379042e+01 9.999999e-01 9.954321e-01
7.498942e+01 9.999999e-01 9.954321e-01
7.620790e+01 9.999999e-01 9.954321e-01
7.744618e+01 9.999999e-01 9.954321e-01
7.870458e+01 9.999999e-01 9.954321e-01
7.998343e+01 9.999999e-01 9.954321e-01
8.128305e+01 9.999999e-01 9.954321e-01
8.260379e+01 9.999999e-01 9.954321e-01
8.394600e+01 9.999999e-01 9.954321e-01
8.531001e+01 9.999999e-01 9.954321e-01
8.669619e+01 9.999999e-01 9.954321e-01
8.810489e+01 9.999999e-01 9.954321e-01
8.953648e+01 9.999999e-01 9.954321e-01
9.099133e+01 9.999999e-01 9.954321e-01
9.246982e+01 9.999999e-01 9.954321e-01
9.397233e+01 9.999999e-01 9.954321e-01
9.549926e+01 9.999999e-01 9.954321e-01
9.705100e+01 9.999999e-01 9.954321e-01
9.862795e+01 9.999998e-01 9.939748e-01
1.002305e+02 9.999998e-01 9.939748e-01
1.018591e+02 9.999998e-01 9.939748e-01
1.035142e+02 9.999998e-01 9.939748e-01
1.051962e+02 9.999998e-01 9.939748e-01
1.069055e+02 9.999998e-01 9.939748e-01
1.086426e+02 9.999998e-01 9.939748e-01
1.104079e+02 9.999998e-01 9.939748e-01
1.122018e+02 9.999998e-01 9.939748e-01
1.140250e+02 9.999998e-01 9.939748e-01
1.158777e+02 9.999998e-01 9.939748e-01
1.177606e+02 9.999998e-01 9.939748e-01
1.196741e+02 9.999998e-01 9.939748e-01
1.216186e+02 9.999998e-01 9.939748e-01
1.235947e+02 9.999998e-01 9.939748e-01
1.256030e+02 9.999998e-01 9.939748e-01
1.276439e+02 9.999998e-01 9.939748e-01
1.297179e+02 9.999998e-01 9.939748e-01
1.318257e+02 9.999998e-01 9.939748e-01
1.339677e+02 9.999997e-01 9.929158e-01
1.361445e+02 9.999997e-01 9.929158e-01
1.383566e+02 9.999997e-01 9.929158e-01
1.406048e+02 9.999997e-01 9.929158e-01
1.428894e+02 9.999997e-01 9.929158e-01
1.452112e+02 9.999997e-01 9.929158e-01
1.475707e+02 9.999997e-01 9.929158e-01
1.499685e+02 9.999997e-01 9.929158e-01
1.524053e+02 9.999997e-01 9.929158e-01
1.548817e+02 9.999997e-01 9.929158e-01
1.573983e+02 9.999997e-01 9.929158e-01
1.599558e+02 9.999997e-01 9.929158e-01
1.625549e+02 9.999996e-01 9.920535e-01
1.651962e+02 9.999996e-01 9.920535e-01
1.678804e+02 9.999996e-01 9.920535e-01
1.706082e+02 9.999996e-01 9.920535e-01
1.733804e+02 9.999996e-01 9.920535e-01
1.761976e+02 9.999996e-01 9.920535e-01
1.790606e+02 9.999996e-01 9.920535e-01
1.819701e+02 9.999996e-01 9.920535e-01
1.849269e+02 9.999996e-01 9.920535e-01
1.879317e+02 9.999996e-01 9.920535e-01
1.909853e+02 9.999995e-01 9.913132e-01
1.940886e+02 9.999995e-01 9.913132e-01
1.972423e+02 9.999995e-01 9.913132e-01
2.004472e+02 9.999995e-01 9.913132e-01
2.037042e+02 9.999995e-01 9.913132e-01
2.070141e+02 9.999995e-01 9.913132e-01
2.103778e+02 9.999995e-01 9.913132e-01
2.137962e+02 9.999994e-01 9.906575e-01
2.172701e+02 9.999994e-01 9.906575e-01
2.208005e+02 9.999994e-01 9.906575e-01
2.243882e+02 9.999994e-01 9.906575e-01
2.280342e+02 9.999994e-01 9.906575e-01
2.317395e+02 9.999994e-01 9.906575e-01
2.355049e+02 9.999993e-01 9.900648e-01
2.393316e+02 9.999993e-01 9.900648e-01
2.432204e+02 9.999993e-01 9.900648e-01
2.471724e+02 9.999993e-01 9.900648e-01
2.511886e+02 9.999993e-01 9.900648e-01
2.552701e+02 9.999993e-01 9.900648e-01
2.594179e+02 9.999992e-01 9.895211e-01
2.636331e+02 9.999992e-01 9.895211e-01
2.679168e+02 9.999992e-01 9.895211e-01
2.722701e+02 9.999992e-01 9.895211e-01
2.766942e+02 9.999991e-01 9.890169e-01
2.811901e+02 9.999991e-01 9.890169e-01
2.857591e+02 9.999991e-01 9.890169e-01
2.904023e+02 9.999991e-01 9.890169e-01
2.951209e+02 9.999991e-01 9.890169e-01
2.999163e+02 9.999990e-01 9.885455e-01
3.047895e+02 9.999990e-01 9.885455e-01
3.097419e+02 9.999990e-01 9.885455e-01
3.147748e+02 9.999989e-01 9.881017e-01
3.198895e+02 9.999989e-01 9.881017e-01
3.250873e+02 9.999989e-01 9.881017e-01
3.303695e+02 9.999989e-01 9.881017e-01
3.357376e+02 9.999988e-01 9.876816e-01
3.411929e+02 9.999988e-01 9.876816e-01
3.467369e+02 9.999988e-01 9.876816e-01
3.523709e+02 9.999987e-01 9.872820e-01
3.580964e+02 9.999987e-01 9.872820e-01
3.639150e+02 9.999987e-01 9.872820e-01
3.698282e+02 9.999986e-01 9.869006e-01
3.758374e+02 9.999986e-01 9.869006e-01
3.819443e+02 9.999985e-01 9.865353e-01
3.881504e+02 9.999985e-01 9.865353e-01
3.944573e+02 9.999985e-01 9.865353e-01
4.008667e+02 9.999984e-01 9.861844e-01
4.073803e+02 9.999984e-01 9.861844e-01
4.139997e+02 9.999983e-01 9.858464e-01
4.207266e+02 9.999983e-01 9.858464e-01
4.275629e+02 9.999982e-01 9.855203e-01
4.345102e+02 9.999982e-01 9.855203e-01
4.415704e+02 9.999981e-01 9.852048e-01
4.487454e+02 9.999981e-01 9.852048e-01
4.560369e+02 9.999980e-01 9.848993e-01
4.634469e+02 9.999980e-01 9.848993e-01
4.709773e+02 9.999979e-01 9.846028e-01
4.786301e+02 9.999979e-01 9.846028e-01
4.864072e+02 9.999978e-01 9.843147e-01
4.943107e+02 9.999978e-01 9.843147e-01
5.023426e+02 9.999977e-01 9.840345e-01
5.105050e+02 9.999976e-01 9.837614e-01
5.188000e+02 9.999976e-01 9.837614e-01
5.272299e+02 9.999975e-01 9.834952e-01
5.357967e+02 9.999974e-01 9.832353e-01
5.445027e+02 9.999974e-01 9.832353e-01
5.533501e+02 9.999973e-01 9.829813e-01
5.623413e+02 9.999972e-01 9.827330e-01
5.714786e+02 9.999971e-01 9.824900e-01
5.807644e+02 9.999971e-01 9.824900e-01
5.902011e+02 9.999970e-01 9.822520e-01
5.997911e+02 9.999969e-01 9.820187e-01
6.095369e+02 9.999968e-01 9.817899e-01
6.194411e+02 9.999967e-01 9.815654e-01
6.295062e+02 9.999966e-01 9.813450e-01
6.397348e+02 9.999966e-01 9.813450e-01
6.501297e+02 9.999965e-01 9.811284e-01
6.606934e+02 9.999964e-01 9.809155e-01
6.714289e+02 9.999963e-01 9.807062e-01
6.823387e+02 9.999962e-01 9.805003e-01
6.934258e+02 9.999961e-01 9.802976e-01
7.046931e+02 9.999960e-01 9.800981e-01
7.161434e+02 9.999958e-01 9.797078e-01
7.277798e+02 9.999957e-01 9.795169e-01
7.396053e+02 9.999956e-01 9.793286e-01
7.516229e+02 9.999955e-01 9.791429e-01
7.638358e+02 9.999954e-01 9.789597e-01
7.762471e+02 9.999952e-01 9.786003e-01
7.888601e+02 9.999951e-01 9.784240e-01
8.016781e+02 9.999950e-01 9.782499e-01
8.147043e+02 9.999948e-01 9.779078e-01
8.279422e+02 9.999947e-01 9.777398e-01
8.413951e+02 9.999946e-01 9.775737e-01
8.550667e+02 9.999944e-01 9.772469e-01
8.689604e+02 9.999943e-01 9.770861e-01
8.830799e+02 9.999941e-01 9.767696e-01
8.974288e+02 9.999939e-01 9.764596e-01
9.120108e+02 9.999938e-01 9.763069e-01
9.268298e+02 9.999936e-01 9.760059e-01
9.418896e+02 9.999934e-01 9.757105e-01
9.571941e+02 9.999933e-01 9.755648e-01
9.727472e+02 9.999931e-01 9.752774e-01
9.885531e+02 9.999929e-01 9.749949e-01
1.004616e+03 9.999927e-01 9.747173e-01
1.020939e+03 9.999925e-01 9.744441e-01
1.037528e+03 9.999923e-01 9.741754e-01
1.054387e+03 9.999921e-01 9.739109e-01
1.071519e+03 9.999919e-01 9.736504e-01
1.088930e+03 9.999916e-01 9.732668e-01
1.106624e+03 9.999914e-01 9.730156e-01
1.124605e+03 9.999912e-01 9.727680e-01
1.142878e+03 9.999909e-01 9.724029e-01
1.161449e+03 9.999907e-01 9.721635e-01
1.180321e+03 9.999904e-01 9.718102e-01
1.199499e+03 9.999902e-01 9.715784e-01
1.218990e+03 9.999899e-01 9.712359e-01
1.238797e+03 9.999896e-01 9.708996e-01
1.258925e+03 9.999894e-01 9.706786e-01
1.279381e+03 9.999891e-01 9.703518e-01
1.300170e+03 9.999888e-01 9.700305e-01
1.321296e+03 9.999885e-01 9.697143e-01
1.342765e+03 9.999882e-01 9.694030e-01
1.364583e+03 9.999878e-01 9.689954e-01
1.386756e+03 9.999875e-01 9.686950e-01
1.409289e+03 9.999872e-01 9.683989e-01
1.432188e+03 9.999868e-01 9.680106e-01
1.455459e+03 9.999865e-01 9.677241e-01
1.479108e+03 9.999861e-01 9.673479e-01
1.503142e+03 9.999857e-01 9.669783e-01
1.527566e+03 9.999853e-01 9.666149e-01
1.552387e+03 9.999849e-01 9.662574e-01
1.577611e+03 9.999845e-01 9.659056e-01
1.603245e+03 9.999841e-01 9.655593e-01
1.629296e+03 9.999836e-01 9.651338e-01
1.655770e+03 9.999832e-01 9.647990e-01
1.682674e+03 9.999827e-01 9.643872e-01
1.710015e+03 9.999823e-01 9.640630e-01
1.737801e+03 9.999818e-01 9.636639e-01
1.766038e+03 9.999813e-01 9.632714e-01
1.794734e+03 9.999808e-01 9.628853e-01
1.823896e+03 9.999803e-01 9.625052e-01
1.853532e+03 9.999797e-01 9.620567e-01
1.883649e+03 9.999792e-01 9.616891e-01
1.914256e+03 9.999786e-01 9.612550e-01
1.945360e+03 9.999780e-01 9.608282e-01
1.976970e+03 9.999774e-01 9.604084e-01
2.009093e+03 9.999768e-01 9.599954e-01
2.041738e+03 9.999762e-01 9.595888e-01
2.074914e+03 9.999755e-01 9.591222e-01
2.108628e+03 9.999749e-01 9.587287e-01
2.142891e+03 9.999742e-01 9.582768e-01
2.177710e+03 9.999735e-01 9.578322e-01
2.213095e+03 9.999728e-01 9.573948e-01
2.249055e+03 9.999720e-01 9.569032e-01
2.285599e+03 9.999713e-01 9.564799e-01
2.322737e+03 9.999705e-01 9.560039e-01
2.360478e+03 9.999697e-01 9.555356e-01
2.398833e+03 9.999688e-01 9.550178e-01
2.437811e+03 9.999680e-01 9.545650e-01
2.477422e+03 9.999671e-01 9.540638e-01
2.517677e+03 9.999662e-01 9.535710e-01
2.558586e+03 9.999653e-01 9.530860e-01
2.600160e+03 9.999644e-01 9.526086e-01
2.642409e+03 9.999634e-01 9.520868e-01
2.685344e+03 9.999624e-01 9.515735e-01
2.728978e+03 9.999614e-01 9.510686e-01
2.773320e+03 9.999603e-01 9.505222e-01
2.818383e+03 9.999592e-01 9.499850e-01
2.864178e+03 9.999581e-01 9.494566e-01
2.910717e+03 9.999570e-01 9.489365e-01
2.958012e+03 9.999558e-01 9.483784e-01
3.006076e+03 9.999546e-01 9.478294e-01
3.054921e+03 9.999534e-01 9.472893e-01
3.104560e+03 9.999521e-01 9.467136e-01
3.155005e+03 9.999508e-01 9.461473e-01
3.206269e+03 9.999495e-01 9.455902e-01
3.258367e+03 9.999481e-01 9.449998e-01
3.311311e+03 9.999467e-01 9.444192e-01
3.365116e+03 9.999452e-01 9.438073e-01
3.419794e+03 9.999437e-01 9.432055e-01
3.475362e+03 9.999422e-01 9.426135e-01
3.531832e+03 9.999406e-01 9.419923e-01
3.589219e+03 9.999390e-01 9.413812e-01
3.647539e+03 9.999374e-01 9.407798e-01
3.706807e+03 9.999357e-01 9.401511e-01
3.767038e+03 9.999339e-01 9.394964e-01
3.828247e+03 9.999321e-01 9.388525e-01
3.890451e+03 9.999303e-01 9.382190e-01
3.953666e+03 9.999284e-01 9.375611e-01
4.017908e+03 9.999264e-01 9.368799e-01
4.083194e+03 9.999244e-01 9.362101e-01
4.149540e+03 9.999223e-01 9.355183e-01
4.216965e+03 9.999202e-01 9.348379e-01
4.285485e+03 9.999181e-01 9.341683e-01
4.355119e+03 9.999158e-01 9.334470e-01
4.425884e+03 9.999135e-01 9.327377e-01
4.497799e+03 9.999112e-01 9.320398e-01
4.570882e+03 9.999088e-01 9.313233e-01
4.645153e+03 9.999063e-01 9.305892e-01
4.720630e+03 9.999037e-01 9.298383e-01
4.797334e+03 9.999011e-01 9.290998e-01
4.875285e+03 9.998984e-01 9.283454e-01
4.954502e+03 9.998957e-01 9.276032e-01
5.035006e+03 9.998928e-01 9.268191e-01
5.116818e+03 9.998899e-01 9.260479e-01
5.199960e+03 9.998869e-01 9.252632e-01
5.284453e+03 9.998838e-01 9.244656e-01
5.370318e+03 9.998807e-01 9.236810e-01
5.457579e+03 9.998774e-01 9.228595e-01
5.546257e+03 9.998741e-01 9.220514e-01
5.636377e+03 9.998706e-01 9.212085e-01
5.727960e+03 9.998671e-01 9.203795e-01
5.821032e+03 9.998635e-01 9.195408e-01
5.915616e+03 9.998598e-01 9.186929e-01
6.011737e+03 9.998560e-01 9.178362e-01
6.109420e+03 9.998520e-01 9.169494e-01
6.208690e+03 9.998480e-01 9.160773e-01
6.309573e+03 9.998439e-01 9.151979e-01
6.412096e+03 9.998396e-01 9.142909e-01
6.516284e+03 9.998353e-01 9.133987e-01
6.622165e+03 9.998308e-01 9.124803e-01
6.729767e+03 9.998262e-01 9.115569e-01
6.839116e+03 9.998214e-01 9.106093e-01
6.950243e+03 9.998166e-01 9.096774e-01
7.063176e+03 9.998116e-01 9.087226e-01
7.177943e+03 9.998065e-01 9.077646e-01
7.294575e+03 9.998012e-01 9.067855e-01
7.413102e+03 9.997958e-01 9.058044e-01
7.533556e+03 9.997902e-01 9.048038e-01
7.655966e+03 9.997845e-01 9.038022e-01
7.780366e+03 9.997787e-01 9.027997e-01
7.906786e+03 9.997726e-01 9.017627e-01
8.035261e+03 9.997664e-01 9.007263e-01
8.165824e+03 9.997601e-01 8.996905e-01
8.298508e+03 9.997536e-01 8.986394e-01
8.433348e+03 9.997469e-01 8.975738e-01
8.570378e+03 9.997400e-01 8.964945e-01
8.709636e+03 9.997329e-01 8.954023e-01
8.851156e+03 9.997256e-01 8.942981e-01
8.994976e+03 9.997182e-01 8.931972e-01
9.141132e+03 9.997105e-01 8.920706e-01
9.289664e+03 9.997026e-01 8.909339e-01
9.440609e+03 9.996945e-01 8.897879e-01
9.594006e+03 9.996862e-01 8.886329e-01
9.749896e+03 9.996777e-01 8.874697e-01
9.908319e+03 9.996689e-01 8.862855e-01
1.006932e+04 9.996599e-01 8.850944e-01
1.023293e+04 9.996506e-01 8.838841e-01
1.039920e+04 9.996411e-01 8.826684e-01
1.056818e+04 9.996313e-01 8.814351e-01
1.073989e+04 9.996213e-01 8.801976e-01
1.091440e+04 9.996110e-01 8.789442e-01
1.109175e+04 9.996004e-01 8.776757e-01
1.127197e+04 9.995896e-01 8.764047e-01
1.145513e+04 9.995784e-01 8.751086e-01
1.164126e+04 9.995669e-01 8.738000e-01
1.183042e+04 9.995551e-01 8.724797e-01
1.202264e+04 9.995430e-01 8.711484e-01
1.221800e+04 9.995306e-01 8.698069e-01
1.241652e+04 9.995178e-01 8.684451e-01
1.261828e+04 9.995047e-01 8.670748e-01
1.282331e+04 9.994912e-01 8.656862e-01
1.303167e+04 9.994774e-01 8.642905e-01
1.324342e+04 9.994632e-01 8.628783e-01
1.345860e+04 9.994486e-01 8.614507e-01
1.367729e+04 9.994336e-01 8.600084e-01
1.389953e+04 9.994182e-01 8.585525e-01
1.412538e+04 9.994024e-01 8.570838e-01
1.435489e+04 9.993861e-01 8.555941e-01
1.458814e+04 9.993694e-01 8.540934e-01
1.482518e+04 9.993523e-01 8.525826e-01
1.506607e+04 9.993346e-01 8.510451e-01
1.531087e+04 9.993165e-01 8.494993e-01
1.555966e+04 9.992980e-01 8.479458e-01
1.581248e+04 9.992789e-01 8.463689e-01
1.606941e+04 9.992593e-01 8.447780e-01
1.633052e+04 9.992391e-01 8.431660e-01
1.659587e+04 9.992184e-01 8.415420e-01
1.686553e+04 9.991972e-01 8.399068e-01
1.713957e+04 9.991754e-01 8.382537e-01
1.741807e+04 9.991529e-01 8.365763e-01
1.770109e+04 9.991299e-01 8.348906e-01
1.798871e+04 9.991062e-01 8.331831e-01
1.828100e+04 9.990820e-01 8.314690e-01
1.857804e+04 9.990570e-01 8.297281e-01
1.887991e+04 9.990314e-01 8.279757e-01
1.918669e+04 9.990050e-01 8.261992e-01
1.949845e+04 9.989780e-01 8.244131e-01
1.981527e+04 9.989502e-01 8.226054e-01
2.013724e+04 9.989217e-01 8.207835e-01
2.046445e+04 9.988924e-01 8.189424e-01
2.079697e+04 9.988623e-01 8.170832e-01
2.113489e+04 9.988314e-01 8.152070e-01
2.147830e+04 9.987996e-01 8.133091e-01
2.182730e+04 9.987670e-01 8.113967e-01
2.218196e+04 9.987335e-01 8.094649e-01
2.254239e+04 9.986991e-01 8.075152e-01
2.290868e+04 9.986638e-01 8.055486e-01
2.328091e+04 9.986275e-01 8.035608e-01
2.365920e+04 9.985902e-01 8.015532e-01
2.404363e+04 9.985519e-01 7.995272e-01
2.443431e+04 9.985126e-01 7.974838e-01
2.483133e+04 9.984722e-01 7.954193e-01
2.523481e+04 9.984307e-01 7.933350e-01
2.564484e+04 9.983881e-01 7.912322e-01
2.606154e+04 9.983443e-01 7.891073e-01
2.648500e+04 9.982994e-01 7.869666e-01
2.691535e+04 9.982532e-01 7.848018e-01
2.735269e+04 9.982058e-01 7.826191e-01
2.779713e+04 9.981571e-01 7.804153e-01
2.824880e+04 9.981071e-01 7.781916e-01
2.870781e+04 9.980558e-01 7.759496e-01
2.917427e+04 9.980030e-01 7.736819e-01
2.964831e+04 9.979488e-01 7.713944e-01
3.013006e+04 9.978932e-01 7.690885e-01
3.061963e+04 9.978360e-01 7.667575e-01
3.111716e+04 9.977773e-01 7.644068e-01
3.162278e+04 9.977171e-01 7.620380e-01
3.213661e+04 9.976552e-01 7.596446e-01
3.265878e+04 9.975916e-01 7.572283e-01
3.318945e+04 9.975263e-01 7.547907e-01
3.372873e+04 9.974592e-01 7.523297e-01
3.427678e+04 9.973904e-01 7.498504e-01
3.483373e+04 9.973197e-01 7.473471e-01
3.539973e+04 9.972470e-01 7.448182e-01
3.597493e+04 9.971724e-01 7.422686e-01
3.655948e+04 9.970959e-01 7.397000e-01
3.715352e+04 9.970172e-01 7.371038e-01
3.775722e+04 9.969364e-01 7.344853e-01
3.837072e+04 9.968535e-01 7.318461e-01
3.899420e+04 9.967683e-01 7.291814e-01
3.962780e+04 9.966808e-01 7.264931e-01
4.027170e+04 9.965909e-01 7.237799e-01
4.092607e+04 9.964987e-01 7.210464e-01
4.159106e+04 9.964040e-01 7.182886e-01
4.226686e+04 9.963067e-01 7.155053e-01
4.295364e+04 9.962068e-01 7.126984e-01
4.365158e+04 9.961042e-01 7.098669e-01
4.436086e+04 9.959989e-01 7.070125e-01
4.508167e+04 9.958907e-01 7.041319e-01
4.581419e+04 9.957797e-01 7.012294e-01
4.655861e+04 9.956656e-01 6.982992e-01
4.731513e+04 9.955485e-01 6.953458e-01
4.808393e+04 9.954283e-01 6.923685e-01
4.886524e+04 9.953048e-01 6.893644e-01
4.965923e+04 9.951781e-01 6.863378e-01
5.046613e+04 9.950479e-01 6.832836e-01
5.128614e+04 9.949143e-01 6.802061e-01
5.211947e+04 9.947771e-01 6.771028e-01
5.296634e+04 9.946362e-01 6.739733e-01
5.382698e+04 9.944916e-01 6.708198e-01
5.470160e+04 9.943431e-01 6.676400e-01
5.559043e+04 9.941906e-01 6.644338e-01
5.649370e+04 9.940341e-01 6.612034e-01
5.741165e+04 9.938734e-01 6.579467e-01
5.834451e+04 9.937084e-01 6.546639e-01
5.929253e+04 9.935390e-01 6.513551e-01
6.025596e+04 9.933651e-01 6.480207e-01
6.123504e+04 9.931866e-01 6.446608e-01
6.223003e+04 9.930034e-01 6.412757e-01
6.324119e+04 9.928153e-01 6.378641e-01
6.426877e+04 9.926221e-01 6.344246e-01
6.531306e+04 9.924239e-01 6.309613e-01
6.637431e+04 9.922204e-01 6.274711e-01
6.745280e+04 9.920116e-01 6.239564e-01
6.854882e+04 9.917972e-01 6.204144e-01
6.966265e+04 9.915771e-01 6.168460e-01
7.079458e+04 9.913512e-01 6.132517e-01
7.194490e+04 9.911194e-01 6.096325e-01
7.311391e+04 9.908814e-01 6.059860e-01
7.430191e+04 9.906372e-01 6.023146e-01
7.550922e+04 9.903865e-01 5.986164e-01
7.673615e+04 9.901293e-01 5.948937e-01
7.798301e+04 9.898653e-01 5.911446e-01
7.925013e+04 9.895943e-01 5.873689e-01
8.053784e+04 9.893163e-01 5.835691e-01
8.184648e+04 9.890310e-01 5.797435e-01
8.317638e+04 9.887381e-01 5.758907e-01
8.452788e+04 9.884377e-01 5.720147e-01
8.590135e+04 9.881294e-01 5.681127e-01
8.729714e+04 9.878130e-01 5.641849e-01
8.871560e+04 9.874884e-01 5.602327e-01
9.015711e+04 9.871554e-01 5.562563e-01
9.162205e+04 9.868136e-01 5.522535e-01
9.311079e+04 9.864631e-01 5.482282e-01
9.462372e+04 9.861034e-01 5.441774e-01
9.616123e+04 9.857344e-01 5.401025e-01
9.772372e+04 9.853559e-01 5.360042e-01
9.931160e+04 9.849675e-01 5.318809e-01
1.009253e+05 9.845692e-01 5.277353e-01
1.025652e+05 9.841606e-01 5.235659e-01
1.042317e+05 9.837415e-01 5.193736e-01
1.059254e+05 9.833117e-01 5.151591e-01
1.076465e+05 9.828708e-01 5.109214e-01
1.093956e+05 9.824187e-01 5.066623e-01
1.111732e+05 9.819549e-01 5.023799e-01
1.129796e+05 9.814794e-01 4.980771e-01
1.148154e+05 9.809917e-01 4.937522e-01
1.166810e+05 9.804917e-01 4.894073e-01
1.185769e+05 9.799789e-01 4.850408e-01
1.205036e+05 9.794532e-01 4.806550e-01
1.224616e+05 9.789142e-01 4.762492e-01
1.244515e+05 9.783616e-01 4.718241e-01
1.264736e+05 9.777951e-01 4.673801e-01
1.285287e+05 9.772143e-01 4.629171e-01
1.306171e+05 9.766190e-01 4.584365e-01
1.327394e+05 9.760089e-01 4.539389e-01
1.348963e+05 9.753834e-01 4.494231e-01
1.370882e+05 9.747424e-01 4.448912e-01
1.393157e+05 9.740855e-01 4.403434e-01
1.415794e+05 9.734123e-01 4.357799e-01
1.438799e+05 9.727225e-01 4.312017e-01
1.462177e+05 9.720157e-01 4.266092e-01
1.485936e+05 9.712915e-01 4.220028e-01
1.510080e+05 9.705495e-01 4.173830e-01
1.534617e+05 9.697894e-01 4.127509e-01
1.559553e+05 9.690108e-01 4.081071e-01
1.584893e+05 9.682132e-01 4.034517e-01
1.610646e+05 9.673963e-01 3.987860e-01
1.636817e+05 9.665597e-01 3.941106e-01
1.663413e+05 9.657029e-01 3.894260e-01
1.690441e+05 9.648256e-01 3.847333e-01
1.717908e+05 9.639273e-01 3.800330e-01
1.745822e+05 9.630075e-01 3.753255e-01
1.774189e+05 9.620659e-01 3.706123e-01
1.803018e+05 9.611020e-01 3.658939e-01
1.832314e+05 9.601154e-01 3.611713e-01
1.862087e+05 9.591056e-01 3.564451e-01
1.892344e+05 9.580721e-01 3.517160e-01
1.923092e+05 9.570146e-01 3.469856e-01
1.954339e+05 9.559326e-01 3.422545e-01
1.986095e+05 9.548254e-01 3.375228e-01
2.018366e+05 9.536929e-01 3.327929e-01
2.051162e+05 9.525343e-01 3.280644e-01
2.084491e+05 9.513493e-01 3.233390e-01
2.118361e+05 9.501375e-01 3.186179e-01
2.152782e+05 9.488982e-01 3.139014e-01
2.187762e+05 9.476310e-01 3.091907e-01
2.223310e+05 9.463356e-01 3.044876e-01
2.259436e+05 9.450112e-01 2.997919e-01
2.296149e+05 9.436575e-01 2.951055e-01
2.333458e+05 9.422741e-01 2.904295e-01
2.371374e+05 9.408603e-01 2.857645e-01
2.409905e+05 9.394157e-01 2.811118e-01
2.449063e+05 9.379398e-01 2.764724e-01
2.488857e+05 9.364322e-01 2.718477e-01
2.529298e+05 9.348923e-01 2.672386e-01
2.570396e+05 9.333197e-01 2.626463e-01
2.612161e+05 9.317139e-01 2.580719e-01
2.654606e+05 9.300743e-01 2.535163e-01
2.697739e+05 9.284006e-01 2.489810e-01
2.741574e+05 9.266922e-01 2.444669e-01
2.786121e+05 9.249488e-01 2.399755e-01
2.831392e+05 9.231697e-01 2.355073e-01
2.877398e+05 9.213547e-01 2.310642e-01
2.924152e+05 9.195031e-01 2.266467e-01
2.971666e+05 9.176146e-01 2.222562e-01
3.019952e+05 9.156888e-01 2.178939e-01
3.069022e+05 9.137252e-01 2.135609e-01
3.118890e+05 9.117233e-01 2.092580e-01
3.169567e+05 9.096829e-01 2.049868e-01
3.221069e+05 9.076034e-01 2.007481e-01
3.273407e+05 9.054846e-01 1.965432e-01
3.326596e+05 9.033260e-01 1.923730e-01
3.380648e+05 9.011273e-01 1.882387e-01
3.435579e+05 8.988880e-01 1.841410e-01
3.491403e+05 8.966080e-01 1.800814e-01
3.548134e+05 8.942868e-01 1.760607e-01
3.605786e+05 8.919242e-01 1.720799e-01
3.664376e+05 8.895198e-01 1.681399e-01
3.723917e+05 8.870734e-01 1.642417e-01
3.784426e+05 8.845848e-01 1.603864e-01
3.845918e+05 8.820536e-01 1.565746e-01
3.908409e+05 8.794798e-01 1.528075e-01
3.971915e+05 8.768630e-01 1.490857e-01
4.036454e+05 8.742032e-01 1.454101e-01
4.102041e+05 8.715001e-01 1.417815e-01
4.168694e+05 8.687536e-01 1.382006e-01
4.236430e+05 8.659636e-01 1.346681e-01
4.305266e+05 8.631301e-01 1.311848e-01
4.375221e+05 8.602529e-01 1.277513e-01
4.446313e+05 8.573321e-01 1.243683e-01
4.518559e+05 8.543675e-01 1.210361e-01
4.591980e+05 8.513593e-01 1.177556e-01
4.666594e+05 8.483074e-01 1.145270e-01
4.742420e+05 8.452119e-01 1.113509e-01
4.819478e+05 8.420729e-01 1.082278e-01
4.897788e+05 8.388905e-01 1.051579e-01
4.977371e+05 8.356649e-01 1.021416e-01
5.058247e+05 8.323962e-01 9.917926e-02
5.140437e+05 8.290847e-01 9.627113e-02
5.223962e+05 8.257305e-01 9.341734e-02
5.308844e+05 8.223340e-01 9.061816e-02
5.395106e+05 8.188953e-01 8.787356e-02
5.482770e+05 8.154149e-01 8.518378e-02
5.571857e+05 8.118931e-01 8.254882e-02
5.662393e+05 8.083301e-01 7.996855e-02
5.754399e+05 8.047265e-01 7.744306e-02
5.847901e+05 8.010827e-01 7.497224e-02
5.942922e+05 7.973991e-01 7.255593e-02
6.039486e+05 7.936763e-01 7.019401e-02
6.137620e+05 7.899146e-01 6.788615e-02
6.237348e+05 7.861147e-01 6.563219e-02
6.338697e+05 7.822772e-01 6.343185e-02
6.441693e+05 7.784026e-01 6.128474e-02
6.546362e+05 7.744916e-01 5.919055e-02
6.652732e+05 7.705448e-01 5.714883e-02
6.760830e+05 7.665629e-01 5.515917e-02
6.870684e+05 7.625466e-01 5.322108e-02
6.982324e+05 7.584966e-01 5.133406e-02
7.095778e+05 7.544136e-01 4.949755e-02
7.211075e+05 7.502986e-01 4.771107e-02
7.328245e+05 7.461521e-01 4.597390e-02
7.447320e+05 7.419751e-01 4.428550e-02
7.568329e+05 7.377684e-01 4.264521e-02
7.691304e+05 7.335328e-01 4.105232e-02
7.816278e+05 7.292692e-01 3.950615e-02
7.943282e+05 7.249786e-01 3.800603e-02
8.072350e+05 7.206617e-01 3.655113e-02
8.203515e+05 7.163196e-01 3.514076e-02
8.336812e+05 7.119531e-01 3.377410e-02
8.472274e+05 7.075633e-01 3.245040e-02
8.609938e+05 7.031510e-01 3.116882e-02
8.749838e+05 6.987174e-01 2.992861e-02
8.892011e+05 6.942632e-01 2.872884e-02
9.036495e+05 6.897896e-01 2.756875e-02
9.183326e+05 6.852976e-01 2.644749e-02
9.332543e+05 6.807881e-01 2.536418e-02
9.484185e+05 6.762622e-01 2.431798e-02
9.638290e+05 6.717209e-01 2.330804e-02
9.794900e+05 6.671651e-01 2.233346e-02
9.954054e+05 6.625961e-01 2.139343e-02
1.011579e+06 6.580148e-01 2.048707e-02
1.028016e+06 6.534220e-01 1.961348e-02
1.044720e+06 6.488190e-01 1.877185e-02
1.061696e+06 6.442066e-01 1.796129e-02
1.078947e+06 6.395862e-01 1.718100e-02
1.096478e+06 6.349587e-01 1.643014e-02
1.114295e+06 6.303247e-01 1.570779e-02
1.132400e+06 6.256858e-01 1.501323e-02
1.150800e+06 6.210426e-01 1.434556e-02
1.169499e+06 6.163962e-01 1.370401e-02
1.188502e+06 6.117476e-01 1.308777e-02
1.207814e+06 6.070976e-01 1.249603e-02
1.227439e+06 6.024476e-01 1.192808e-02
1.247384e+06 5.977981e-01 1.138309e-02
1.267652e+06 5.931504e-01 1.086035e-02
1.288250e+06 5.885052e-01 1.035911e-02
1.309182e+06 5.838636e-01 9.878655e-03
1.330454e+06 5.792264e-01 9.418271e-03
1.352073e+06 5.745943e-01 8.977243e-03
1.374042e+06 5.699686e-01 8.554933e-03
1.396368e+06 5.653499e-01 8.150653e-03
1.419058e+06 5.607388e-01 7.763735e-03
1.442115e+06 5.561368e-01 7.393600e-03
1.465548e+06 5.515440e-01 7.039574e-03
1.489361e+06 5.469617e-01 6.701095e-03
1.513561e+06 5.423905e-01 6.377563e-03
1.538155e+06 5.378309e-01 6.068391e-03
1.563148e+06 5.332841e-01 5.773057e-03
1.588547e+06 5.287507e-01 5.491011e-03
1.614359e+06 5.242312e-01 5.221720e-03
1.640590e+06 5.197265e-01 4.964689e-03
1.667247e+06 5.152372e-01 4.719422e-03
1.694338e+06 5.107638e-01 4.485435e-03
1.721869e+06 5.063071e-01 4.262275e-03
1.749847e+06 5.018678e-01 4.049500e-03
1.778279e+06 4.974464e-01 3.846673e-03
1.807174e+06 4.930433e-01 3.653370e-03
1.836538e+06 4.886593e-01 3.469198e-03
1.866380e+06 4.842947e-01 3.293758e-03
1.896706e+06 4.799503e-01 3.126687e-03
1.927525e+06 4.756265e-01 2.967617e-03
1.958845e+06 4.713236e-01 2.816194e-03
1.990673e+06 4.670423e-01 2.672089e-03
2.023019e+06 4.627829e-01 2.534975e-03
2.055891e+06 4.585458e-01 2.404538e-03
2.089296e+06 4.543316e-01 2.280487e-03
2.123244e+06 4.501406e-01 2.162529e-03
2.157744e+06 4.459731e-01 2.050386e-03
2.192805e+06 4.418294e-01 1.943790e-03
2.228435e+06 4.377100e-01 1.842492e-03
2.264644e+06 4.336151e-01 1.746243e-03
2.301442e+06 4.295451e-01 1.654810e-03
2.338837e+06 4.255002e-01 1.567967e-03
2.376840e+06 4.214808e-01 1.485501e-03
2.415461e+06 4.174870e-01 1.407200e-03
2.454709e+06 4.135191e-01 1.332870e-03
2.494595e+06 4.095774e-01 1.262321e-03
2.535129e+06 4.056620e-01 1.195371e-03
2.576321e+06 4.017733e-01 1.131848e-03
2.618183e+06 3.979112e-01 1.071584e-03
2.660725e+06 3.940760e-01 1.014421e-03
2.703958e+06 3.902679e-01 9.602086e-04
2.747894e+06 3.864869e-01 9.088003e-04
2.792544e+06 3.827332e-01 8.600588e-04
2.837919e+06 3.790071e-01 8.138547e-04
2.884032e+06 3.753084e-01 7.700582e-04
2.930893e+06 3.716374e-01 7.285518e-04
2.978516e+06 3.679942e-01 6.892213e-04
3.026913e+06 3.643787e-01 6.519555e-04
3.076097e+06 3.607910e-01 6.166509e-04
3.126079e+06 3.572312e-01 5.832090e-04
3.176874e+06 3.536994e-01 5.515357e-04
3.228494e+06 3.501955e-01 5.215401e-04
3.280953e+06 3.467196e-01 4.931372e-04
3.334264e+06 3.432717e-01 4.662454e-04
3.388442e+06 3.398517e-01 4.407863e-04
3.443499e+06 3.364598e-01 4.166877e-04
3.499452e+06 3.330957e-01 3.938773e-04
3.556313e+06 3.297597e-01 3.722906e-04
3.614099e+06 3.264514e-01 3.518618e-04
3.672823e+06 3.231711e-01 3.325326e-04
3.732502e+06 3.199186e-01 3.142447e-04
3.793150e+06 3.166938e-01 2.969434e-04
3.854784e+06 3.134967e-01 2.805773e-04
3.917419e+06 3.103272e-01 2.650971e-04
3.981072e+06 3.071853e-01 2.504564e-04
4.045759e+06 3.040708e-01 2.366103e-04
4.111497e+06 3.009837e-01 2.235172e-04
4.178304e+06 2.979239e-01 2.111371e-04
4.246196e+06 2.948912e-01 1.994317e-04
4.315191e+06 2.918856e-01 1.883654e-04
4.385307e+06 2.889071e-01 1.779045e-04
4.456562e+06 2.859553e-01 1.680157e-04
4.528976e+06 2.830303e-01 1.586690e-04
4.602566e+06 2.801320e-01 1.498354e-04
4.677351e+06 2.772601e-01 1.414867e-04
4.753352e+06 2.744146e-01 1.335973e-04
4.830588e+06 2.715953e-01 1.261422e-04
4.909079e+06 2.688021e-01 1.190980e-04
4.988845e+06 2.660349e-01 1.124425e-04
5.069907e+06 2.632935e-01 1.061546e-04
5.152286e+06 2.605777e-01 1.002142e-04
5.236004e+06 2.578875e-01 9.460266e-05
5.321083e+06 2.552226e-01 8.930184e-05
5.407543e+06 2.525830e-01 8.429508e-05
5.495409e+06 2.499684e-01 7.956605e-05
5.584702e+06 2.473787e-01 7.509967e-05
5.675446e+06 2.448138e-01 7.088168e-05
5.767665e+06 2.422735e-01 6.689838e-05
5.861382e+06 2.397575e-01 6.313671e-05
5.956621e+06 2.372659e-01 5.958486e-05
6.053409e+06 2.347983e-01 5.623097e-05
6.151769e+06 2.323546e-01 5.306424e-05
6.251727e+06 2.299347e-01 5.007444e-05
6.353309e+06 2.275384e-01 4.725176e-05
6.456542e+06 2.251654e-01 4.458683e-05
6.561453e+06 2.228157e-01 4.207112e-05
6.668068e+06 2.204891e-01 3.969633e-05
6.776415e+06 2.181853e-01 3.745454e-05
6.886523e+06 2.159043e-01 3.533854e-05
6.998420e+06 2.136458e-01 3.334122e-05
7.112135e+06 2.114097e-01 3.145607e-05
7.227698e+06 2.091958e-01 2.967683e-05
7.345139e+06 2.070039e-01 2.799758e-05
7.464488e+06 2.048338e-01 2.641274e-05
7.585776e+06 2.026853e-01 2.491703e-05
7.709035e+06 2.005584e-01 2.350560e-05
7.834296e+06 1.984528e-01 2.217367e-05
7.961594e+06 1.963683e-01 2.091677e-05
8.090959e+06 1.943047e-01 1.973071e-05
8.222426e+06 1.922619e-01 1.861156e-05
8.356030e+06 1.902398e-01 1.755561e-05
8.491805e+06 1.882380e-01 1.655922e-05
8.629785e+06 1.862565e-01 1.561913e-05
8.770008e+06 1.842951e-01 1.473217e-05
8.912509e+06 1.823536e-01 1.389534e-05
9.057326e+06 1.804318e-01 1.310583e-05
9.204496e+06 1.785295e-01 1.236097e-05
9.354057e+06 1.766466e-01 1.165826e-05
9.506048e+06 1.747830e-01 1.099537e-05
9.660509e+06 1.729383e-01 1.036998e-05
9.817479e+06 1.711125e-01 9.780033e-06
9.977001e+06 1.693054e-01 9.223522e-06
1.013911e+07 1.675169e-01 8.698583e-06
1.030386e+07 1.657467e-01 8.203399e-06
1.047129e+07 1.639946e-01 7.736284e-06
1.064143e+07 1.622606e-01 7.295697e-06
1.081434e+07 1.605445e-01 6.880130e-06
1.099006e+07 1.588460e-01 6.488139e-06
1.116863e+07 1.571650e-01 6.118407e-06
1.135011e+07 1.555014e-01 5.769690e-06
1.153453e+07 1.538550e-01 5.440790e-06
1.172195e+07 1.522256e-01 5.130579e-06
1.191242e+07 1.506130e-01 4.837993e-06
1.210598e+07 1.490172e-01 4.562063e-06
1.230269e+07 1.474379e-01 4.301820e-06
1.250259e+07 1.458751e-01 4.056401e-06
1.270574e+07 1.443284e-01 3.824928e-06
1.291219e+07 1.427978e-01 3.606635e-06
1.312200e+07 1.412832e-01 3.400780e-06
1.333521e+07 1.397843e-01 3.206640e-06
1.355189e+07 1.383010e-01 3.023555e-06
1.377209e+07 1.368332e-01 2.850905e-06
1.399587e+07 1.353807e-01 2.688091e-06
1.422329e+07 1.339433e-01 2.534549e-06
1.445440e+07 1.325209e-01 2.389759e-06
1.468926e+07 1.311135e-01 2.253236e-06
1.492794e+07 1.297207e-01 2.124487e-06
1.517050e+07 1.283425e-01 2.003083e-06
1.541700e+07 1.269788e-01 1.888609e-06
1.566751e+07 1.256293e-01 1.780660e-06
1.592209e+07 1.242939e-01 1.678867e-06
1.618080e+07 1.229726e-01 1.582889e-06
1.644372e+07 1.216651e-01 1.492386e-06
1.671091e+07 1.203714e-01 1.407054e-06
1.698244e+07 1.190912e-01 1.326588e-06
1.725838e+07 1.178245e-01 1.250719e-06
1.753881e+07 1.165711e-01 1.179182e-06
1.782379e+07 1.153309e-01 1.111733e-06
1.811340e+07 1.141037e-01 1.048133e-06
1.840772e+07 1.128894e-01 9.881662e-07
1.870682e+07 1.116880e-01 9.316308e-07
1.901078e+07 1.104991e-01 8.783191e-07
1.931968e+07 1.093228e-01 8.280572e-07
1.963360e+07 1.081589e-01 7.806681e-07
1.995262e+07 1.070073e-01 7.359887e-07
2.027683e+07 1.058678e-01 6.938618e-07
2.060630e+07 1.047404e-01 6.541460e-07
2.094112e+07 1.036248e-01 6.166976e-07
2.128139e+07 1.025211e-01 5.813946e-07
2.162719e+07 1.014289e-01 5.481056e-07
2.197860e+07 1.003484e-01 5.167253e-07
2.233572e+07 9.927923e-02 4.871373e-07
2.269865e+07 9.822137e-02 4.592421e-07
2.306747e+07 9.717471e-02 4.329431e-07
2.344229e+07 9.613911e-02 4.081484e-07
2.382319e+07 9.511450e-02 3.847732e-07
2.421029e+07 9.410070e-02 3.627348e-07
2.460368e+07 9.309763e-02 3.419576e-07
2.500345e+07 9.210522e-02 3.223702e-07
2.540973e+07 9.112328e-02 3.039031e-07
2.582260e+07 9.015177e-02 2.864936e-07
2.624219e+07 8.919054e-02 2.700803e-07
2.666859e+07 8.823951e-02 2.546069e-07
2.710192e+07 8.729855e-02 2.400192e-07
2.754229e+07 8.636758e-02 2.262668e-07
2.798981e+07 8.544649e-02 2.133019e-07
2.844461e+07 8.453516e-02 2.010793e-07
2.890680e+07 8.363350e-02 1.895566e-07
2.937650e+07 8.274140e-02 1.786937e-07
2.985383e+07 8.185878e-02 1.684531e-07
3.033891e+07 8.098554e-02 1.587990e-07
3.083188e+07 8.012156e-02 1.496978e-07
3.133286e+07 7.926676e-02 1.411180e-07
3.184198e+07 7.842103e-02 1.330295e-07
3.235937e+07 7.758430e-02 1.254046e-07
3.288516e+07 7.675646e-02 1.182164e-07
3.341950e+07 7.593741e-02 1.114400e-07
3.396253e+07 7.512706e-02 1.050518e-07
3.451437e+07 7.432534e-02 9.902974e-08
3.507519e+07 7.353212e-02 9.335256e-08
3.564511e+07 7.274736e-02 8.800086e-08
3.622430e+07 7.197093e-02 8.295573e-08
3.681290e+07 7.120276e-02 7.819973e-08
3.741106e+07 7.044277e-02 7.371633e-08
3.801894e+07 6.969086e-02 6.948983e-08
3.863670e+07 6.894695e-02 6.550557e-08
3.926449e+07 6.821096e-02 6.174967e-08
3.990249e+07 6.748280e-02 5.820904e-08
4.055085e+07 6.676239e-02 5.487134e-08
4.120975e+07 6.604965e-02 5.172496e-08
4.187936e+07 6.534449e-02 4.875890e-08
4.255984e+07 6.464685e-02 4.596291e-08
4.325138e+07 6.395663e-02 4.332717e-08
4.395416e+07 6.327376e-02 4.084252e-08
4.466836e+07 6.259817e-02 3.850034e-08
4.539416e+07 6.192977e-02 3.629241e-08
4.613176e+07 6.126849e-02 3.421107e-08
4.688134e+07 6.061426e-02 3.224907e-08
4.764310e+07 5.996700e-02 3.039956e-08
4.841724e+07 5.932663e-02 2.865607e-08
4.920395e+07 5.869309e-02 2.701257e-08
5.000345e+07 5.806630e-02 2.546330e-08
5.081594e+07 5.744619e-02 2.400286e-08
5.164164e+07 5.683269e-02 2.262616e-08
5.248075e+07 5.622573e-02 2.132841e-08
5.333349e+07 5.562524e-02 2.010507e-08
5.420009e+07 5.503115e-02 1.895188e-08
5.508077e+07 5.444339e-02 1.786482e-08
5.597576e+07 5.386190e-02 1.684010e-08
5.688529e+07 5.328662e-02 1.587416e-08
5.780960e+07 5.271746e-02 1.496359e-08
5.874894e+07 5.215437e-02 1.410525e-08
5.970353e+07 5.159730e-02 1.329615e-08
6.067363e+07 5.104616e-02 1.253344e-08
6.165950e+07 5.050090e-02 1.181448e-08
6.266139e+07 4.996145e-02 1.113674e-08
6.367955e+07 4.942777e-02 1.049789e-08
6.471426e+07 4.889977e-02 9.895672e-09
6.576578e+07 4.837741e-02 9.328000e-09
6.683439e+07 4.786062e-02 8.792884e-09
6.792036e+07 4.734934e-02 8.288458e-09
6.902398e+07 4.684352e-02 7.812970e-09
7.014553e+07 4.634309e-02 7.364748e-09
7.128530e+07 4.584801e-02 6.942246e-09
7.244360e+07 4.535821e-02 6.543976e-09
7.362071e+07 4.487363e-02 6.168545e-09
7.481695e+07 4.439423e-02 5.814657e-09
7.603263e+07 4.391994e-02 5.481064e-09
7.726806e+07 4.345072e-02 5.166613e-09
7.852356e+07 4.298651e-02 4.870201e-09
7.979947e+07 4.252724e-02 4.590783e-09
8.109611e+07 4.207288e-02 4.327399e-09
8.241381e+07 4.162337e-02 4.079124e-09
8.375293e+07 4.117866e-02 3.845093e-09
8.511380e+07 4.073870e-02 3.624488e-09
8.649679e+07 4.030343e-02 3.416536e-09
8.790225e+07 3.987281e-02 3.220515e-09
8.933055e+07 3.944679e-02 3.035741e-09
9.078205e+07 3.902532e-02 2.861567e-09
9.225714e+07 3.860834e-02 2.697382e-09
9.375620e+07 3.819582e-02 2.542620e-09
9.527962e+07 3.778770e-02 2.396734e-09
9.682779e+07 3.738394e-02 2.259219e-09
9.840111e+07 3.698449e-02 2.129593e-09
1.000000e+08 3.658931e-02 2.007405e-09
