0.000000e+00 1.000000e+00 1.000000e+00 0.000000e+00
5.000000e+05 9.998476e-01 9.509203e-01 7.598583e-06
1.000000e+06 9.994489e-01 9.119893e-01 4.730092e-05
1.500000e+06 9.988315e-01 8.765772e-01 1.377030e-04
2.000000e+06 9.980096e-01 8.434965e-01 2.935909e-04
2.500000e+06 9.969933e-01 8.122128e-01 5.276157e-04
3.000000e+06 9.957907e-01 7.824227e-01 8.508764e-04
3.500000e+06 9.944089e-01 7.539315e-01 1.273209e-03
4.000000e+06 9.928544e-01 7.266040e-01 1.803357e-03
4.500000e+06 9.911330e-01 7.003403e-01 2.449078e-03
5.000000e+06 9.892505e-01 6.750637e-01 3.217221e-03
5.500000e+06 9.872125e-01 6.507131e-01 4.113786e-03
6.000000e+06 9.850244e-01 6.272381e-01 5.143969e-03
6.500000e+06 9.826914e-01 6.045960e-01 6.312203e-03
7.000000e+06 9.802188e-01 5.827503e-01 7.622192e-03
7.500000e+06 9.776117e-01 5.616685e-01 9.076947e-03
8.000000e+06 9.748753e-01 5.413215e-01 1.067881e-02
8.500000e+06 9.720146e-01 5.216831e-01 1.242951e-02
9.000000e+06 9.690347e-01 5.027287e-01 1.433015e-02
9.500000e+06 9.659404e-01 4.844356e-01 1.638128e-02
1.000000e+07 9.627369e-01 4.667824e-01 1.858292e-02
1.050000e+07 9.594288e-01 4.497486e-01 2.093456e-02
1.100000e+07 9.560211e-01 4.333148e-01 2.343524e-02
1.150000e+07 9.525186e-01 4.174624e-01 2.608354e-02
1.200000e+07 9.489259e-01 4.021731e-01 2.887763e-02
1.250000e+07 9.452477e-01 3.874295e-01 3.181531e-02
1.300000e+07 9.414885e-01 3.732146e-01 3.489402e-02
1.350000e+07 9.376528e-01 3.595118e-01 3.811088e-02
1.400000e+07 9.337450e-01 3.463050e-01 4.146273e-02
1.450000e+07 9.297694e-01 3.335785e-01 4.494614e-02
1.500000e+07 9.257303e-01 3.213168e-01 4.855745e-02
1.550000e+07 9.216318e-01 3.095050e-01 5.229280e-02
1.600000e+07 9.174779e-01 2.981283e-01 5.614815e-02
1.650000e+07 9.132725e-01 2.871725e-01 6.011929e-02
1.700000e+07 9.090194e-01 2.766236e-01 6.420191e-02
1.750000e+07 9.047225e-01 2.664678e-01 6.839156e-02
1.800000e+07 9.003852e-01 2.566918e-01 7.268375e-02
1.850000e+07 8.960111e-01 2.472826e-01 7.707389e-02
1.900000e+07 8.916037e-01 2.382275e-01 8.155736e-02
1.950000e+07 8.871661e-01 2.295141e-01 8.612951e-02
2.000000e+07 8.827016e-01 2.211304e-01 9.078569e-02
2.050000e+07 8.782133e-01 2.130646e-01 9.552125e-02
2.100000e+07 8.737040e-01 2.053055e-01 1.003315e-01
2.150000e+07 8.691767e-01 1.978417e-01 1.052120e-01
2.200000e+07 8.646342e-01 1.906627e-01 1.101581e-01
2.250000e+07 8.600789e-01 1.837579e-01 1.151653e-01
2.300000e+07 8.555135e-01 1.771173e-01 1.202291e-01
2.350000e+07 8.509405e-01 1.707309e-01 1.253454e-01
2.400000e+07 8.463620e-01 1.645894e-01 1.305097e-01
2.450000e+07 8.417805e-01 1.586833e-01 1.357179e-01
2.500000e+07 8.371979e-01 1.530039e-01 1.409660e-01
2.550000e+07 8.326163e-01 1.475425e-01 1.462500e-01
2.600000e+07 8.280377e-01 1.422908e-01 1.515659e-01
2.650000e+07 8.234639e-01 1.372407e-01 1.569101e-01
2.700000e+07 8.188967e-01 1.323844e-01 1.622790e-01
2.750000e+07 8.143377e-01 1.277144e-01 1.676689e-01
2.800000e+07 8.097885e-01 1.232236e-01 1.730765e-01
2.850000e+07 8.052507e-01 1.189048e-01 1.784985e-01
2.900000e+07 8.007256e-01 1.147513e-01 1.839317e-01
2.950000e+07 7.962146e-01 1.107567e-01 1.893730e-01
3.000000e+07 7.917190e-01 1.069148e-01 1.948196e-01
3.050000e+07 7.872400e-01 1.032194e-01 2.002686e-01
3.100000e+07 7.827786e-01 9.966485e-02 2.057173e-01
3.150000e+07 7.783361e-01 9.624553e-02 2.111631e-01
3.200000e+07 7.739133e-01 9.295609e-02 2.166036e-01
3.250000e+07 7.695112e-01 8.979137e-02 2.220364e-01
3.300000e+07 7.651306e-01 8.674641e-02 2.274592e-01
3.350000e+07 7.607725e-01 8.381645e-02 2.328699e-01
3.400000e+07 7.564375e-01 8.099691e-02 2.382666e-01
3.450000e+07 7.521264e-01 7.828341e-02 2.436471e-01
3.500000e+07 7.478398e-01 7.567171e-02 2.490098e-01
3.550000e+07 7.435784e-01 7.315776e-02 2.543529e-01
3.600000e+07 7.393426e-01 7.073766e-02 2.596748e-01
3.650000e+07 7.351331e-01 6.840768e-02 2.649738e-01
3.700000e+07 7.309502e-01 6.616423e-02 2.702486e-01
3.750000e+07 7.267945e-01 6.400387e-02 2.754979e-01
3.800000e+07 7.226663e-01 6.192329e-02 2.807202e-01
3.850000e+07 7.185660e-01 5.991932e-02 2.859144e-01
3.900000e+07 7.144939e-01 5.798892e-02 2.910795e-01
3.950000e+07 7.104502e-01 5.612918e-02 2.962143e-01
4.000000e+07 7.064354e-01 5.433729e-02 3.013178e-01
4.050000e+07 7.024495e-01 5.261057e-02 3.063892e-01
4.100000e+07 6.984927e-01 5.094645e-02 3.114277e-01
4.150000e+07 6.945653e-01 4.934245e-02 3.164324e-01
4.200000e+07 6.906674e-01 4.779621e-02 3.214026e-01
4.250000e+07 6.867992e-01 4.630547e-02 3.263377e-01
4.300000e+07 6.829606e-01 4.486803e-02 3.312372e-01
4.350000e+07 6.791517e-01 4.348182e-02 3.361003e-01
4.400000e+07 6.753728e-01 4.214483e-02 3.409268e-01
4.450000e+07 6.716236e-01 4.085515e-02 3.457160e-01
4.500000e+07 6.679044e-01 3.961092e-02 3.504677e-01
4.550000e+07 6.642150e-01 3.841040e-02 3.551814e-01
4.600000e+07 6.605554e-01 3.725188e-02 3.598569e-01
4.650000e+07 6.569257e-01 3.613374e-02 3.644939e-01
4.700000e+07 6.533257e-01 3.505443e-02 3.690922e-01
4.750000e+07 6.497554e-01 3.401245e-02 3.736516e-01
4.800000e+07 6.462147e-01 3.300637e-02 3.781719e-01
4.850000e+07 6.427035e-01 3.203482e-02 3.826529e-01
4.900000e+07 6.392218e-01 3.109648e-02 3.870947e-01
4.950000e+07 6.357693e-01 3.019010e-02 3.914972e-01
5.000000e+07 6.323461e-01 2.931445e-02 3.958603e-01
5.050000e+07 6.289518e-01 2.846837e-02 4.001839e-01
5.100000e+07 6.255865e-01 2.765076e-02 4.044682e-01
5.150000e+07 6.222499e-01 2.686054e-02 4.087132e-01
5.200000e+07 6.189419e-01 2.609669e-02 4.129188e-01
5.250000e+07 6.156624e-01 2.535822e-02 4.170853e-01
5.300000e+07 6.124111e-01 2.464418e-02 4.212127e-01
5.350000e+07 6.091879e-01 2.395368e-02 4.253011e-01
5.400000e+07 6.059926e-01 2.328583e-02 4.293507e-01
5.450000e+07 6.028250e-01 2.263981e-02 4.333616e-01
5.500000e+07 5.996849e-01 2.201481e-02 4.373340e-01
5.550000e+07 5.965721e-01 2.141006e-02 4.412681e-01
5.600000e+07 5.934864e-01 2.082483e-02 4.451641e-01
5.650000e+07 5.904277e-01 2.025840e-02 4.490222e-01
5.700000e+07 5.873956e-01 1.971009e-02 4.528425e-01
5.750000e+07 5.843901e-01 1.917925e-02 4.566254e-01
5.800000e+07 5.814108e-01 1.866525e-02 4.603711e-01
5.850000e+07 5.784576e-01 1.816749e-02 4.640798e-01
5.900000e+07 5.755302e-01 1.768538e-02 4.677518e-01
5.950000e+07 5.726284e-01 1.721836e-02 4.713873e-01
6.000000e+07 5.697521e-01 1.676591e-02 4.749867e-01
6.050000e+07 5.669009e-01 1.632751e-02 4.785502e-01
6.100000e+07 5.640747e-01 1.590265e-02 4.820780e-01
6.150000e+07 5.612732e-01 1.549088e-02 4.855706e-01
6.200000e+07 5.584962e-01 1.509172e-02 4.890281e-01
6.250000e+07 5.557436e-01 1.470474e-02 4.924509e-01
6.300000e+07 5.530149e-01 1.432952e-02 4.958393e-01
6.350000e+07 5.503101e-01 1.396565e-02 4.991936e-01
6.400000e+07 5.476289e-01 1.361274e-02 5.025141e-01
6.450000e+07 5.449711e-01 1.327041e-02 5.058011e-01
6.500000e+07 5.423365e-01 1.293830e-02 5.090549e-01
6.550000e+07 5.397247e-01 1.261607e-02 5.122758e-01
6.600000e+07 5.371357e-01 1.230337e-02 5.154642e-01
6.650000e+07 5.345692e-01 1.199989e-02 5.186204e-01
6.700000e+07 5.320249e-01 1.170532e-02 5.217447e-01
6.750000e+07 5.295026e-01 1.141935e-02 5.248374e-01
6.800000e+07 5.270022e-01 1.114170e-02 5.278988e-01
6.850000e+07 5.245234e-01 1.087209e-02 5.309293e-01
6.900000e+07 5.220659e-01 1.061026e-02 5.339292e-01
6.950000e+07 5.196296e-01 1.035594e-02 5.368988e-01
7.000000e+07 5.172142e-01 1.010890e-02 5.398384e-01
7.050000e+07 5.148196e-01 9.868889e-03 5.427483e-01
7.100000e+07 5.124455e-01 9.635682e-03 5.456289e-01
7.150000e+07 5.100917e-01 9.409055e-03 5.484805e-01
7.200000e+07 5.077580e-01 9.188798e-03 5.513034e-01
7.250000e+07 5.054442e-01 8.974703e-03 5.540978e-01
7.300000e+07 5.031500e-01 8.766573e-03 5.568642e-01
7.350000e+07 5.008753e-01 8.564216e-03 5.596028e-01
7.400000e+07 4.986199e-01 8.367449e-03 5.623140e-01
7.450000e+07 4.963835e-01 8.176093e-03 5.649980e-01
7.500000e+07 4.941660e-01 7.989978e-03 5.676551e-01
7.550000e+07 4.919672e-01 7.808938e-03 5.702858e-01
7.600000e+07 4.897869e-01 7.632814e-03 5.728901e-01
7.650000e+07 4.876248e-01 7.461452e-03 5.754685e-01
7.700000e+07 4.854807e-01 7.294703e-03 5.780213e-01
7.750000e+07 4.833546e-01 7.132425e-03 5.805487e-01
7.800000e+07 4.812462e-01 6.974479e-03 5.830511e-01
7.850000e+07 4.791552e-01 6.820731e-03 5.855287e-01
7.900000e+07 4.770816e-01 6.671053e-03 5.879818e-01
7.950000e+07 4.750251e-01 6.525320e-03 5.904107e-01
8.000000e+07 4.729856e-01 6.383413e-03 5.928157e-01
8.050000e+07 4.709628e-01 6.245215e-03 5.951970e-01
8.100000e+07 4.689567e-01 6.110613e-03 5.975550e-01
8.150000e+07 4.669669e-01 5.979501e-03 5.998899e-01
8.200000e+07 4.649934e-01 5.851773e-03 6.022020e-01
8.250000e+07 4.630359e-01 5.727328e-03 6.044916e-01
8.300000e+07 4.610944e-01 5.606069e-03 6.067588e-01
8.350000e+07 4.591685e-01 5.487900e-03 6.090040e-01
8.400000e+07 4.572583e-01 5.372732e-03 6.112275e-01
8.450000e+07 4.553634e-01 5.260475e-03 6.134295e-01
8.500000e+07 4.534837e-01 5.151044e-03 6.156102e-01
8.550000e+07 4.516191e-01 5.044357e-03 6.177699e-01
8.600000e+07 4.497694e-01 4.940334e-03 6.199089e-01
8.650000e+07 4.479344e-01 4.838898e-03 6.220274e-01
8.700000e+07 4.461141e-01 4.739975e-03 6.241256e-01
8.750000e+07 4.443081e-01 4.643491e-03 6.262038e-01
8.800000e+07 4.425165e-01 4.549378e-03 6.282622e-01
8.850000e+07 4.407389e-01 4.457567e-03 6.303011e-01
8.900000e+07 4.389754e-01 4.367994e-03 6.323207e-01
8.950000e+07 4.372256e-01 4.280594e-03 6.343211e-01
9.000000e+07 4.354895e-01 4.195307e-03 6.363028e-01
9.050000e+07 4.337670e-01 4.112073e-03 6.382658e-01
9.100000e+07 4.320579e-01 4.030835e-03 6.402103e-01
9.150000e+07 4.303620e-01 3.951537e-03 6.421367e-01
9.200000e+07 4.286792e-01 3.874125e-03 6.440451e-01
9.250000e+07 4.270094e-01 3.798547e-03 6.459358e-01
9.300000e+07 4.253524e-01 3.724753e-03 6.478088e-01
9.350000e+07 4.237082e-01 3.652694e-03 6.496646e-01
9.400000e+07 4.220764e-01 3.582321e-03 6.515032e-01
9.450000e+07 4.204572e-01 3.513589e-03 6.533248e-01
9.500000e+07 4.188502e-01 3.446454e-03 6.551298e-01
9.550000e+07 4.172554e-01 3.380873e-03 6.569182e-01
9.600000e+07 4.156727e-01 3.316802e-03 6.586902e-01
9.650000e+07 4.141018e-01 3.254203e-03 6.604461e-01
9.700000e+07 4.125428e-01 3.193035e-03 6.621860e-01
9.750000e+07 4.109954e-01 3.133260e-03 6.639102e-01
9.800000e+07 4.094597e-01 3.074842e-03 6.656187e-01
9.850000e+07 4.079353e-01 3.017744e-03 6.673119e-01
9.900000e+07 4.064222e-01 2.961932e-03 6.689898e-01
9.950000e+07 4.049204e-01 2.907372e-03 6.706527e-01
1.000000e+08 4.034296e-01 2.854030e-03 6.723008e-01
1.005000e+08 4.019498e-01 2.801876e-03 6.739341e-01
1.010000e+08 4.004809e-01 2.750879e-03 6.755529e-01
1.015000e+08 3.990227e-01 2.701008e-03 6.771573e-01
1.020000e+08 3.975751e-01 2.652234e-03 6.787476e-01
1.025000e+08 3.961381e-01 2.604530e-03 6.803238e-01
1.030000e+08 3.947115e-01 2.557867e-03 6.818862e-01
1.035000e+08 3.932952e-01 2.512220e-03 6.834349e-01
1.040000e+08 3.918891e-01 2.467562e-03 6.849700e-01
1.045000e+08 3.904931e-01 2.423869e-03 6.864917e-01
1.050000e+08 3.891071e-01 2.381116e-03 6.880003e-01
1.055000e+08 3.877310e-01 2.339279e-03 6.894957e-01
1.060000e+08 3.863648e-01 2.298336e-03 6.909782e-01
1.065000e+08 3.850082e-01 2.258263e-03 6.924479e-01
1.070000e+08 3.836612e-01 2.219040e-03 6.939050e-01
1.075000e+08 3.823237e-01 2.180646e-03 6.953497e-01
1.080000e+08 3.809957e-01 2.143059e-03 6.967819e-01
1.085000e+08 3.796770e-01 2.106261e-03 6.982020e-01
1.090000e+08 3.783675e-01 2.070231e-03 6.996100e-01
1.095000e+08 3.770671e-01 2.034951e-03 7.010060e-01
1.100000e+08 3.757758e-01 2.000403e-03 7.023903e-01
1.105000e+08 3.744934e-01 1.966568e-03 7.037629e-01
1.110000e+08 3.732199e-01 1.933430e-03 7.051240e-01
1.115000e+08 3.719552e-01 1.900972e-03 7.064737e-01
1.120000e+08 3.706992e-01 1.869177e-03 7.078121e-01
1.125000e+08 3.694518e-01 1.838030e-03 7.091394e-01
1.130000e+08 3.682129e-01 1.807515e-03 7.104556e-01
1.135000e+08 3.669824e-01 1.777617e-03 7.117610e-01
1.140000e+08 3.657604e-01 1.748322e-03 7.130555e-01
1.145000e+08 3.645466e-01 1.719614e-03 7.143395e-01
1.150000e+08 3.633409e-01 1.691481e-03 7.156129e-01
1.155000e+08 3.621434e-01 1.663909e-03 7.168758e-01
1.160000e+08 3.609540e-01 1.636885e-03 7.181285e-01
1.165000e+08 3.597725e-01 1.610396e-03 7.193710e-01
1.170000e+08 3.585989e-01 1.584429e-03 7.206034e-01
1.175000e+08 3.574331e-01 1.558973e-03 7.218258e-01
1.180000e+08 3.562750e-01 1.534016e-03 7.230384e-01
1.185000e+08 3.551246e-01 1.509545e-03 7.242412e-01
1.190000e+08 3.539818e-01 1.485551e-03 7.254344e-01
1.195000e+08 3.528465e-01 1.462022e-03 7.266180e-01
1.200000e+08 3.517187e-01 1.438948e-03 7.277922e-01
1.205000e+08 3.505982e-01 1.416318e-03 7.289571e-01
1.210000e+08 3.494851e-01 1.394123e-03 7.301128e-01
1.215000e+08 3.483791e-01 1.372351e-03 7.312593e-01
1.220000e+08 3.472804e-01 1.350995e-03 7.323968e-01
1.225000e+08 3.461887e-01 1.330045e-03 7.335254e-01
1.230000e+08 3.451041e-01 1.309491e-03 7.346451e-01
1.235000e+08 3.440264e-01 1.289325e-03 7.357561e-01
1.240000e+08 3.429557e-01 1.269538e-03 7.368584e-01
1.245000e+08 3.418918e-01 1.250122e-03 7.379522e-01
1.250000e+08 3.408347e-01 1.231068e-03 7.390375e-01
1.255000e+08 3.397842e-01 1.212370e-03 7.401144e-01
1.260000e+08 3.387405e-01 1.194018e-03 7.411830e-01
1.265000e+08 3.377033e-01 1.176005e-03 7.422435e-01
1.270000e+08 3.366727e-01 1.158325e-03 7.432958e-01
1.275000e+08 3.356485e-01 1.140969e-03 7.443401e-01
1.280000e+08 3.346308e-01 1.123932e-03 7.453764e-01
1.285000e+08 3.336194e-01 1.107205e-03 7.464049e-01
1.290000e+08 3.326143e-01 1.090782e-03 7.474257e-01
1.295000e+08 3.316154e-01 1.074657e-03 7.484387e-01
1.300000e+08 3.306227e-01 1.058824e-03 7.494441e-01
1.305000e+08 3.296362e-01 1.043275e-03 7.504420e-01
1.310000e+08 3.286557e-01 1.028006e-03 7.514324e-01
1.315000e+08 3.276812e-01 1.013010e-03 7.524154e-01
1.320000e+08 3.267127e-01 9.982822e-04 7.533911e-01
1.325000e+08 3.257501e-01 9.838157e-04 7.543596e-01
1.330000e+08 3.247934e-01 9.696057e-04 7.553209e-01
1.335000e+08 3.238425e-01 9.556468e-04 7.562752e-01
1.340000e+08 3.228973e-01 9.419337e-04 7.572224e-01
1.345000e+08 3.219578e-01 9.284614e-04 7.581627e-01
1.350000e+08 3.210240e-01 9.152248e-04 7.590961e-01
1.355000e+08 3.200958e-01 9.022192e-04 7.600228e-01
1.360000e+08 3.191732e-01 8.894397e-04 7.609427e-01
1.365000e+08 3.182560e-01 8.768817e-04 7.618559e-01
1.370000e+08 3.173443e-01 8.645408e-04 7.627625e-01
1.375000e+08 3.164381e-01 8.524125e-04 7.636626e-01
1.380000e+08 3.155371e-01 8.404924e-04 7.645563e-01
1.385000e+08 3.146415e-01 8.287765e-04 7.654435e-01
1.390000e+08 3.137512e-01 8.172605e-04 7.663245e-01
1.395000e+08 3.128661e-01 8.059404e-04 7.671991e-01
1.400000e+08 3.119862e-01 7.948123e-04 7.680675e-01
1.405000e+08 3.111114e-01 7.838724e-04 7.689298e-01
1.410000e+08 3.102417e-01 7.731169e-04 7.697860e-01
1.415000e+08 3.093770e-01 7.625422e-04 7.706362e-01
1.420000e+08 3.085174e-01 7.521446e-04 7.714804e-01
1.425000e+08 3.076627e-01 7.419208e-04 7.723187e-01
1.430000e+08 3.068129e-01 7.318671e-04 7.731511e-01
1.435000e+08 3.059681e-01 7.219804e-04 7.739778e-01
1.440000e+08 3.051280e-01 7.122574e-04 7.747987e-01
1.445000e+08 3.042928e-01 7.026948e-04 7.756139e-01
1.450000e+08 3.034623e-01 6.932895e-04 7.764235e-01
1.455000e+08 3.026365e-01 6.840385e-04 7.772275e-01
1.460000e+08 3.018154e-01 6.749388e-04 7.780260e-01
1.465000e+08 3.009989e-01 6.659874e-04 7.788191e-01
1.470000e+08 3.001871e-01 6.571816e-04 7.796067e-01
1.475000e+08 2.993797e-01 6.485186e-04 7.803890e-01
1.480000e+08 2.985770e-01 6.399955e-04 7.811659e-01
1.485000e+08 2.977787e-01 6.316097e-04 7.819376e-01
1.490000e+08 2.969848e-01 6.233587e-04 7.827041e-01
1.495000e+08 2.961954e-01 6.152399e-04 7.834654e-01
1.500000e+08 2.954103e-01 6.072507e-04 7.842216e-01
1.505000e+08 2.946296e-01 5.993887e-04 7.849728e-01
1.510000e+08 2.938532e-01 5.916516e-04 7.857189e-01
1.515000e+08 2.930811e-01 5.840370e-04 7.864601e-01
1.520000e+08 2.923132e-01 5.765426e-04 7.871964e-01
1.525000e+08 2.915494e-01 5.691661e-04 7.879277e-01
1.530000e+08 2.907899e-01 5.619054e-04 7.886543e-01
1.535000e+08 2.900345e-01 5.547584e-04 7.893761e-01
1.540000e+08 2.892832e-01 5.477229e-04 7.900931e-01
1.545000e+08 2.885360e-01 5.407968e-04 7.908054e-01
1.550000e+08 2.877927e-01 5.339783e-04 7.915131e-01
1.555000e+08 2.870535e-01 5.272652e-04 7.922161e-01
1.560000e+08 2.863183e-01 5.206557e-04 7.929146e-01
1.565000e+08 2.855870e-01 5.141479e-04 7.936086e-01
1.570000e+08 2.848596e-01 5.077399e-04 7.942981e-01
1.575000e+08 2.841361e-01 5.014299e-04 7.949831e-01
1.580000e+08 2.834164e-01 4.952162e-04 7.956638e-01
1.585000e+08 2.827006e-01 4.890970e-04 7.963401e-01
1.590000e+08 2.819885e-01 4.830706e-04 7.970120e-01
1.595000e+08 2.812802e-01 4.771354e-04 7.976797e-01
1.600000e+08 2.805756e-01 4.712897e-04 7.983431e-01
1.605000e+08 2.798747e-01 4.655320e-04 7.990024e-01
1.610000e+08 2.791775e-01 4.598606e-04 7.996574e-01
1.615000e+08 2.784839e-01 4.542741e-04 8.003083e-01
1.620000e+08 2.777940e-01 4.487709e-04 8.009552e-01
1.625000e+08 2.771076e-01 4.433496e-04 8.015979e-01
1.630000e+08 2.764248e-01 4.380087e-04 8.022367e-01
1.635000e+08 2.757455e-01 4.327468e-04 8.028714e-01
1.640000e+08 2.750697e-01 4.275626e-04 8.035023e-01
1.645000e+08 2.743973e-01 4.224546e-04 8.041292e-01
1.650000e+08 2.737285e-01 4.174216e-04 8.047522e-01
1.655000e+08 2.730630e-01 4.124623e-04 8.053713e-01
1.660000e+08 2.724009e-01 4.075754e-04 8.059867e-01
1.665000e+08 2.717423e-01 4.027596e-04 8.065983e-01
1.670000e+08 2.710869e-01 3.980137e-04 8.072061e-01
1.675000e+08 2.704349e-01 3.933365e-04 8.078102e-01
1.680000e+08 2.697862e-01 3.887269e-04 8.084106e-01
1.685000e+08 2.691407e-01 3.841836e-04 8.090074e-01
1.690000e+08 2.684985e-01 3.797056e-04 8.096006e-01
1.695000e+08 2.678595e-01 3.752917e-04 8.101902e-01
1.700000e+08 2.672237e-01 3.709409e-04 8.107762e-01
1.705000e+08 2.665911e-01 3.666521e-04 8.113587e-01
1.710000e+08 2.659616e-01 3.624242e-04 8.119377e-01
1.715000e+08 2.653352e-01 3.582563e-04 8.125132e-01
1.720000e+08 2.647120e-01 3.541472e-04 8.130853e-01
1.725000e+08 2.640918e-01 3.500961e-04 8.136540e-01
1.730000e+08 2.634747e-01 3.461020e-04 8.142193e-01
1.735000e+08 2.628606e-01 3.421639e-04 8.147813e-01
1.740000e+08 2.622495e-01 3.382809e-04 8.153400e-01
1.745000e+08 2.616415e-01 3.344520e-04 8.158953e-01
1.750000e+08 2.610364e-01 3.306765e-04 8.164474e-01
1.755000e+08 2.604342e-01 3.269533e-04 8.169963e-01
1.760000e+08 2.598350e-01 3.232817e-04 8.175419e-01
1.765000e+08 2.592386e-01 3.196608e-04 8.180844e-01
1.770000e+08 2.586452e-01 3.160898e-04 8.186237e-01
1.775000e+08 2.580546e-01 3.125678e-04 8.191598e-01
1.780000e+08 2.574668e-01 3.090941e-04 8.196929e-01
1.785000e+08 2.568819e-01 3.056678e-04 8.202229e-01
1.790000e+08 2.562998e-01 3.022883e-04 8.207498e-01
1.795000e+08 2.557204e-01 2.989548e-04 8.212738e-01
1.800000e+08 2.551439e-01 2.956664e-04 8.217947e-01
1.805000e+08 2.545700e-01 2.924226e-04 8.223126e-01
1.810000e+08 2.539989e-01 2.892225e-04 8.228276e-01
1.815000e+08 2.534305e-01 2.860655e-04 8.233396e-01
1.820000e+08 2.528647e-01 2.829509e-04 8.238488e-01
1.825000e+08 2.523017e-01 2.798780e-04 8.243550e-01
1.830000e+08 2.517412e-01 2.768462e-04 8.248584e-01
1.835000e+08 2.511835e-01 2.738548e-04 8.253590e-01
1.840000e+08 2.506283e-01 2.709032e-04 8.258567e-01
1.845000e+08 2.500757e-01 2.679907e-04 8.263517e-01
1.850000e+08 2.495256e-01 2.651167e-04 8.268439e-01
1.855000e+08 2.489782e-01 2.622807e-04 8.273333e-01
1.860000e+08 2.484332e-01 2.594820e-04 8.278200e-01
1.865000e+08 2.478908e-01 2.567200e-04 8.283041e-01
1.870000e+08 2.473509e-01 2.539943e-04 8.287854e-01
1.875000e+08 2.468135e-01 2.513041e-04 8.292641e-01
1.880000e+08 2.462785e-01 2.486490e-04 8.297401e-01
1.885000e+08 2.457460e-01 2.460285e-04 8.302136e-01
1.890000e+08 2.452159e-01 2.434419e-04 8.306844e-01
1.895000e+08 2.446882e-01 2.408888e-04 8.311527e-01
1.900000e+08 2.441630e-01 2.383687e-04 8.316184e-01
1.905000e+08 2.436401e-01 2.358810e-04 8.320815e-01
1.910000e+08 2.431196e-01 2.334253e-04 8.325422e-01
1.915000e+08 2.426014e-01 2.310011e-04 8.330003e-01
1.920000e+08 2.420856e-01 2.286078e-04 8.334560e-01
1.925000e+08 2.415721e-01 2.262451e-04 8.339092e-01
1.930000e+08 2.410609e-01 2.239125e-04 8.343600e-01
1.935000e+08 2.405520e-01 2.216094e-04 8.348084e-01
1.940000e+08 2.400453e-01 2.193356e-04 8.352544e-01
1.945000e+08 2.395409e-01 2.170904e-04 8.356979e-01
1.950000e+08 2.390388e-01 2.148736e-04 8.361392e-01
1.955000e+08 2.385389e-01 2.126846e-04 8.365780e-01
1.960000e+08 2.380412e-01 2.105231e-04 8.370146e-01
1.965000e+08 2.375457e-01 2.083886e-04 8.374488e-01
1.970000e+08 2.370524e-01 2.062808e-04 8.378808e-01
1.975000e+08 2.365612e-01 2.041993e-04 8.383105e-01
1.980000e+08 2.360722e-01 2.021436e-04 8.387379e-01
1.985000e+08 2.355854e-01 2.001134e-04 8.391631e-01
1.990000e+08 2.351006e-01 1.981084e-04 8.395860e-01
1.995000e+08 2.346180e-01 1.961280e-04 8.400068e-01
2.000000e+08 2.341375e-01 1.941721e-04 8.404253e-01
