# Models: X-axis(1) Expressions(2)
# Labels: p_c(1) s_l(2)
0.000000e+00 1.000000e+00
5.005005e+05 9.999735e-01
1.001001e+06 9.998899e-01
1.501502e+06 9.997470e-01
2.002002e+06 9.995435e-01
2.502503e+06 9.992785e-01
3.003003e+06 9.989516e-01
3.503504e+06 9.985622e-01
4.004004e+06 9.981100e-01
4.504505e+06 9.975950e-01
5.005005e+06 9.970169e-01
5.505506e+06 9.963757e-01
6.006006e+06 9.956715e-01
6.506507e+06 9.949044e-01
7.007007e+06 9.940745e-01
7.507508e+06 9.931821e-01
8.008008e+06 9.922274e-01
8.508509e+06 9.912107e-01
9.009009e+06 9.901324e-01
9.509510e+06 9.889930e-01
1.001001e+07 9.877928e-01
1.051051e+07 9.865324e-01
1.101101e+07 9.852123e-01
1.151151e+07 9.838331e-01
1.201201e+07 9.823954e-01
1.251251e+07 9.808998e-01
1.301301e+07 9.793470e-01
1.351351e+07 9.777377e-01
1.401401e+07 9.760727e-01
1.451451e+07 9.743527e-01
1.501502e+07 9.725785e-01
1.551552e+07 9.707510e-01
1.601602e+07 9.688709e-01
1.651652e+07 9.669393e-01
1.701702e+07 9.649569e-01
1.751752e+07 9.629247e-01
1.801802e+07 9.608435e-01
1.851852e+07 9.587145e-01
1.901902e+07 9.565384e-01
1.951952e+07 9.543164e-01
2.002002e+07 9.520493e-01
2.052052e+07 9.497382e-01
2.102102e+07 9.473842e-01
2.152152e+07 9.449882e-01
2.202202e+07 9.425512e-01
2.252252e+07 9.400744e-01
2.302302e+07 9.375587e-01
2.352352e+07 9.350053e-01
2.402402e+07 9.324151e-01
2.452452e+07 9.297892e-01
2.502503e+07 9.271287e-01
2.552553e+07 9.244346e-01
2.602603e+07 9.217081e-01
2.652653e+07 9.189501e-01
2.702703e+07 9.161617e-01
2.752753e+07 9.133440e-01
2.802803e+07 9.104980e-01
2.852853e+07 9.076248e-01
2.902903e+07 9.047253e-01
2.952953e+07 9.018006e-01
3.003003e+07 8.988517e-01
3.053053e+07 8.958796e-01
3.103103e+07 8.928854e-01
3.153153e+07 8.898700e-01
3.203203e+07 8.868344e-01
3.253253e+07 8.837795e-01
3.303303e+07 8.807064e-01
3.353353e+07 8.776159e-01
3.403403e+07 8.745090e-01
3.453453e+07 8.713867e-01
3.503504e+07 8.682496e-01
3.553554e+07 8.650990e-01
3.603604e+07 8.619355e-01
3.653654e+07 8.587601e-01
3.703704e+07 8.555735e-01
3.753754e+07 8.523767e-01
3.803804e+07 8.491704e-01
3.853854e+07 8.459555e-01
3.903904e+07 8.427327e-01
3.953954e+07 8.395028e-01
4.004004e+07 8.362665e-01
4.054054e+07 8.330246e-01
4.104104e+07 8.297779e-01
4.154154e+07 8.265270e-01
4.204204e+07 8.232725e-01
4.254254e+07 8.200153e-01
4.304304e+07 8.167559e-01
4.354354e+07 8.134950e-01
4.404404e+07 8.102332e-01
4.454454e+07 8.069711e-01
4.504505e+07 8.037093e-01
4.554555e+07 8.004484e-01
4.604605e+07 7.971890e-01
4.654655e+07 7.939316e-01
4.704705e+07 7.906767e-01
4.754755e+07 7.874249e-01
4.804805e+07 7.841767e-01
4.854855e+07 7.809325e-01
4.904905e+07 7.776928e-01
4.954955e+07 7.744581e-01
5.005005e+07 7.712288e-01
5.055055e+07 7.680054e-01
5.105105e+07 7.647883e-01
5.155155e+07 7.615778e-01
5.205205e+07 7.583744e-01
5.255255e+07 7.551784e-01
5.305305e+07 7.519902e-01
5.355355e+07 7.488102e-01
5.405405e+07 7.456387e-01
5.455455e+07 7.424760e-01
5.505506e+07 7.393224e-01
5.555556e+07 7.361782e-01
5.605606e+07 7.330438e-01
5.655656e+07 7.299194e-01
5.705706e+07 7.268052e-01
5.755756e+07 7.237016e-01
5.805806e+07 7.206087e-01
5.855856e+07 7.175268e-01
5.905906e+07 7.144562e-01
5.955956e+07 7.113970e-01
6.006006e+07 7.083495e-01
6.056056e+07 7.053138e-01
6.106106e+07 7.022901e-01
6.156156e+07 6.992787e-01
6.206206e+07 6.962796e-01
6.256256e+07 6.932931e-01
6.306306e+07 6.903193e-01
6.356356e+07 6.873583e-01
6.406406e+07 6.844103e-01
6.456456e+07 6.814754e-01
6.506507e+07 6.785536e-01
6.556557e+07 6.756453e-01
6.606607e+07 6.727504e-01
6.656657e+07 6.698690e-01
6.706707e+07 6.670013e-01
6.756757e+07 6.641473e-01
6.806807e+07 6.613071e-01
6.856857e+07 6.584808e-01
6.906907e+07 6.556685e-01
6.956957e+07 6.528701e-01
7.007007e+07 6.500858e-01
7.057057e+07 6.473157e-01
7.107107e+07 6.445597e-01
7.157157e+07 6.418179e-01
7.207207e+07 6.390903e-01
7.257257e+07 6.363771e-01
7.307307e+07 6.336781e-01
7.357357e+07 6.309934e-01
7.407407e+07 6.283231e-01
7.457457e+07 6.256672e-01
7.507508e+07 6.230255e-01
7.557558e+07 6.203983e-01
7.607608e+07 6.177855e-01
7.657658e+07 6.151870e-01
7.707708e+07 6.126030e-01
7.757758e+07 6.100332e-01
7.807808e+07 6.074779e-01
7.857858e+07 6.049368e-01
7.907908e+07 6.024101e-01
7.957958e+07 5.998977e-01
8.008008e+07 5.973996e-01
8.058058e+07 5.949157e-01
8.108108e+07 5.924460e-01
8.158158e+07 5.899906e-01
8.208208e+07 5.875493e-01
8.258258e+07 5.851221e-01
8.308308e+07 5.827090e-01
8.358358e+07 5.803100e-01
8.408408e+07 5.779250e-01
8.458458e+07 5.755539e-01
8.508509e+07 5.731967e-01
8.558559e+07 5.708535e-01
8.608609e+07 5.685240e-01
8.658659e+07 5.662084e-01
8.708709e+07 5.639064e-01
8.758759e+07 5.616182e-01
8.808809e+07 5.593435e-01
8.858859e+07 5.570824e-01
8.908909e+07 5.548348e-01
8.958959e+07 5.526007e-01
9.009009e+07 5.503800e-01
9.059059e+07 5.481725e-01
9.109109e+07 5.459784e-01
9.159159e+07 5.437974e-01
9.209209e+07 5.416296e-01
9.259259e+07 5.394749e-01
9.309309e+07 5.373332e-01
9.359359e+07 5.352044e-01
9.409409e+07 5.330885e-01
9.459459e+07 5.309854e-01
9.509510e+07 5.288950e-01
9.559560e+07 5.268174e-01
9.609610e+07 5.247523e-01
9.659660e+07 5.226998e-01
9.709710e+07 5.206598e-01
9.759760e+07 5.186322e-01
9.809810e+07 5.166169e-01
9.859860e+07 5.146138e-01
9.909910e+07 5.126230e-01
9.959960e+07 5.106442e-01
1.001001e+08 5.086775e-01
1.006006e+08 5.067228e-01
1.011011e+08 5.047800e-01
1.016016e+08 5.028490e-01
1.021021e+08 5.009298e-01
1.026026e+08 4.990223e-01
1.031031e+08 4.971264e-01
1.036036e+08 4.952420e-01
1.041041e+08 4.933691e-01
1.046046e+08 4.915076e-01
1.051051e+08 4.896574e-01
1.056056e+08 4.878185e-01
1.061061e+08 4.859907e-01
1.066066e+08 4.841740e-01
1.071071e+08 4.823684e-01
1.076076e+08 4.805738e-01
1.081081e+08 4.787900e-01
1.086086e+08 4.770171e-01
1.091091e+08 4.752549e-01
1.096096e+08 4.735034e-01
1.101101e+08 4.717625e-01
1.106106e+08 4.700321e-01
1.111111e+08 4.683122e-01
1.116116e+08 4.666026e-01
1.121121e+08 4.649034e-01
1.126126e+08 4.632145e-01
1.131131e+08 4.615357e-01
1.136136e+08 4.598670e-01
1.141141e+08 4.582084e-01
1.146146e+08 4.565597e-01
1.151151e+08 4.549210e-01
1.156156e+08 4.532921e-01
1.161161e+08 4.516729e-01
1.166166e+08 4.500634e-01
1.171171e+08 4.484636e-01
1.176176e+08 4.468733e-01
1.181181e+08 4.452925e-01
1.186186e+08 4.437212e-01
1.191191e+08 4.421592e-01
1.196196e+08 4.406065e-01
1.201201e+08 4.390630e-01
1.206206e+08 4.375287e-01
1.211211e+08 4.360035e-01
1.216216e+08 4.344873e-01
1.221221e+08 4.329801e-01
1.226226e+08 4.314817e-01
1.231231e+08 4.299923e-01
1.236236e+08 4.285116e-01
1.241241e+08 4.270396e-01
1.246246e+08 4.255763e-01
1.251251e+08 4.241215e-01
1.256256e+08 4.226753e-01
1.261261e+08 4.212375e-01
1.266266e+08 4.198082e-01
1.271271e+08 4.183872e-01
1.276276e+08 4.169744e-01
1.281281e+08 4.155699e-01
1.286286e+08 4.141736e-01
1.291291e+08 4.127854e-01
1.296296e+08 4.114052e-01
1.301301e+08 4.100330e-01
1.306306e+08 4.086687e-01
1.311311e+08 4.073123e-01
1.316316e+08 4.059637e-01
1.321321e+08 4.046229e-01
1.326326e+08 4.032897e-01
1.331331e+08 4.019643e-01
1.336336e+08 4.006464e-01
1.341341e+08 3.993360e-01
1.346346e+08 3.980331e-01
1.351351e+08 3.967377e-01
1.356356e+08 3.954496e-01
1.361361e+08 3.941688e-01
1.366366e+08 3.928953e-01
1.371371e+08 3.916290e-01
1.376376e+08 3.903699e-01
1.381381e+08 3.891179e-01
1.386386e+08 3.878729e-01
1.391391e+08 3.866350e-01
1.396396e+08 3.854039e-01
1.401401e+08 3.841798e-01
1.406406e+08 3.829626e-01
1.411411e+08 3.817521e-01
1.416416e+08 3.805484e-01
1.421421e+08 3.793514e-01
1.426426e+08 3.781611e-01
1.431431e+08 3.769774e-01
1.436436e+08 3.758002e-01
1.441441e+08 3.746295e-01
1.446446e+08 3.734653e-01
1.451451e+08 3.723076e-01
1.456456e+08 3.711562e-01
1.461461e+08 3.700111e-01
1.466466e+08 3.688723e-01
1.471471e+08 3.677397e-01
1.476476e+08 3.666134e-01
1.481481e+08 3.654931e-01
1.486486e+08 3.643790e-01
1.491491e+08 3.632709e-01
1.496496e+08 3.621689e-01
1.501502e+08 3.610726e-01
1.506507e+08 3.599824e-01
1.511512e+08 3.588981e-01
1.516517e+08 3.578197e-01
1.521522e+08 3.567471e-01
1.526527e+08 3.556802e-01
1.531532e+08 3.546190e-01
1.536537e+08 3.535636e-01
1.541542e+08 3.525137e-01
1.546547e+08 3.514695e-01
1.551552e+08 3.504308e-01
1.556557e+08 3.493976e-01
1.561562e+08 3.483699e-01
1.566567e+08 3.473476e-01
1.571572e+08 3.463308e-01
1.576577e+08 3.453193e-01
1.581582e+08 3.443131e-01
1.586587e+08 3.433122e-01
1.591592e+08 3.423166e-01
1.596597e+08 3.413261e-01
1.601602e+08 3.403409e-01
1.606607e+08 3.393608e-01
1.611612e+08 3.383857e-01
1.616617e+08 3.374158e-01
1.621622e+08 3.364509e-01
1.626627e+08 3.354909e-01
1.631632e+08 3.345360e-01
1.636637e+08 3.335859e-01
1.641642e+08 3.326408e-01
1.646647e+08 3.317005e-01
1.651652e+08 3.307650e-01
1.656657e+08 3.298343e-01
1.661662e+08 3.289084e-01
1.666667e+08 3.279872e-01
1.671672e+08 3.270707e-01
1.676677e+08 3.261588e-01
1.681682e+08 3.252516e-01
1.686687e+08 3.243489e-01
1.691692e+08 3.234508e-01
1.696697e+08 3.225573e-01
1.701702e+08 3.216682e-01
1.706707e+08 3.207836e-01
1.711712e+08 3.199035e-01
1.716717e+08 3.190277e-01
1.721722e+08 3.181563e-01
1.726727e+08 3.172893e-01
1.731732e+08 3.164266e-01
1.736737e+08 3.155682e-01
1.741742e+08 3.147140e-01
1.746747e+08 3.138641e-01
1.751752e+08 3.130183e-01
1.756757e+08 3.121768e-01
1.761762e+08 3.113393e-01
1.766767e+08 3.105060e-01
1.771772e+08 3.096768e-01
1.776777e+08 3.088516e-01
1.781782e+08 3.080305e-01
1.786787e+08 3.072133e-01
1.791792e+08 3.064002e-01
1.796797e+08 3.055910e-01
1.801802e+08 3.047857e-01
1.806807e+08 3.039843e-01
1.811812e+08 3.031868e-01
1.816817e+08 3.023931e-01
1.821822e+08 3.016033e-01
1.826827e+08 3.008172e-01
1.831832e+08 3.000349e-01
1.836837e+08 2.992564e-01
1.841842e+08 2.984815e-01
1.846847e+08 2.977104e-01
1.851852e+08 2.969429e-01
1.856857e+08 2.961791e-01
1.861862e+08 2.954189e-01
1.866867e+08 2.946623e-01
1.871872e+08 2.939093e-01
1.876877e+08 2.931598e-01
1.881882e+08 2.924139e-01
1.886887e+08 2.916714e-01
1.891892e+08 2.909325e-01
1.896897e+08 2.901970e-01
1.901902e+08 2.894649e-01
1.906907e+08 2.887363e-01
1.911912e+08 2.880110e-01
1.916917e+08 2.872891e-01
1.921922e+08 2.865705e-01
1.926927e+08 2.858553e-01
1.931932e+08 2.851434e-01
1.936937e+08 2.844348e-01
1.941942e+08 2.837294e-01
1.946947e+08 2.830272e-01
1.951952e+08 2.823283e-01
1.956957e+08 2.816326e-01
1.961962e+08 2.809401e-01
1.966967e+08 2.802507e-01
1.971972e+08 2.795644e-01
1.976977e+08 2.788813e-01
1.981982e+08 2.782013e-01
1.986987e+08 2.775243e-01
1.991992e+08 2.768504e-01
1.996997e+08 2.761796e-01
2.002002e+08 2.755118e-01
2.007007e+08 2.748469e-01
2.012012e+08 2.741851e-01
2.017017e+08 2.735262e-01
2.022022e+08 2.728702e-01
2.027027e+08 2.722172e-01
2.032032e+08 2.715671e-01
2.037037e+08 2.709199e-01
2.042042e+08 2.702755e-01
2.047047e+08 2.696340e-01
2.052052e+08 2.689954e-01
2.057057e+08 2.683595e-01
2.062062e+08 2.677265e-01
2.067067e+08 2.670962e-01
2.072072e+08 2.664687e-01
2.077077e+08 2.658439e-01
2.082082e+08 2.652219e-01
2.087087e+08 2.646026e-01
2.092092e+08 2.639860e-01
2.097097e+08 2.633721e-01
2.102102e+08 2.627608e-01
2.107107e+08 2.621522e-01
2.112112e+08 2.615462e-01
2.117117e+08 2.609428e-01
2.122122e+08 2.603421e-01
2.127127e+08 2.597439e-01
2.132132e+08 2.591483e-01
2.137137e+08 2.585552e-01
2.142142e+08 2.579647e-01
2.147147e+08 2.573767e-01
2.152152e+08 2.567912e-01
2.157157e+08 2.562082e-01
2.162162e+08 2.556276e-01
2.167167e+08 2.550496e-01
2.172172e+08 2.544739e-01
2.177177e+08 2.539008e-01
2.182182e+08 2.533300e-01
2.187187e+08 2.527616e-01
2.192192e+08 2.521956e-01
2.197197e+08 2.516320e-01
2.202202e+08 2.510708e-01
2.207207e+08 2.505119e-01
2.212212e+08 2.499553e-01
2.217217e+08 2.494010e-01
2.222222e+08 2.488491e-01
2.227227e+08 2.482994e-01
2.232232e+08 2.477520e-01
2.237237e+08 2.472069e-01
2.242242e+08 2.466640e-01
2.247247e+08 2.461234e-01
2.252252e+08 2.455850e-01
2.257257e+08 2.450488e-01
2.262262e+08 2.445148e-01
2.267267e+08 2.439830e-01
2.272272e+08 2.434533e-01
2.277277e+08 2.429259e-01
2.282282e+08 2.424005e-01
2.287287e+08 2.418773e-01
2.292292e+08 2.413563e-01
2.297297e+08 2.408373e-01
2.302302e+08 2.403204e-01
2.307307e+08 2.398056e-01
2.312312e+08 2.392929e-01
2.317317e+08 2.387823e-01
2.322322e+08 2.382737e-01
2.327327e+08 2.377671e-01
2.332332e+08 2.372626e-01
2.337337e+08 2.367601e-01
2.342342e+08 2.362596e-01
2.347347e+08 2.357610e-01
2.352352e+08 2.352645e-01
2.357357e+08 2.347699e-01
2.362362e+08 2.342773e-01
2.367367e+08 2.337866e-01
2.372372e+08 2.332979e-01
2.377377e+08 2.328111e-01
2.382382e+08 2.323262e-01
2.387387e+08 2.318432e-01
2.392392e+08 2.313621e-01
2.397397e+08 2.308829e-01
2.402402e+08 2.304056e-01
2.407407e+08 2.299301e-01
2.412412e+08 2.294565e-01
2.417417e+08 2.289847e-01
2.422422e+08 2.285147e-01
2.427427e+08 2.280466e-01
2.432432e+08 2.275802e-01
2.437437e+08 2.271157e-01
2.442442e+08 2.266530e-01
2.447447e+08 2.261920e-01
2.452452e+08 2.257328e-01
2.457457e+08 2.252754e-01
2.462462e+08 2.248197e-01
2.467467e+08 2.243658e-01
2.472472e+08 2.239136e-01
2.477477e+08 2.234631e-01
2.482482e+08 2.230143e-01
2.487487e+08 2.225673e-01
2.492492e+08 2.221219e-01
2.497497e+08 2.216782e-01
2.502503e+08 2.212361e-01
2.507508e+08 2.207958e-01
2.512513e+08 2.203571e-01
2.517518e+08 2.199200e-01
2.522523e+08 2.194846e-01
2.527528e+08 2.190509e-01
2.532533e+08 2.186187e-01
2.537538e+08 2.181882e-01
2.542543e+08 2.177593e-01
2.547548e+08 2.173319e-01
2.552553e+08 2.169062e-01
2.557558e+08 2.164820e-01
2.562563e+08 2.160594e-01
2.567568e+08 2.156384e-01
2.572573e+08 2.152189e-01
2.577578e+08 2.148010e-01
2.582583e+08 2.143846e-01
2.587588e+08 2.139697e-01
2.592593e+08 2.135564e-01
2.597598e+08 2.131445e-01
2.602603e+08 2.127342e-01
2.607608e+08 2.123254e-01
2.612613e+08 2.119180e-01
2.617618e+08 2.115122e-01
2.622623e+08 2.111078e-01
2.627628e+08 2.107049e-01
2.632633e+08 2.103034e-01
2.637638e+08 2.099034e-01
2.642643e+08 2.095048e-01
2.647648e+08 2.091077e-01
2.652653e+08 2.087120e-01
2.657658e+08 2.083177e-01
2.662663e+08 2.079248e-01
2.667668e+08 2.075334e-01
2.672673e+08 2.071433e-01
2.677678e+08 2.067546e-01
2.682683e+08 2.063673e-01
2.687688e+08 2.059814e-01
2.692693e+08 2.055969e-01
2.697698e+08 2.052137e-01
2.702703e+08 2.048319e-01
2.707708e+08 2.044514e-01
2.712713e+08 2.040723e-01
2.717718e+08 2.036945e-01
2.722723e+08 2.033180e-01
2.727728e+08 2.029428e-01
2.732733e+08 2.025690e-01
2.737738e+08 2.021965e-01
2.742743e+08 2.018253e-01
2.747748e+08 2.014554e-01
2.752753e+08 2.010867e-01
2.757758e+08 2.007194e-01
2.762763e+08 2.003533e-01
2.767768e+08 1.999885e-01
2.772773e+08 1.996249e-01
2.777778e+08 1.992626e-01
2.782783e+08 1.989016e-01
2.787788e+08 1.985418e-01
2.792793e+08 1.981833e-01
2.797798e+08 1.978259e-01
2.802803e+08 1.974698e-01
2.807808e+08 1.971150e-01
2.812813e+08 1.967613e-01
2.817818e+08 1.964088e-01
2.822823e+08 1.960576e-01
2.827828e+08 1.957075e-01
2.832833e+08 1.953587e-01
2.837838e+08 1.950110e-01
2.842843e+08 1.946645e-01
2.847848e+08 1.943191e-01
2.852853e+08 1.939750e-01
2.857858e+08 1.936320e-01
2.862863e+08 1.932901e-01
2.867868e+08 1.929494e-01
2.872873e+08 1.926098e-01
2.877878e+08 1.922714e-01
2.882883e+08 1.919341e-01
2.887888e+08 1.915980e-01
2.892893e+08 1.912629e-01
2.897898e+08 1.909290e-01
2.902903e+08 1.905962e-01
2.907908e+08 1.902645e-01
2.912913e+08 1.899339e-01
2.917918e+08 1.896044e-01
2.922923e+08 1.892760e-01
2.927928e+08 1.889486e-01
2.932933e+08 1.886224e-01
2.937938e+08 1.882972e-01
2.942943e+08 1.879731e-01
2.947948e+08 1.876500e-01
2.952953e+08 1.873280e-01
2.957958e+08 1.870071e-01
2.962963e+08 1.866872e-01
2.967968e+08 1.863684e-01
2.972973e+08 1.860506e-01
2.977978e+08 1.857338e-01
2.982983e+08 1.854180e-01
2.987988e+08 1.851033e-01
2.992993e+08 1.847896e-01
2.997998e+08 1.844769e-01
3.003003e+08 1.841653e-01
3.008008e+08 1.838546e-01
3.013013e+08 1.835449e-01
3.018018e+08 1.832363e-01
3.023023e+08 1.829286e-01
3.028028e+08 1.826219e-01
3.033033e+08 1.823162e-01
3.038038e+08 1.820114e-01
3.043043e+08 1.817077e-01
3.048048e+08 1.814049e-01
3.053053e+08 1.811030e-01
3.058058e+08 1.808022e-01
3.063063e+08 1.805022e-01
3.068068e+08 1.802033e-01
3.073073e+08 1.799053e-01
3.078078e+08 1.796082e-01
3.083083e+08 1.793120e-01
3.088088e+08 1.790168e-01
3.093093e+08 1.787225e-01
3.098098e+08 1.784292e-01
3.103103e+08 1.781368e-01
3.108108e+08 1.778452e-01
3.113113e+08 1.775546e-01
3.118118e+08 1.772649e-01
3.123123e+08 1.769761e-01
3.128128e+08 1.766882e-01
3.133133e+08 1.764012e-01
3.138138e+08 1.761151e-01
3.143143e+08 1.758299e-01
3.148148e+08 1.755456e-01
3.153153e+08 1.752621e-01
3.158158e+08 1.749795e-01
3.163163e+08 1.746978e-01
3.168168e+08 1.744170e-01
3.173173e+08 1.741370e-01
3.178178e+08 1.738578e-01
3.183183e+08 1.735796e-01
3.188188e+08 1.733022e-01
3.193193e+08 1.730256e-01
3.198198e+08 1.727499e-01
3.203203e+08 1.724750e-01
3.208208e+08 1.722010e-01
3.213213e+08 1.719277e-01
3.218218e+08 1.716554e-01
3.223223e+08 1.713838e-01
3.228228e+08 1.711131e-01
3.233233e+08 1.708432e-01
3.238238e+08 1.705741e-01
3.243243e+08 1.703058e-01
3.248248e+08 1.700383e-01
3.253253e+08 1.697716e-01
3.258258e+08 1.695057e-01
3.263263e+08 1.692407e-01
3.268268e+08 1.689764e-01
3.273273e+08 1.687129e-01
3.278278e+08 1.684502e-01
3.283283e+08 1.681883e-01
3.288288e+08 1.679271e-01
3.293293e+08 1.676667e-01
3.298298e+08 1.674072e-01
3.303303e+08 1.671483e-01
3.308308e+08 1.668903e-01
3.313313e+08 1.666330e-01
3.318318e+08 1.663764e-01
3.323323e+08 1.661207e-01
3.328328e+08 1.658656e-01
3.333333e+08 1.656114e-01
3.338338e+08 1.653579e-01
3.343343e+08 1.651051e-01
3.348348e+08 1.648530e-01
3.353353e+08 1.646017e-01
3.358358e+08 1.643512e-01
3.363363e+08 1.641013e-01
3.368368e+08 1.638522e-01
3.373373e+08 1.636038e-01
3.378378e+08 1.633562e-01
3.383383e+08 1.631092e-01
3.388388e+08 1.628630e-01
3.393393e+08 1.626175e-01
3.398398e+08 1.623727e-01
3.403403e+08 1.621286e-01
3.408408e+08 1.618852e-01
3.413413e+08 1.616425e-01
3.418418e+08 1.614005e-01
3.423423e+08 1.611592e-01
3.428428e+08 1.609186e-01
3.433433e+08 1.606786e-01
3.438438e+08 1.604394e-01
3.443443e+08 1.602008e-01
3.448448e+08 1.599630e-01
3.453453e+08 1.597258e-01
3.458458e+08 1.594893e-01
3.463463e+08 1.592534e-01
3.468468e+08 1.590182e-01
3.473473e+08 1.587837e-01
3.478478e+08 1.585499e-01
3.483483e+08 1.583167e-01
3.488488e+08 1.580842e-01
3.493493e+08 1.578523e-01
3.498498e+08 1.576211e-01
3.503504e+08 1.573905e-01
3.508509e+08 1.571605e-01
3.513514e+08 1.569312e-01
3.518519e+08 1.567026e-01
3.523524e+08 1.564746e-01
3.528529e+08 1.562473e-01
3.533534e+08 1.560205e-01
3.538539e+08 1.557944e-01
3.543544e+08 1.555690e-01
3.548549e+08 1.553441e-01
3.553554e+08 1.551199e-01
3.558559e+08 1.548963e-01
3.563564e+08 1.546734e-01
3.568569e+08 1.544510e-01
3.573574e+08 1.542293e-01
3.578579e+08 1.540081e-01
3.583584e+08 1.537876e-01
3.588589e+08 1.535677e-01
3.593594e+08 1.533484e-01
3.598599e+08 1.531297e-01
3.603604e+08 1.529115e-01
3.608609e+08 1.526940e-01
3.613614e+08 1.524771e-01
3.618619e+08 1.522608e-01
3.623624e+08 1.520450e-01
3.628629e+08 1.518299e-01
3.633634e+08 1.516153e-01
3.638639e+08 1.514013e-01
3.643644e+08 1.511879e-01
3.648649e+08 1.509751e-01
3.653654e+08 1.507629e-01
3.658659e+08 1.505512e-01
3.663664e+08 1.503401e-01
3.668669e+08 1.501295e-01
3.673674e+08 1.499196e-01
3.678679e+08 1.497102e-01
3.683684e+08 1.495013e-01
3.688689e+08 1.492930e-01
3.693694e+08 1.490853e-01
3.698699e+08 1.488782e-01
3.703704e+08 1.486715e-01
3.708709e+08 1.484655e-01
3.713714e+08 1.482600e-01
3.718719e+08 1.480550e-01
3.723724e+08 1.478506e-01
3.728729e+08 1.476467e-01
3.733734e+08 1.474433e-01
3.738739e+08 1.472405e-01
3.743744e+08 1.470383e-01
3.748749e+08 1.468365e-01
3.753754e+08 1.466354e-01
3.758759e+08 1.464347e-01
3.763764e+08 1.462345e-01
3.768769e+08 1.460349e-01
3.773774e+08 1.458358e-01
3.778779e+08 1.456373e-01
3.783784e+08 1.454392e-01
3.788789e+08 1.452417e-01
3.793794e+08 1.450447e-01
3.798799e+08 1.448482e-01
3.803804e+08 1.446522e-01
3.808809e+08 1.444567e-01
3.813814e+08 1.442618e-01
3.818819e+08 1.440673e-01
3.823824e+08 1.438733e-01
3.828829e+08 1.436799e-01
3.833834e+08 1.434869e-01
3.838839e+08 1.432945e-01
3.843844e+08 1.431025e-01
3.848849e+08 1.429110e-01
3.853854e+08 1.427201e-01
3.858859e+08 1.425296e-01
3.863864e+08 1.423396e-01
3.868869e+08 1.421501e-01
3.873874e+08 1.419611e-01
3.878879e+08 1.417725e-01
3.883884e+08 1.415845e-01
3.888889e+08 1.413969e-01
3.893894e+08 1.412098e-01
3.898899e+08 1.410232e-01
3.903904e+08 1.408371e-01
3.908909e+08 1.406514e-01
3.913914e+08 1.404662e-01
3.918919e+08 1.402815e-01
3.923924e+08 1.400972e-01
3.928929e+08 1.399134e-01
3.933934e+08 1.397301e-01
3.938939e+08 1.395472e-01
3.943944e+08 1.393648e-01
3.948949e+08 1.391829e-01
3.953954e+08 1.390014e-01
3.958959e+08 1.388203e-01
3.963964e+08 1.386398e-01
3.968969e+08 1.384596e-01
3.973974e+08 1.382800e-01
3.978979e+08 1.381007e-01
3.983984e+08 1.379219e-01
3.988989e+08 1.377436e-01
3.993994e+08 1.375657e-01
3.998999e+08 1.373883e-01
4.004004e+08 1.372113e-01
4.009009e+08 1.370347e-01
4.014014e+08 1.368586e-01
4.019019e+08 1.366829e-01
4.024024e+08 1.365076e-01
4.029029e+08 1.363328e-01
4.034034e+08 1.361584e-01
4.039039e+08 1.359844e-01
4.044044e+08 1.358109e-01
4.049049e+08 1.356378e-01
4.054054e+08 1.354651e-01
4.059059e+08 1.352928e-01
4.064064e+08 1.351210e-01
4.069069e+08 1.349496e-01
4.074074e+08 1.347786e-01
4.079079e+08 1.346080e-01
4.084084e+08 1.344378e-01
4.089089e+08 1.342681e-01
4.094094e+08 1.340987e-01
4.099099e+08 1.339298e-01
4.104104e+08 1.337613e-01
4.109109e+08 1.335932e-01
4.114114e+08 1.334255e-01
4.119119e+08 1.332582e-01
4.124124e+08 1.330913e-01
4.129129e+08 1.329248e-01
4.134134e+08 1.327587e-01
4.139139e+08 1.325931e-01
4.144144e+08 1.324278e-01
4.149149e+08 1.322629e-01
4.154154e+08 1.320984e-01
4.159159e+08 1.319343e-01
4.164164e+08 1.317706e-01
4.169169e+08 1.316073e-01
4.174174e+08 1.314443e-01
4.179179e+08 1.312818e-01
4.184184e+08 1.311197e-01
4.189189e+08 1.309579e-01
4.194194e+08 1.307965e-01
4.199199e+08 1.306355e-01
4.204204e+08 1.304749e-01
4.209209e+08 1.303147e-01
4.214214e+08 1.301548e-01
4.219219e+08 1.299954e-01
4.224224e+08 1.298363e-01
4.229229e+08 1.296775e-01
4.234234e+08 1.295192e-01
4.239239e+08 1.293612e-01
4.244244e+08 1.292036e-01
4.249249e+08 1.290464e-01
4.254254e+08 1.288895e-01
4.259259e+08 1.287330e-01
4.264264e+08 1.285769e-01
4.269269e+08 1.284211e-01
4.274274e+08 1.282657e-01
4.279279e+08 1.281107e-01
4.284284e+08 1.279560e-01
4.289289e+08 1.278017e-01
4.294294e+08 1.276478e-01
4.299299e+08 1.274942e-01
4.304304e+08 1.273409e-01
4.309309e+08 1.271881e-01
4.314314e+08 1.270355e-01
4.319319e+08 1.268833e-01
4.324324e+08 1.267315e-01
4.329329e+08 1.265800e-01
4.334334e+08 1.264289e-01
4.339339e+08 1.262781e-01
4.344344e+08 1.261277e-01
4.349349e+08 1.259776e-01
4.354354e+08 1.258279e-01
4.359359e+08 1.256785e-01
4.364364e+08 1.255294e-01
4.369369e+08 1.253807e-01
4.374374e+08 1.252323e-01
4.379379e+08 1.250843e-01
4.384384e+08 1.249366e-01
4.389389e+08 1.247893e-01
4.394394e+08 1.246422e-01
4.399399e+08 1.244955e-01
4.404404e+08 1.243492e-01
4.409409e+08 1.242032e-01
4.414414e+08 1.240575e-01
4.419419e+08 1.239121e-01
4.424424e+08 1.237671e-01
4.429429e+08 1.236224e-01
4.434434e+08 1.234780e-01
4.439439e+08 1.233339e-01
4.444444e+08 1.231902e-01
4.449449e+08 1.230468e-01
4.454454e+08 1.229037e-01
4.459459e+08 1.227609e-01
4.464464e+08 1.226185e-01
4.469469e+08 1.224764e-01
4.474474e+08 1.223346e-01
4.479479e+08 1.221931e-01
4.484484e+08 1.220519e-01
4.489489e+08 1.219111e-01
4.494494e+08 1.217705e-01
4.499499e+08 1.216303e-01
4.504505e+08 1.214903e-01
4.509510e+08 1.213507e-01
4.514515e+08 1.212114e-01
4.519520e+08 1.210724e-01
4.524525e+08 1.209338e-01
4.529530e+08 1.207954e-01
4.534535e+08 1.206573e-01
4.539540e+08 1.205195e-01
4.544545e+08 1.203821e-01
4.549550e+08 1.202449e-01
4.554555e+08 1.201081e-01
4.559560e+08 1.199715e-01
4.564565e+08 1.198353e-01
4.569570e+08 1.196993e-01
4.574575e+08 1.195636e-01
4.579580e+08 1.194283e-01
4.584585e+08 1.192932e-01
4.589590e+08 1.191585e-01
4.594595e+08 1.190240e-01
4.599600e+08 1.188898e-01
4.604605e+08 1.187559e-01
4.609610e+08 1.186223e-01
4.614615e+08 1.184890e-01
4.619620e+08 1.183560e-01
4.624625e+08 1.182232e-01
4.629630e+08 1.180908e-01
4.634635e+08 1.179586e-01
4.639640e+08 1.178268e-01
4.644645e+08 1.176952e-01
4.649650e+08 1.175639e-01
4.654655e+08 1.174329e-01
4.659660e+08 1.173021e-01
4.664665e+08 1.171717e-01
4.669670e+08 1.170415e-01
4.674675e+08 1.169116e-01
4.679680e+08 1.167820e-01
4.684685e+08 1.166527e-01
4.689690e+08 1.165236e-01
4.694695e+08 1.163948e-01
4.699700e+08 1.162663e-01
4.704705e+08 1.161381e-01
4.709710e+08 1.160101e-01
4.714715e+08 1.158824e-01
4.719720e+08 1.157550e-01
4.724725e+08 1.156278e-01
4.729730e+08 1.155010e-01
4.734735e+08 1.153743e-01
4.739740e+08 1.152480e-01
4.744745e+08 1.151219e-01
4.749750e+08 1.149961e-01
4.754755e+08 1.148706e-01
4.759760e+08 1.147453e-01
4.764765e+08 1.146203e-01
4.769770e+08 1.144955e-01
4.774775e+08 1.143711e-01
4.779780e+08 1.142468e-01
4.784785e+08 1.141229e-01
4.789790e+08 1.139992e-01
4.794795e+08 1.138757e-01
4.799800e+08 1.137525e-01
4.804805e+08 1.136296e-01
4.809810e+08 1.135069e-01
4.814815e+08 1.133845e-01
4.819820e+08 1.132624e-01
4.824825e+08 1.131404e-01
4.829830e+08 1.130188e-01
4.834835e+08 1.128974e-01
4.839840e+08 1.127762e-01
4.844845e+08 1.126554e-01
4.849850e+08 1.125347e-01
4.854855e+08 1.124143e-01
4.859860e+08 1.122942e-01
4.864865e+08 1.121743e-01
4.869870e+08 1.120546e-01
4.874875e+08 1.119352e-01
4.879880e+08 1.118161e-01
4.884885e+08 1.116971e-01
4.889890e+08 1.115785e-01
4.894895e+08 1.114601e-01
4.899900e+08 1.113419e-01
4.904905e+08 1.112239e-01
4.909910e+08 1.111062e-01
4.914915e+08 1.109888e-01
4.919920e+08 1.108716e-01
4.924925e+08 1.107546e-01
4.929930e+08 1.106378e-01
4.934935e+08 1.105213e-01
4.939940e+08 1.104051e-01
4.944945e+08 1.102891e-01
4.949950e+08 1.101733e-01
4.954955e+08 1.100577e-01
4.959960e+08 1.099424e-01
4.964965e+08 1.098273e-01
4.969970e+08 1.097125e-01
4.974975e+08 1.095978e-01
4.979980e+08 1.094834e-01
4.984985e+08 1.093693e-01
4.989990e+08 1.092554e-01
4.994995e+08 1.091417e-01
5.000000e+08 1.090282e-01
