# Models: X-axis(1) Expressions(2)
# Labels: s_l(1) kl_r(2)
0.000000e+00 0.000000e+00
1.010101e-02 4.356754e-10
2.020202e-02 9.199683e-09
3.030303e-02 5.478995e-08
4.040404e-02 1.943595e-07
5.050505e-02 5.190763e-07
6.060606e-02 1.158502e-06
7.070707e-02 2.284428e-06
8.080808e-02 4.114367e-06
9.090909e-02 6.914825e-06
1.010101e-01 1.100442e-05
1.111111e-01 1.675692e-05
1.212121e-01 2.460418e-05
1.313131e-01 3.503914e-05
1.414141e-01 4.861872e-05
1.515152e-01 6.596703e-05
1.616162e-01 8.777762e-05
1.717172e-01 1.148176e-04
1.818182e-01 1.479301e-04
1.919192e-01 1.880377e-04
2.020202e-01 2.361459e-04
2.121212e-01 2.933462e-04
2.222222e-01 3.608204e-04
2.323232e-01 4.398435e-04
2.424242e-01 5.317883e-04
2.525253e-01 6.381305e-04
2.626263e-01 7.604483e-04
2.727273e-01 9.004339e-04
2.828283e-01 1.059894e-03
2.929293e-01 1.240754e-03
3.030303e-01 1.445069e-03
3.131313e-01 1.675020e-03
3.232323e-01 1.932931e-03
3.333333e-01 2.221265e-03
3.434343e-01 2.542639e-03
3.535354e-01 2.899830e-03
3.636364e-01 3.295768e-03
3.737374e-01 3.733570e-03
3.838384e-01 4.216530e-03
3.939394e-01 4.748135e-03
4.040404e-01 5.332071e-03
4.141414e-01 5.972239e-03
4.242424e-01 6.672763e-03
4.343434e-01 7.438002e-03
4.444444e-01 8.272567e-03
4.545455e-01 9.181340e-03
4.646465e-01 1.016946e-02
4.747475e-01 1.124238e-02
4.848485e-01 1.240586e-02
4.949495e-01 1.366601e-02
5.050505e-01 1.502929e-02
5.151515e-01 1.650251e-02
5.252525e-01 1.809292e-02
5.353535e-01 1.980820e-02
5.454545e-01 2.165647e-02
5.555556e-01 2.364639e-02
5.656566e-01 2.578708e-02
5.757576e-01 2.808830e-02
5.858586e-01 3.056040e-02
5.959596e-01 3.321442e-02
6.060606e-01 3.606208e-02
6.161616e-01 3.911594e-02
6.262626e-01 4.238936e-02
6.363636e-01 4.589667e-02
6.464646e-01 4.965318e-02
6.565657e-01 5.367538e-02
6.666667e-01 5.798085e-02
6.767677e-01 6.258861e-02
6.868687e-01 6.751915e-02
6.969697e-01 7.279459e-02
7.070707e-01 7.843888e-02
7.171717e-01 8.447800e-02
7.272727e-01 9.094024e-02
7.373737e-01 9.785641e-02
7.474747e-01 1.052603e-01
7.575758e-01 1.131889e-01
7.676768e-01 1.216831e-01
7.777778e-01 1.307878e-01
7.878788e-01 1.405533e-01
7.979798e-01 1.510355e-01
8.080808e-01 1.622970e-01
8.181818e-01 1.744085e-01
8.282828e-01 1.874503e-01
8.383838e-01 2.015142e-01
8.484848e-01 2.167059e-01
8.585859e-01 2.331482e-01
8.686869e-01 2.509854e-01
8.787879e-01 2.703890e-01
8.888889e-01 2.915656e-01
8.989899e-01 3.147682e-01
9.090909e-01 3.403122e-01
9.191919e-01 3.686006e-01
9.292929e-01 4.001622e-01
9.393939e-01 4.357169e-01
9.494949e-01 4.762913e-01
9.595960e-01 5.234453e-01
9.696970e-01 5.797738e-01
9.797980e-01 6.502761e-01
9.898990e-01 7.476663e-01
1.000000e+00 1.000000e+00
