0.000000e+00 1.000000e+00 1.000000e+00
5.000000e+05 9.974859e-01 9.975040e-01
1.000000e+06 9.919060e-01 9.900903e-01
1.500000e+06 9.840877e-01 9.779758e-01
2.000000e+06 9.744803e-01 9.615049e-01
2.500000e+06 9.634290e-01 9.411255e-01
3.000000e+06 9.512234e-01 9.173604e-01
3.500000e+06 9.381132e-01 8.907763e-01
4.000000e+06 9.243150e-01 8.619541e-01
4.500000e+06 9.100164e-01 8.314630e-01
5.000000e+06 8.953786e-01 7.998395e-01
5.500000e+06 8.805387e-01 7.675720e-01
6.000000e+06 8.656122e-01 7.350912e-01
6.500000e+06 8.506954e-01 7.027657e-01
7.000000e+06 8.358676e-01 6.709015e-01
7.500000e+06 8.211934e-01 6.397451e-01
8.000000e+06 8.067243e-01 6.094875e-01
8.500000e+06 7.925010e-01 5.802713e-01
9.000000e+06 7.785548e-01 5.521960e-01
9.500000e+06 7.649091e-01 5.253259e-01
1.000000e+07 7.515807e-01 4.996952e-01
1.050000e+07 7.385812e-01 4.753145e-01
1.100000e+07 7.259173e-01 4.521753e-01
1.150000e+07 7.135922e-01 4.302547e-01
1.200000e+07 7.016063e-01 4.095190e-01
1.250000e+07 6.899573e-01 3.899265e-01
1.300000e+07 6.786412e-01 3.714303e-01
1.350000e+07 6.676525e-01 3.539802e-01
1.400000e+07 6.569845e-01 3.375241e-01
1.450000e+07 6.466297e-01 3.220094e-01
1.500000e+07 6.365799e-01 3.073840e-01
1.550000e+07 6.268265e-01 2.935965e-01
1.600000e+07 6.173607e-01 2.805975e-01
1.650000e+07 6.081734e-01 2.683392e-01
1.700000e+07 5.992556e-01 2.567761e-01
1.750000e+07 5.905982e-01 2.458648e-01
1.800000e+07 5.821923e-01 2.355645e-01
1.850000e+07 5.740290e-01 2.258364e-01
1.900000e+07 5.660999e-01 2.166443e-01
1.950000e+07 5.583964e-01 2.079541e-01
2.000000e+07 5.509104e-01 1.997339e-01
2.050000e+07 5.436339e-01 1.919538e-01
2.100000e+07 5.365594e-01 1.845861e-01
2.150000e+07 5.296793e-01 1.776046e-01
2.200000e+07 5.229866e-01 1.709853e-01
2.250000e+07 5.164743e-01 1.647054e-01
2.300000e+07 5.101359e-01 1.587439e-01
2.350000e+07 5.039650e-01 1.530813e-01
2.400000e+07 4.979555e-01 1.476992e-01
2.450000e+07 4.921015e-01 1.425806e-01
2.500000e+07 4.863974e-01 1.377097e-01
2.550000e+07 4.808379e-01 1.330717e-01
2.600000e+07 4.754177e-01 1.286528e-01
2.650000e+07 4.701319e-01 1.244403e-01
2.700000e+07 4.649758e-01 1.204220e-01
2.750000e+07 4.599447e-01 1.165868e-01
2.800000e+07 4.550345e-01 1.129244e-01
2.850000e+07 4.502407e-01 1.094249e-01
2.900000e+07 4.455596e-01 1.060794e-01
2.950000e+07 4.409872e-01 1.028791e-01
3.000000e+07 4.365199e-01 9.981630e-02
3.050000e+07 4.321541e-01 9.688344e-02
3.100000e+07 4.278865e-01 9.407356e-02
3.150000e+07 4.237138e-01 9.138015e-02
3.200000e+07 4.196330e-01 8.879708e-02
3.250000e+07 4.156410e-01 8.631861e-02
3.300000e+07 4.117350e-01 8.393935e-02
3.350000e+07 4.079123e-01 8.165426e-02
3.400000e+07 4.041702e-01 7.945858e-02
3.450000e+07 4.005062e-01 7.734784e-02
3.500000e+07 3.969179e-01 7.531785e-02
3.550000e+07 3.934030e-01 7.336466e-02
3.600000e+07 3.899591e-01 7.148455e-02
3.650000e+07 3.865843e-01 6.967401e-02
3.700000e+07 3.832763e-01 6.792974e-02
3.750000e+07 3.800332e-01 6.624864e-02
3.800000e+07 3.768532e-01 6.462775e-02
3.850000e+07 3.737343e-01 6.306431e-02
3.900000e+07 3.706748e-01 6.155569e-02
3.950000e+07 3.676730e-01 6.009943e-02
4.000000e+07 3.647272e-01 5.869317e-02
4.050000e+07 3.618359e-01 5.733471e-02
4.100000e+07 3.589976e-01 5.602194e-02
4.150000e+07 3.562107e-01 5.475289e-02
4.200000e+07 3.534739e-01 5.352566e-02
4.250000e+07 3.507858e-01 5.233849e-02
4.300000e+07 3.481451e-01 5.118967e-02
4.350000e+07 3.455505e-01 5.007760e-02
4.400000e+07 3.430008e-01 4.900077e-02
4.450000e+07 3.404948e-01 4.795771e-02
4.500000e+07 3.380314e-01 4.694707e-02
4.550000e+07 3.356095e-01 4.596752e-02
4.600000e+07 3.332280e-01 4.501784e-02
4.650000e+07 3.308858e-01 4.409684e-02
4.700000e+07 3.285821e-01 4.320338e-02
4.750000e+07 3.263158e-01 4.233641e-02
4.800000e+07 3.240859e-01 4.149490e-02
4.850000e+07 3.218917e-01 4.067788e-02
4.900000e+07 3.197322e-01 3.988442e-02
4.950000e+07 3.176065e-01 3.911363e-02
5.000000e+07 3.155140e-01 3.836468e-02
5.050000e+07 3.134537e-01 3.763675e-02
5.100000e+07 3.114249e-01 3.692908e-02
5.150000e+07 3.094269e-01 3.624094e-02
5.200000e+07 3.074590e-01 3.557161e-02
5.250000e+07 3.055204e-01 3.492043e-02
5.300000e+07 3.036106e-01 3.428676e-02
5.350000e+07 3.017287e-01 3.366998e-02
5.400000e+07 2.998743e-01 3.306950e-02
5.450000e+07 2.980467e-01 3.248476e-02
5.500000e+07 2.962452e-01 3.191522e-02
5.550000e+07 2.944694e-01 3.136037e-02
5.600000e+07 2.927186e-01 3.081971e-02
5.650000e+07 2.909923e-01 3.029277e-02
5.700000e+07 2.892901e-01 2.977908e-02
5.750000e+07 2.876112e-01 2.927822e-02
5.800000e+07 2.859554e-01 2.878976e-02
5.850000e+07 2.843220e-01 2.831331e-02
5.900000e+07 2.827106e-01 2.784847e-02
5.950000e+07 2.811208e-01 2.739488e-02
6.000000e+07 2.795521e-01 2.695217e-02
6.050000e+07 2.780041e-01 2.652002e-02
6.100000e+07 2.764763e-01 2.609808e-02
6.150000e+07 2.749684e-01 2.568604e-02
6.200000e+07 2.734799e-01 2.528359e-02
6.250000e+07 2.720104e-01 2.489045e-02
6.300000e+07 2.705596e-01 2.450633e-02
6.350000e+07 2.691272e-01 2.413096e-02
6.400000e+07 2.677127e-01 2.376408e-02
6.450000e+07 2.663157e-01 2.340543e-02
6.500000e+07 2.649361e-01 2.305477e-02
6.550000e+07 2.635734e-01 2.271188e-02
6.600000e+07 2.622272e-01 2.237652e-02
6.650000e+07 2.608974e-01 2.204847e-02
6.700000e+07 2.595836e-01 2.172754e-02
6.750000e+07 2.582854e-01 2.141350e-02
6.800000e+07 2.570027e-01 2.110618e-02
6.850000e+07 2.557350e-01 2.080538e-02
6.900000e+07 2.544822e-01 2.051091e-02
6.950000e+07 2.532440e-01 2.022261e-02
7.000000e+07 2.520201e-01 1.994031e-02
7.050000e+07 2.508102e-01 1.966383e-02
7.100000e+07 2.496141e-01 1.939303e-02
7.150000e+07 2.484316e-01 1.912774e-02
7.200000e+07 2.472624e-01 1.886782e-02
7.250000e+07 2.461062e-01 1.861314e-02
7.300000e+07 2.449629e-01 1.836354e-02
7.350000e+07 2.438323e-01 1.811889e-02
7.400000e+07 2.427140e-01 1.787908e-02
7.450000e+07 2.416080e-01 1.764396e-02
7.500000e+07 2.405139e-01 1.741342e-02
7.550000e+07 2.394316e-01 1.718735e-02
7.600000e+07 2.383610e-01 1.696562e-02
7.650000e+07 2.373017e-01 1.674813e-02
7.700000e+07 2.362536e-01 1.653477e-02
7.750000e+07 2.352166e-01 1.632544e-02
7.800000e+07 2.341904e-01 1.612004e-02
7.850000e+07 2.331748e-01 1.591847e-02
7.900000e+07 2.321698e-01 1.572063e-02
7.950000e+07 2.311750e-01 1.552644e-02
8.000000e+07 2.301905e-01 1.533581e-02
8.050000e+07 2.292159e-01 1.514864e-02
8.100000e+07 2.282512e-01 1.496487e-02
8.150000e+07 2.272961e-01 1.478440e-02
8.200000e+07 2.263506e-01 1.460716e-02
8.250000e+07 2.254145e-01 1.443307e-02
8.300000e+07 2.244876e-01 1.426206e-02
8.350000e+07 2.235698e-01 1.409405e-02
8.400000e+07 2.226609e-01 1.392899e-02
8.450000e+07 2.217609e-01 1.376679e-02
8.500000e+07 2.208695e-01 1.360739e-02
8.550000e+07 2.199867e-01 1.345074e-02
8.600000e+07 2.191124e-01 1.329676e-02
8.650000e+07 2.182463e-01 1.314539e-02
8.700000e+07 2.173884e-01 1.299659e-02
8.750000e+07 2.165386e-01 1.285029e-02
8.800000e+07 2.156967e-01 1.270643e-02
8.850000e+07 2.148626e-01 1.256496e-02
8.900000e+07 2.140362e-01 1.242584e-02
8.950000e+07 2.132174e-01 1.228900e-02
9.000000e+07 2.124061e-01 1.215439e-02
9.050000e+07 2.116022e-01 1.202198e-02
9.100000e+07 2.108056e-01 1.189171e-02
9.150000e+07 2.100161e-01 1.176354e-02
9.200000e+07 2.092337e-01 1.163742e-02
9.250000e+07 2.084583e-01 1.151332e-02
9.300000e+07 2.076898e-01 1.139117e-02
9.350000e+07 2.069280e-01 1.127096e-02
9.400000e+07 2.061729e-01 1.115262e-02
9.450000e+07 2.054244e-01 1.103614e-02
9.500000e+07 2.046824e-01 1.092146e-02
9.550000e+07 2.039469e-01 1.080856e-02
9.600000e+07 2.032176e-01 1.069739e-02
9.650000e+07 2.024946e-01 1.058791e-02
9.700000e+07 2.017778e-01 1.048011e-02
9.750000e+07 2.010670e-01 1.037394e-02
9.800000e+07 2.003622e-01 1.026936e-02
9.850000e+07 1.996634e-01 1.016636e-02
9.900000e+07 1.989703e-01 1.006489e-02
9.950000e+07 1.982831e-01 9.964924e-03
1.000000e+08 1.976015e-01 9.866437e-03
1.005000e+08 1.969255e-01 9.769398e-03
1.010000e+08 1.962551e-01 9.673778e-03
1.015000e+08 1.955902e-01 9.579551e-03
1.020000e+08 1.949306e-01 9.486689e-03
1.025000e+08 1.942764e-01 9.395166e-03
1.030000e+08 1.936274e-01 9.304957e-03
1.035000e+08 1.929837e-01 9.216037e-03
1.040000e+08 1.923450e-01 9.128380e-03
1.045000e+08 1.917115e-01 9.041965e-03
1.050000e+08 1.910829e-01 8.956767e-03
1.055000e+08 1.904593e-01 8.872763e-03
1.060000e+08 1.898405e-01 8.789932e-03
1.065000e+08 1.892266e-01 8.708252e-03
1.070000e+08 1.886175e-01 8.627702e-03
1.075000e+08 1.880130e-01 8.548260e-03
1.080000e+08 1.874132e-01 8.469908e-03
1.085000e+08 1.868180e-01 8.392624e-03
1.090000e+08 1.862273e-01 8.316390e-03
1.095000e+08 1.856411e-01 8.241187e-03
1.100000e+08 1.850593e-01 8.166997e-03
1.105000e+08 1.844819e-01 8.093801e-03
1.110000e+08 1.839088e-01 8.021581e-03
1.115000e+08 1.833400e-01 7.950321e-03
1.120000e+08 1.827754e-01 7.880004e-03
1.125000e+08 1.822150e-01 7.810613e-03
1.130000e+08 1.816588e-01 7.742132e-03
1.135000e+08 1.811065e-01 7.674545e-03
1.140000e+08 1.805584e-01 7.607837e-03
1.145000e+08 1.800142e-01 7.541992e-03
1.150000e+08 1.794739e-01 7.476996e-03
1.155000e+08 1.789376e-01 7.412835e-03
1.160000e+08 1.784050e-01 7.349493e-03
1.165000e+08 1.778763e-01 7.286958e-03
1.170000e+08 1.773514e-01 7.225215e-03
1.175000e+08 1.768302e-01 7.164252e-03
1.180000e+08 1.763126e-01 7.104055e-03
1.185000e+08 1.757987e-01 7.044612e-03
1.190000e+08 1.752884e-01 6.985910e-03
1.195000e+08 1.747817e-01 6.927936e-03
1.200000e+08 1.742785e-01 6.870679e-03
1.205000e+08 1.737787e-01 6.814128e-03
1.210000e+08 1.732824e-01 6.758270e-03
1.215000e+08 1.727895e-01 6.703094e-03
1.220000e+08 1.723000e-01 6.648590e-03
1.225000e+08 1.718138e-01 6.594746e-03
1.230000e+08 1.713309e-01 6.541552e-03
1.235000e+08 1.708513e-01 6.488997e-03
1.240000e+08 1.703749e-01 6.437072e-03
1.245000e+08 1.699016e-01 6.385766e-03
1.250000e+08 1.694316e-01 6.335070e-03
1.255000e+08 1.689647e-01 6.284973e-03
1.260000e+08 1.685008e-01 6.235467e-03
1.265000e+08 1.680401e-01 6.186542e-03
1.270000e+08 1.675823e-01 6.138190e-03
1.275000e+08 1.671276e-01 6.090400e-03
1.280000e+08 1.666758e-01 6.043166e-03
1.285000e+08 1.662270e-01 5.996478e-03
1.290000e+08 1.657810e-01 5.950327e-03
1.295000e+08 1.653380e-01 5.904706e-03
1.300000e+08 1.648978e-01 5.859606e-03
1.305000e+08 1.644604e-01 5.815020e-03
1.310000e+08 1.640258e-01 5.770940e-03
1.315000e+08 1.635940e-01 5.727358e-03
1.320000e+08 1.631649e-01 5.684267e-03
1.325000e+08 1.627385e-01 5.641660e-03
1.330000e+08 1.623148e-01 5.599528e-03
1.335000e+08 1.618937e-01 5.557866e-03
1.340000e+08 1.614753e-01 5.516666e-03
1.345000e+08 1.610594e-01 5.475922e-03
1.350000e+08 1.606462e-01 5.435626e-03
1.355000e+08 1.602355e-01 5.395773e-03
1.360000e+08 1.598273e-01 5.356355e-03
1.365000e+08 1.594217e-01 5.317367e-03
1.370000e+08 1.590185e-01 5.278803e-03
1.375000e+08 1.586177e-01 5.240655e-03
1.380000e+08 1.582194e-01 5.202919e-03
1.385000e+08 1.578235e-01 5.165588e-03
1.390000e+08 1.574300e-01 5.128656e-03
1.395000e+08 1.570389e-01 5.092118e-03
1.400000e+08 1.566501e-01 5.055969e-03
1.405000e+08 1.562636e-01 5.020203e-03
1.410000e+08 1.558794e-01 4.984814e-03
1.415000e+08 1.554975e-01 4.949797e-03
1.420000e+08 1.551178e-01 4.915147e-03
1.425000e+08 1.547403e-01 4.880859e-03
1.430000e+08 1.543651e-01 4.846928e-03
1.435000e+08 1.539921e-01 4.813349e-03
1.440000e+08 1.536212e-01 4.780117e-03
1.445000e+08 1.532525e-01 4.747227e-03
1.450000e+08 1.528859e-01 4.714675e-03
1.455000e+08 1.525215e-01 4.682456e-03
1.460000e+08 1.521591e-01 4.650566e-03
1.465000e+08 1.517988e-01 4.618999e-03
1.470000e+08 1.514405e-01 4.587753e-03
1.475000e+08 1.510843e-01 4.556822e-03
1.480000e+08 1.507301e-01 4.526202e-03
1.485000e+08 1.503779e-01 4.495889e-03
1.490000e+08 1.500277e-01 4.465879e-03
1.495000e+08 1.496795e-01 4.436168e-03
1.500000e+08 1.493332e-01 4.406752e-03
1.505000e+08 1.489888e-01 4.377627e-03
1.510000e+08 1.486463e-01 4.348789e-03
1.515000e+08 1.483058e-01 4.320235e-03
1.520000e+08 1.479671e-01 4.291961e-03
1.525000e+08 1.476303e-01 4.263963e-03
1.530000e+08 1.472953e-01 4.236238e-03
1.535000e+08 1.469622e-01 4.208782e-03
1.540000e+08 1.466309e-01 4.181591e-03
1.545000e+08 1.463014e-01 4.154663e-03
1.550000e+08 1.459736e-01 4.127993e-03
1.555000e+08 1.456477e-01 4.101579e-03
1.560000e+08 1.453234e-01 4.075417e-03
1.565000e+08 1.450010e-01 4.049505e-03
1.570000e+08 1.446802e-01 4.023838e-03
1.575000e+08 1.443612e-01 3.998414e-03
1.580000e+08 1.440438e-01 3.973230e-03
1.585000e+08 1.437282e-01 3.948283e-03
1.590000e+08 1.434142e-01 3.923570e-03
1.595000e+08 1.431019e-01 3.899088e-03
1.600000e+08 1.427912e-01 3.874833e-03
1.605000e+08 1.424821e-01 3.850804e-03
1.610000e+08 1.421746e-01 3.826998e-03
1.615000e+08 1.418688e-01 3.803411e-03
1.620000e+08 1.415645e-01 3.780042e-03
1.625000e+08 1.412618e-01 3.756886e-03
1.630000e+08 1.409606e-01 3.733943e-03
1.635000e+08 1.406611e-01 3.711208e-03
1.640000e+08 1.403630e-01 3.688681e-03
1.645000e+08 1.400665e-01 3.666358e-03
1.650000e+08 1.397714e-01 3.644236e-03
1.655000e+08 1.394779e-01 3.622314e-03
1.660000e+08 1.391859e-01 3.600588e-03
1.665000e+08 1.388953e-01 3.579057e-03
1.670000e+08 1.386062e-01 3.557719e-03
1.675000e+08 1.383186e-01 3.536570e-03
1.680000e+08 1.380324e-01 3.515609e-03
1.685000e+08 1.377476e-01 3.494834e-03
1.690000e+08 1.374642e-01 3.474242e-03
1.695000e+08 1.371823e-01 3.453832e-03
1.700000e+08 1.369017e-01 3.433600e-03
1.705000e+08 1.366225e-01 3.413545e-03
1.710000e+08 1.363447e-01 3.393666e-03
1.715000e+08 1.360683e-01 3.373959e-03
1.720000e+08 1.357932e-01 3.354423e-03
1.725000e+08 1.355194e-01 3.335056e-03
1.730000e+08 1.352470e-01 3.315856e-03
1.735000e+08 1.349759e-01 3.296822e-03
1.740000e+08 1.347061e-01 3.277950e-03
1.745000e+08 1.344376e-01 3.259240e-03
1.750000e+08 1.341704e-01 3.240689e-03
1.755000e+08 1.339045e-01 3.222296e-03
1.760000e+08 1.336399e-01 3.204059e-03
1.765000e+08 1.333765e-01 3.185977e-03
1.770000e+08 1.331144e-01 3.168046e-03
1.775000e+08 1.328535e-01 3.150267e-03
1.780000e+08 1.325939e-01 3.132636e-03
1.785000e+08 1.323354e-01 3.115153e-03
1.790000e+08 1.320782e-01 3.097815e-03
1.795000e+08 1.318222e-01 3.080622e-03
1.800000e+08 1.315674e-01 3.063571e-03
1.805000e+08 1.313138e-01 3.046662e-03
1.810000e+08 1.310614e-01 3.029892e-03
1.815000e+08 1.308101e-01 3.013259e-03
1.820000e+08 1.305600e-01 2.996763e-03
1.825000e+08 1.303110e-01 2.980402e-03
1.830000e+08 1.300632e-01 2.964175e-03
1.835000e+08 1.298166e-01 2.948079e-03
1.840000e+08 1.295710e-01 2.932114e-03
1.845000e+08 1.293266e-01 2.916278e-03
1.850000e+08 1.290833e-01 2.900570e-03
1.855000e+08 1.288411e-01 2.884989e-03
1.860000e+08 1.286000e-01 2.869532e-03
1.865000e+08 1.283600e-01 2.854199e-03
1.870000e+08 1.281211e-01 2.838989e-03
1.875000e+08 1.278832e-01 2.823900e-03
1.880000e+08 1.276464e-01 2.808930e-03
1.885000e+08 1.274107e-01 2.794080e-03
1.890000e+08 1.271760e-01 2.779346e-03
1.895000e+08 1.269423e-01 2.764729e-03
1.900000e+08 1.267097e-01 2.750226e-03
1.905000e+08 1.264782e-01 2.735837e-03
1.910000e+08 1.262476e-01 2.721561e-03
1.915000e+08 1.260181e-01 2.707396e-03
1.920000e+08 1.257895e-01 2.693341e-03
1.925000e+08 1.255620e-01 2.679395e-03
1.930000e+08 1.253355e-01 2.665557e-03
1.935000e+08 1.251099e-01 2.651826e-03
1.940000e+08 1.248854e-01 2.638201e-03
1.945000e+08 1.246618e-01 2.624680e-03
1.950000e+08 1.244391e-01 2.611263e-03
1.955000e+08 1.242175e-01 2.597948e-03
1.960000e+08 1.239968e-01 2.584735e-03
1.965000e+08 1.237770e-01 2.571622e-03
1.970000e+08 1.235582e-01 2.558609e-03
1.975000e+08 1.233403e-01 2.545694e-03
1.980000e+08 1.231233e-01 2.532876e-03
1.985000e+08 1.229073e-01 2.520155e-03
1.990000e+08 1.226921e-01 2.507529e-03
1.995000e+08 1.224779e-01 2.494998e-03
2.000000e+08 1.222646e-01 2.482561e-03
