# Models: X-axis(1) Expressions(2)
# Labels: pc(1) lc(2)
0.000000e+00 1.000000e+00
5.025126e+03 1.029626e+00
1.005025e+04 1.057973e+00
1.507538e+04 1.084987e+00
2.010050e+04 1.110635e+00
2.512563e+04 1.134897e+00
3.015075e+04 1.157771e+00
3.517588e+04 1.179267e+00
4.020101e+04 1.199406e+00
4.522613e+04 1.218221e+00
5.025126e+04 1.235752e+00
5.527638e+04 1.252048e+00
6.030151e+04 1.267160e+00
6.532663e+04 1.281145e+00
7.035176e+04 1.294061e+00
7.537688e+04 1.305968e+00
8.040201e+04 1.316927e+00
8.542714e+04 1.326998e+00
9.045226e+04 1.336239e+00
9.547739e+04 1.344709e+00
1.005025e+05 1.352461e+00
1.055276e+05 1.359550e+00
1.105528e+05 1.366025e+00
1.155779e+05 1.371934e+00
1.206030e+05 1.377323e+00
1.256281e+05 1.382233e+00
1.306533e+05 1.386703e+00
1.356784e+05 1.390771e+00
1.407035e+05 1.394471e+00
1.457286e+05 1.397834e+00
1.507538e+05 1.400890e+00
1.557789e+05 1.403664e+00
1.608040e+05 1.406183e+00
1.658291e+05 1.408469e+00
1.708543e+05 1.410543e+00
1.758794e+05 1.412424e+00
1.809045e+05 1.414129e+00
1.859296e+05 1.415675e+00
1.909548e+05 1.417076e+00
1.959799e+05 1.418345e+00
2.010050e+05 1.419495e+00
2.060302e+05 1.420536e+00
2.110553e+05 1.421479e+00
2.160804e+05 1.422334e+00
2.211055e+05 1.423107e+00
2.261307e+05 1.423807e+00
2.311558e+05 1.424441e+00
2.361809e+05 1.425015e+00
2.412060e+05 1.425534e+00
2.462312e+05 1.426004e+00
2.512563e+05 1.426429e+00
2.562814e+05 1.426814e+00
2.613065e+05 1.427162e+00
2.663317e+05 1.427477e+00
2.713568e+05 1.427762e+00
2.763819e+05 1.428020e+00
2.814070e+05 1.428253e+00
2.864322e+05 1.428464e+00
2.914573e+05 1.428655e+00
2.964824e+05 1.428828e+00
3.015075e+05 1.428984e+00
3.065327e+05 1.429125e+00
3.115578e+05 1.429253e+00
3.165829e+05 1.429369e+00
3.216080e+05 1.429474e+00
3.266332e+05 1.429568e+00
3.316583e+05 1.429654e+00
3.366834e+05 1.429731e+00
3.417085e+05 1.429801e+00
3.467337e+05 1.429864e+00
3.517588e+05 1.429922e+00
3.567839e+05 1.429973e+00
3.618090e+05 1.430020e+00
3.668342e+05 1.430063e+00
3.718593e+05 1.430101e+00
3.768844e+05 1.430136e+00
3.819095e+05 1.430167e+00
3.869347e+05 1.430195e+00
3.919598e+05 1.430221e+00
3.969849e+05 1.430244e+00
4.020101e+05 1.430265e+00
4.070352e+05 1.430284e+00
4.120603e+05 1.430301e+00
4.170854e+05 1.430317e+00
4.221106e+05 1.430331e+00
4.271357e+05 1.430344e+00
4.321608e+05 1.430355e+00
4.371859e+05 1.430365e+00
4.422111e+05 1.430375e+00
4.472362e+05 1.430383e+00
4.522613e+05 1.430391e+00
4.572864e+05 1.430398e+00
4.623116e+05 1.430404e+00
4.673367e+05 1.430410e+00
4.723618e+05 1.430415e+00
4.773869e+05 1.430420e+00
4.824121e+05 1.430424e+00
4.874372e+05 1.430428e+00
4.924623e+05 1.430431e+00
4.974874e+05 1.430434e+00
5.025126e+05 1.430437e+00
5.075377e+05 1.430440e+00
5.125628e+05 1.430442e+00
5.175879e+05 1.430444e+00
5.226131e+05 1.430446e+00
5.276382e+05 1.430447e+00
5.326633e+05 1.430449e+00
5.376884e+05 1.430450e+00
5.427136e+05 1.430452e+00
5.477387e+05 1.430453e+00
5.527638e+05 1.430454e+00
5.577889e+05 1.430455e+00
5.628141e+05 1.430456e+00
5.678392e+05 1.430456e+00
5.728643e+05 1.430457e+00
5.778894e+05 1.430458e+00
5.829146e+05 1.430458e+00
5.879397e+05 1.430459e+00
5.929648e+05 1.430459e+00
5.979899e+05 1.430460e+00
6.030151e+05 1.430460e+00
6.080402e+05 1.430460e+00
6.130653e+05 1.430461e+00
6.180905e+05 1.430461e+00
6.231156e+05 1.430461e+00
6.281407e+05 1.430461e+00
6.331658e+05 1.430462e+00
6.381910e+05 1.430462e+00
6.432161e+05 1.430462e+00
6.482412e+05 1.430462e+00
6.532663e+05 1.430462e+00
6.582915e+05 1.430462e+00
6.633166e+05 1.430463e+00
6.683417e+05 1.430463e+00
6.733668e+05 1.430463e+00
6.783920e+05 1.430463e+00
6.834171e+05 1.430463e+00
6.884422e+05 1.430463e+00
6.934673e+05 1.430463e+00
6.984925e+05 1.430463e+00
7.035176e+05 1.430463e+00
7.085427e+05 1.430463e+00
7.135678e+05 1.430463e+00
7.185930e+05 1.430463e+00
7.236181e+05 1.430463e+00
7.286432e+05 1.430463e+00
7.336683e+05 1.430463e+00
7.386935e+05 1.430463e+00
7.437186e+05 1.430463e+00
7.487437e+05 1.430463e+00
7.537688e+05 1.430463e+00
7.587940e+05 1.430463e+00
7.638191e+05 1.430463e+00
7.688442e+05 1.430463e+00
7.738693e+05 1.430463e+00
7.788945e+05 1.430463e+00
7.839196e+05 1.430463e+00
7.889447e+05 1.430463e+00
7.939698e+05 1.430463e+00
7.989950e+05 1.430464e+00
8.040201e+05 1.430464e+00
8.090452e+05 1.430464e+00
8.140704e+05 1.430464e+00
8.190955e+05 1.430464e+00
8.241206e+05 1.430464e+00
8.291457e+05 1.430464e+00
8.341709e+05 1.430464e+00
8.391960e+05 1.430464e+00
8.442211e+05 1.430464e+00
8.492462e+05 1.430464e+00
8.542714e+05 1.430464e+00
8.592965e+05 1.430464e+00
8.643216e+05 1.430464e+00
8.693467e+05 1.430464e+00
8.743719e+05 1.430464e+00
8.793970e+05 1.430464e+00
8.844221e+05 1.430464e+00
8.894472e+05 1.430464e+00
8.944724e+05 1.430464e+00
8.994975e+05 1.430464e+00
9.045226e+05 1.430464e+00
9.095477e+05 1.430464e+00
9.145729e+05 1.430464e+00
9.195980e+05 1.430464e+00
9.246231e+05 1.430464e+00
9.296482e+05 1.430464e+00
9.346734e+05 1.430464e+00
9.396985e+05 1.430464e+00
9.447236e+05 1.430464e+00
9.497487e+05 1.430464e+00
9.547739e+05 1.430464e+00
9.597990e+05 1.430464e+00
9.648241e+05 1.430464e+00
9.698492e+05 1.430464e+00
9.748744e+05 1.430464e+00
9.798995e+05 1.430464e+00
9.849246e+05 1.430464e+00
9.899497e+05 1.430464e+00
9.949749e+05 1.430464e+00
1.000000e+06 1.430464e+00
