# Models: X-axis(1) Expressions(2) Expressions(3) Expressions(4) Expressions(5)
# Labels: pc(1) sl(2) kl(3) kg(4) lc(5)
0.000000e+00 1.000000e+00 1.000000e+00 1.000000e+00 1.000000e+00
1.764706e+05 9.922319e-01 1.000000e+00 1.000000e+00 1.373785e+00
3.529412e+05 9.580682e-01 1.000000e+00 1.000000e+00 1.389009e+00
5.294118e+05 8.946207e-01 1.000000e+00 1.000000e+00 1.389460e+00
7.058824e+05 8.107341e-01 1.000000e+00 1.000000e+00 1.389473e+00
8.823529e+05 7.194059e-01 1.000000e+00 1.000000e+00 1.389474e+00
1.058824e+06 6.311021e-01 1.000000e+00 1.000000e+00 1.389474e+00
1.235294e+06 5.515286e-01 1.000000e+00 1.000000e+00 1.389474e+00
1.411765e+06 4.825769e-01 1.000000e+00 1.000000e+00 1.389474e+00
1.588235e+06 4.239926e-01 1.000000e+00 1.000000e+00 1.389474e+00
1.764706e+06 3.746075e-01 1.000000e+00 1.000000e+00 1.389474e+00
1.941176e+06 3.330201e-01 1.000000e+00 1.000000e+00 1.389474e+00
2.117647e+06 2.978985e-01 1.000000e+00 1.000000e+00 1.389474e+00
2.294118e+06 2.680904e-01 1.000000e+00 1.000000e+00 1.389474e+00
2.470588e+06 2.426406e-01 1.000000e+00 1.000000e+00 1.389474e+00
2.647059e+06 2.207723e-01 1.000000e+00 1.000000e+00 1.389474e+00
2.823529e+06 2.018607e-01 1.000000e+00 1.000000e+00 1.389474e+00
3.000000e+06 1.854028e-01 1.000000e+00 1.000000e+00 1.389474e+00
3.176471e+06 1.709941e-01 1.000000e+00 1.000000e+00 1.389474e+00
3.352941e+06 1.583073e-01 1.000000e+00 1.000000e+00 1.389474e+00
3.529412e+06 1.470764e-01 1.000000e+00 1.000000e+00 1.389474e+00
3.705882e+06 1.370845e-01 1.000000e+00 1.000000e+00 1.389474e+00
3.882353e+06 1.281528e-01 1.000000e+00 1.000000e+00 1.389474e+00
4.058824e+06 1.201336e-01 1.000000e+00 1.000000e+00 1.389474e+00
4.235294e+06 1.129041e-01 1.000000e+00 1.000000e+00 1.389474e+00
4.411765e+06 1.063615e-01 1.000000e+00 1.000000e+00 1.389474e+00
4.588235e+06 1.004190e-01 1.000000e+00 1.000000e+00 1.389474e+00
4.764706e+06 9.500356e-02 1.000000e+00 1.000000e+00 1.389474e+00
4.941176e+06 9.005273e-02 1.000000e+00 1.000000e+00 1.389474e+00
5.117647e+06 8.551320e-02 1.000000e+00 1.000000e+00 1.389474e+00
5.294118e+06 8.133921e-02 1.000000e+00 1.000000e+00 1.389474e+00
5.470588e+06 7.749125e-02 1.000000e+00 1.000000e+00 1.389474e+00
5.647059e+06 7.393506e-02 1.000000e+00 1.000000e+00 1.389474e+00
5.823529e+06 7.064086e-02 1.000000e+00 1.000000e+00 1.389474e+00
6.000000e+06 6.758258e-02 1.000000e+00 1.000000e+00 1.389474e+00
6.176471e+06 6.473742e-02 1.000000e+00 1.000000e+00 1.389474e+00
6.352941e+06 6.208530e-02 1.000000e+00 1.000000e+00 1.389474e+00
6.529412e+06 5.960845e-02 1.000000e+00 1.000000e+00 1.389474e+00
6.705882e+06 5.729121e-02 1.000000e+00 1.000000e+00 1.389474e+00
6.882353e+06 5.511959e-02 1.000000e+00 1.000000e+00 1.389474e+00
7.058824e+06 5.308117e-02 1.000000e+00 1.000000e+00 1.389474e+00
7.235294e+06 5.116485e-02 1.000000e+00 1.000000e+00 1.389474e+00
7.411765e+06 4.936067e-02 1.000000e+00 1.000000e+00 1.389474e+00
7.588235e+06 4.765969e-02 1.000000e+00 1.000000e+00 1.389474e+00
7.764706e+06 4.605386e-02 1.000000e+00 1.000000e+00 1.389474e+00
7.941176e+06 4.453594e-02 1.000000e+00 1.000000e+00 1.389474e+00
8.117647e+06 4.309933e-02 1.000000e+00 1.000000e+00 1.389474e+00
8.294118e+06 4.173811e-02 1.000000e+00 1.000000e+00 1.389474e+00
8.470588e+06 4.044686e-02 1.000000e+00 1.000000e+00 1.389474e+00
8.647059e+06 3.922066e-02 1.000000e+00 1.000000e+00 1.389474e+00
8.823529e+06 3.805504e-02 1.000000e+00 1.000000e+00 1.389474e+00
9.000000e+06 3.694589e-02 1.000000e+00 1.000000e+00 1.389474e+00
9.176471e+06 3.588946e-02 1.000000e+00 1.000000e+00 1.389474e+00
9.352941e+06 3.488233e-02 1.000000e+00 1.000000e+00 1.389474e+00
9.529412e+06 3.392134e-02 1.000000e+00 1.000000e+00 1.389474e+00
9.705882e+06 3.300359e-02 1.000000e+00 1.000000e+00 1.389474e+00
9.882353e+06 3.212640e-02 1.000000e+00 1.000000e+00 1.389474e+00
1.005882e+07 3.128734e-02 1.000000e+00 1.000000e+00 1.389474e+00
1.023529e+07 3.048411e-02 1.000000e+00 1.000000e+00 1.389474e+00
1.041176e+07 2.971460e-02 1.000000e+00 1.000000e+00 1.389474e+00
1.058824e+07 2.897684e-02 1.000000e+00 1.000000e+00 1.389474e+00
1.076471e+07 2.826910e-02 1.000000e+00 1.000000e+00 1.389474e+00
1.094118e+07 2.758967e-02 1.000000e+00 1.000000e+00 1.389474e+00
1.111765e+07 2.693699e-02 1.000000e+00 1.000000e+00 1.389474e+00
1.129412e+07 2.630960e-02 1.000000e+00 1.000000e+00 1.389474e+00
1.147059e+07 2.570616e-02 1.000000e+00 1.000000e+00 1.389474e+00
1.164706e+07 2.512542e-02 1.000000e+00 1.000000e+00 1.389474e+00
1.182353e+07 2.456619e-02 1.000000e+00 1.000000e+00 1.389474e+00
1.200000e+07 2.402737e-02 1.000000e+00 1.000000e+00 1.389474e+00
1.217647e+07 2.350795e-02 1.000000e+00 1.000000e+00 1.389474e+00
1.235294e+07 2.300695e-02 1.000000e+00 1.000000e+00 1.389474e+00
1.252941e+07 2.252348e-02 1.000000e+00 1.000000e+00 1.389474e+00
1.270588e+07 2.205670e-02 1.000000e+00 1.000000e+00 1.389474e+00
1.288235e+07 2.160580e-02 1.000000e+00 1.000000e+00 1.389474e+00
1.305882e+07 2.117004e-02 1.000000e+00 1.000000e+00 1.389474e+00
1.323529e+07 2.074872e-02 1.000000e+00 1.000000e+00 1.389474e+00
1.341176e+07 2.034118e-02 1.000000e+00 1.000000e+00 1.389474e+00
1.358824e+07 1.994677e-02 1.000000e+00 1.000000e+00 1.389474e+00
1.376471e+07 1.956496e-02 1.000000e+00 1.000000e+00 1.389474e+00
1.394118e+07 1.919517e-02 1.000000e+00 1.000000e+00 1.389474e+00
1.411765e+07 1.883687e-02 1.000000e+00 1.000000e+00 1.389474e+00
1.429412e+07 1.848957e-02 1.000000e+00 1.000000e+00 1.389474e+00
1.447059e+07 1.815280e-02 1.000000e+00 1.000000e+00 1.389474e+00
1.464706e+07 1.782613e-02 1.000000e+00 1.000000e+00 1.389474e+00
1.482353e+07 1.750914e-02 1.000000e+00 1.000000e+00 1.389474e+00
1.500000e+07 1.720142e-02 1.000000e+00 1.000000e+00 1.389474e+00
1.517647e+07 1.690260e-02 1.000000e+00 1.000000e+00 1.389474e+00
1.535294e+07 1.661234e-02 1.000000e+00 1.000000e+00 1.389474e+00
1.552941e+07 1.633028e-02 1.000000e+00 1.000000e+00 1.389474e+00
1.570588e+07 1.605610e-02 1.000000e+00 1.000000e+00 1.389474e+00
1.588235e+07 1.578951e-02 1.000000e+00 1.000000e+00 1.389474e+00
1.605882e+07 1.553022e-02 1.000000e+00 1.000000e+00 1.389474e+00
1.623529e+07 1.527794e-02 1.000000e+00 1.000000e+00 1.389474e+00
1.641176e+07 1.503241e-02 1.000000e+00 1.000000e+00 1.389474e+00
1.658824e+07 1.479337e-02 1.000000e+00 1.000000e+00 1.389474e+00
1.676471e+07 1.456061e-02 1.000000e+00 1.000000e+00 1.389474e+00
1.694118e+07 1.433389e-02 1.000000e+00 1.000000e+00 1.389474e+00
1.711765e+07 1.411299e-02 1.000000e+00 1.000000e+00 1.389474e+00
1.729412e+07 1.389770e-02 1.000000e+00 1.000000e+00 1.389474e+00
1.747059e+07 1.368783e-02 1.000000e+00 1.000000e+00 1.389474e+00
1.764706e+07 1.348318e-02 1.000000e+00 1.000000e+00 1.389474e+00
1.782353e+07 1.328358e-02 1.000000e+00 1.000000e+00 1.389474e+00
1.800000e+07 1.308886e-02 1.000000e+00 1.000000e+00 1.389474e+00
1.817647e+07 1.289884e-02 1.000000e+00 1.000000e+00 1.389474e+00
1.835294e+07 1.271338e-02 1.000000e+00 1.000000e+00 1.389474e+00
1.852941e+07 1.253232e-02 1.000000e+00 1.000000e+00 1.389474e+00
1.870588e+07 1.235551e-02 1.000000e+00 1.000000e+00 1.389474e+00
1.888235e+07 1.218282e-02 1.000000e+00 1.000000e+00 1.389474e+00
1.905882e+07 1.201411e-02 1.000000e+00 1.000000e+00 1.389474e+00
1.923529e+07 1.184926e-02 1.000000e+00 1.000000e+00 1.389474e+00
1.941176e+07 1.168815e-02 1.000000e+00 1.000000e+00 1.389474e+00
1.958824e+07 1.153064e-02 1.000000e+00 1.000000e+00 1.389474e+00
1.976471e+07 1.137665e-02 1.000000e+00 1.000000e+00 1.389474e+00
1.994118e+07 1.122605e-02 1.000000e+00 1.000000e+00 1.389474e+00
2.011765e+07 1.107875e-02 1.000000e+00 1.000000e+00 1.389474e+00
2.029412e+07 1.093463e-02 1.000000e+00 1.000000e+00 1.389474e+00
2.047059e+07 1.079362e-02 1.000000e+00 1.000000e+00 1.389474e+00
2.064706e+07 1.065561e-02 1.000000e+00 1.000000e+00 1.389474e+00
2.082353e+07 1.052051e-02 1.000000e+00 1.000000e+00 1.389474e+00
2.100000e+07 1.038824e-02 1.000000e+00 1.000000e+00 1.389474e+00
2.117647e+07 1.025873e-02 1.000000e+00 1.000000e+00 1.389474e+00
2.135294e+07 1.013188e-02 1.000000e+00 1.000000e+00 1.389474e+00
2.152941e+07 1.000762e-02 1.000000e+00 1.000000e+00 1.389474e+00
2.170588e+07 9.885877e-03 1.000000e+00 1.000000e+00 1.389474e+00
2.188235e+07 9.766585e-03 1.000000e+00 1.000000e+00 1.389474e+00
2.205882e+07 9.649673e-03 1.000000e+00 1.000000e+00 1.389474e+00
2.223529e+07 9.535074e-03 1.000000e+00 1.000000e+00 1.389474e+00
2.241176e+07 9.422725e-03 1.000000e+00 1.000000e+00 1.389474e+00
2.258824e+07 9.312558e-03 1.000000e+00 1.000000e+00 1.389474e+00
2.276471e+07 9.204527e-03 1.000000e+00 1.000000e+00 1.389474e+00
2.294118e+07 9.098568e-03 1.000000e+00 1.000000e+00 1.389474e+00
2.311765e+07 8.994625e-03 1.000000e+00 1.000000e+00 1.389474e+00
2.329412e+07 8.892647e-03 1.000000e+00 1.000000e+00 1.389474e+00
2.347059e+07 8.792581e-03 1.000000e+00 1.000000e+00 1.389474e+00
2.364706e+07 8.694377e-03 1.000000e+00 1.000000e+00 1.389474e+00
2.382353e+07 8.597987e-03 1.000000e+00 1.000000e+00 1.389474e+00
2.400000e+07 8.503365e-03 1.000000e+00 1.000000e+00 1.389474e+00
2.417647e+07 8.410465e-03 1.000000e+00 1.000000e+00 1.389474e+00
2.435294e+07 8.319244e-03 1.000000e+00 1.000000e+00 1.389474e+00
2.452941e+07 8.229661e-03 1.000000e+00 1.000000e+00 1.389474e+00
2.470588e+07 8.141673e-03 1.000000e+00 1.000000e+00 1.389474e+00
2.488235e+07 8.055241e-03 1.000000e+00 1.000000e+00 1.389474e+00
2.505882e+07 7.970328e-03 1.000000e+00 1.000000e+00 1.389474e+00
2.523529e+07 7.886896e-03 1.000000e+00 1.000000e+00 1.389474e+00
2.541176e+07 7.804909e-03 1.000000e+00 1.000000e+00 1.389474e+00
2.558824e+07 7.724328e-03 1.000000e+00 1.000000e+00 1.389474e+00
2.576471e+07 7.645128e-03 1.000000e+00 1.000000e+00 1.389474e+00
2.594118e+07 7.567273e-03 1.000000e+00 1.000000e+00 1.389474e+00
2.611765e+07 7.490730e-03 1.000000e+00 1.000000e+00 1.389474e+00
2.629412e+07 7.415468e-03 1.000000e+00 1.000000e+00 1.389474e+00
2.647059e+07 7.341458e-03 1.000000e+00 1.000000e+00 1.389474e+00
2.664706e+07 7.268670e-03 1.000000e+00 1.000000e+00 1.389474e+00
2.682353e+07 7.197078e-03 1.000000e+00 1.000000e+00 1.389474e+00
2.700000e+07 7.126652e-03 1.000000e+00 1.000000e+00 1.389474e+00
2.717647e+07 7.057368e-03 1.000000e+00 1.000000e+00 1.389474e+00
2.735294e+07 6.989199e-03 1.000000e+00 1.000000e+00 1.389474e+00
2.752941e+07 6.922120e-03 1.000000e+00 1.000000e+00 1.389474e+00
2.770588e+07 6.856107e-03 1.000000e+00 1.000000e+00 1.389474e+00
2.788235e+07 6.791137e-03 1.000000e+00 1.000000e+00 1.389474e+00
2.805882e+07 6.727186e-03 1.000000e+00 1.000000e+00 1.389474e+00
2.823529e+07 6.664232e-03 1.000000e+00 1.000000e+00 1.389474e+00
2.841176e+07 6.602254e-03 1.000000e+00 1.000000e+00 1.389474e+00
2.858824e+07 6.541227e-03 1.000000e+00 1.000000e+00 1.389474e+00
2.876471e+07 6.481138e-03 1.000000e+00 1.000000e+00 1.389474e+00
2.894118e+07 6.421963e-03 1.000000e+00 1.000000e+00 1.389474e+00
2.911765e+07 6.363683e-03 1.000000e+00 1.000000e+00 1.389474e+00
2.929412e+07 6.306280e-03 1.000000e+00 1.000000e+00 1.389474e+00
2.947059e+07 6.249733e-03 1.000000e+00 1.000000e+00 1.389474e+00
2.964706e+07 6.194027e-03 1.000000e+00 1.000000e+00 1.389474e+00
2.982353e+07 6.139144e-03 1.000000e+00 1.000000e+00 1.389474e+00
3.000000e+07 6.085066e-03 1.000000e+00 1.000000e+00 1.389474e+00
