# Modeles : CSH4Poles CSH4Poles CSH4Poles CSH4Poles
# q_CH(1) x_csh(2) z(3) V(4) q_SH(5)
1.000000e-20 5.019864e-22 2.000000e+00 4.300000e-02 1.000000e+00
1.047129e-20 5.378883e-22 2.000000e+00 4.300000e-02 1.000000e+00
1.096478e-20 5.763570e-22 2.000000e+00 4.300000e-02 1.000000e+00
1.148154e-20 6.175780e-22 2.000000e+00 4.300000e-02 1.000000e+00
1.202264e-20 6.617458e-22 2.000000e+00 4.300000e-02 1.000000e+00
1.258925e-20 7.090733e-22 2.000000e+00 4.300000e-02 1.000000e+00
1.318257e-20 7.597861e-22 2.000000e+00 4.300000e-02 1.000000e+00
1.380384e-20 8.141248e-22 2.000000e+00 4.300000e-02 1.000000e+00
1.445440e-20 8.723506e-22 2.000000e+00 4.300000e-02 1.000000e+00
1.513561e-20 9.347398e-22 2.000000e+00 4.300000e-02 1.000000e+00
1.584893e-20 1.001592e-21 2.000000e+00 4.300000e-02 1.000000e+00
1.659587e-20 1.073225e-21 2.000000e+00 4.300000e-02 1.000000e+00
1.737801e-20 1.149981e-21 2.000000e+00 4.300000e-02 1.000000e+00
1.819701e-20 1.232226e-21 2.000000e+00 4.300000e-02 1.000000e+00
1.905461e-20 1.320354e-21 2.000000e+00 4.300000e-02 1.000000e+00
1.995262e-20 1.414784e-21 2.000000e+00 4.300000e-02 1.000000e+00
2.089296e-20 1.515968e-21 2.000000e+00 4.300000e-02 1.000000e+00
2.187762e-20 1.624389e-21 2.000000e+00 4.300000e-02 1.000000e+00
2.290868e-20 1.740564e-21 2.000000e+00 4.300000e-02 1.000000e+00
2.398833e-20 1.865047e-21 2.000000e+00 4.300000e-02 1.000000e+00
2.511886e-20 1.998432e-21 2.000000e+00 4.300000e-02 1.000000e+00
2.630268e-20 2.141359e-21 2.000000e+00 4.300000e-02 1.000000e+00
2.754229e-20 2.294507e-21 2.000000e+00 4.300000e-02 1.000000e+00
2.884032e-20 2.458608e-21 2.000000e+00 4.300000e-02 1.000000e+00
3.019952e-20 2.634445e-21 2.000000e+00 4.300000e-02 1.000000e+00
3.162278e-20 2.822858e-21 2.000000e+00 4.300000e-02 1.000000e+00
3.311311e-20 3.024745e-21 2.000000e+00 4.300000e-02 1.000000e+00
3.467369e-20 3.241073e-21 2.000000e+00 4.300000e-02 1.000000e+00
3.630781e-20 3.472871e-21 2.000000e+00 4.300000e-02 1.000000e+00
3.801894e-20 3.721247e-21 2.000000e+00 4.300000e-02 1.000000e+00
3.981072e-20 3.987387e-21 2.000000e+00 4.300000e-02 1.000000e+00
4.168694e-20 4.272561e-21 2.000000e+00 4.300000e-02 1.000000e+00
4.365158e-20 4.578130e-21 2.000000e+00 4.300000e-02 1.000000e+00
4.570882e-20 4.905554e-21 2.000000e+00 4.300000e-02 1.000000e+00
4.786301e-20 5.256394e-21 2.000000e+00 4.300000e-02 1.000000e+00
5.011872e-20 5.632325e-21 2.000000e+00 4.300000e-02 1.000000e+00
5.248075e-20 6.035145e-21 2.000000e+00 4.300000e-02 1.000000e+00
5.495409e-20 6.466772e-21 2.000000e+00 4.300000e-02 1.000000e+00
5.754399e-20 6.929268e-21 2.000000e+00 4.300000e-02 1.000000e+00
6.025596e-20 7.424844e-21 2.000000e+00 4.300000e-02 1.000000e+00
6.309573e-20 7.955860e-21 2.000000e+00 4.300000e-02 1.000000e+00
6.606934e-20 8.524855e-21 2.000000e+00 4.300000e-02 1.000000e+00
6.918310e-20 9.134546e-21 2.000000e+00 4.300000e-02 1.000000e+00
7.244360e-20 9.787840e-21 2.000000e+00 4.300000e-02 1.000000e+00
7.585776e-20 1.048786e-20 2.000000e+00 4.300000e-02 1.000000e+00
7.943282e-20 1.123794e-20 2.000000e+00 4.300000e-02 1.000000e+00
8.317638e-20 1.204166e-20 2.000000e+00 4.300000e-02 1.000000e+00
8.709636e-20 1.290287e-20 2.000000e+00 4.300000e-02 1.000000e+00
9.120108e-20 1.382567e-20 2.000000e+00 4.300000e-02 1.000000e+00
9.549926e-20 1.481447e-20 2.000000e+00 4.300000e-02 1.000000e+00
1.000000e-19 1.587399e-20 2.000000e+00 4.300000e-02 1.000000e+00
1.047129e-19 1.700929e-20 2.000000e+00 4.300000e-02 1.000000e+00
1.096478e-19 1.822576e-20 2.000000e+00 4.300000e-02 1.000000e+00
1.148154e-19 1.952926e-20 2.000000e+00 4.300000e-02 1.000000e+00
1.202264e-19 2.092596e-20 2.000000e+00 4.300000e-02 1.000000e+00
1.258925e-19 2.242256e-20 2.000000e+00 4.300000e-02 1.000000e+00
1.318257e-19 2.402622e-20 2.000000e+00 4.300000e-02 1.000000e+00
1.380384e-19 2.574454e-20 2.000000e+00 4.300000e-02 1.000000e+00
1.445440e-19 2.758577e-20 2.000000e+00 4.300000e-02 1.000000e+00
1.513561e-19 2.955867e-20 2.000000e+00 4.300000e-02 1.000000e+00
1.584893e-19 3.167268e-20 2.000000e+00 4.300000e-02 1.000000e+00
1.659587e-19 3.393788e-20 2.000000e+00 4.300000e-02 1.000000e+00
1.737801e-19 3.636509e-20 2.000000e+00 4.300000e-02 1.000000e+00
1.819701e-19 3.896589e-20 2.000000e+00 4.300000e-02 1.000000e+00
1.905461e-19 4.175269e-20 2.000000e+00 4.300000e-02 1.000000e+00
1.995262e-19 4.473878e-20 2.000000e+00 4.300000e-02 1.000000e+00
2.089296e-19 4.793846e-20 2.000000e+00 4.300000e-02 1.000000e+00
2.187762e-19 5.136699e-20 2.000000e+00 4.300000e-02 1.000000e+00
2.290868e-19 5.504071e-20 2.000000e+00 4.300000e-02 1.000000e+00
2.398833e-19 5.897716e-20 2.000000e+00 4.300000e-02 1.000000e+00
2.511886e-19 6.319513e-20 2.000000e+00 4.300000e-02 1.000000e+00
2.630268e-19 6.771480e-20 2.000000e+00 4.300000e-02 1.000000e+00
2.754229e-19 7.255770e-20 2.000000e+00 4.300000e-02 1.000000e+00
2.884032e-19 7.774697e-20 2.000000e+00 4.300000e-02 1.000000e+00
3.019952e-19 8.330734e-20 2.000000e+00 4.300000e-02 1.000000e+00
3.162278e-19 8.926541e-20 2.000000e+00 4.300000e-02 1.000000e+00
3.311311e-19 9.564956e-20 2.000000e+00 4.300000e-02 1.000000e+00
3.467369e-19 1.024904e-19 2.000000e+00 4.300000e-02 1.000000e+00
3.630781e-19 1.098204e-19 2.000000e+00 4.300000e-02 1.000000e+00
3.801894e-19 1.176746e-19 2.000000e+00 4.300000e-02 1.000000e+00
3.981072e-19 1.260906e-19 2.000000e+00 4.300000e-02 1.000000e+00
4.168694e-19 1.351084e-19 2.000000e+00 4.300000e-02 1.000000e+00
4.365158e-19 1.447712e-19 2.000000e+00 4.300000e-02 1.000000e+00
4.570882e-19 1.551252e-19 2.000000e+00 4.300000e-02 1.000000e+00
4.786301e-19 1.662195e-19 2.000000e+00 4.300000e-02 1.000000e+00
5.011872e-19 1.781074e-19 2.000000e+00 4.300000e-02 1.000000e+00
5.248075e-19 1.908455e-19 2.000000e+00 4.300000e-02 1.000000e+00
5.495409e-19 2.044946e-19 2.000000e+00 4.300000e-02 1.000000e+00
5.754399e-19 2.191198e-19 2.000000e+00 4.300000e-02 1.000000e+00
6.025596e-19 2.347910e-19 2.000000e+00 4.300000e-02 1.000000e+00
6.309573e-19 2.515830e-19 2.000000e+00 4.300000e-02 1.000000e+00
6.606934e-19 2.695760e-19 2.000000e+00 4.300000e-02 1.000000e+00
6.918310e-19 2.888559e-19 2.000000e+00 4.300000e-02 1.000000e+00
7.244360e-19 3.095146e-19 2.000000e+00 4.300000e-02 1.000000e+00
7.585776e-19 3.316507e-19 2.000000e+00 4.300000e-02 1.000000e+00
7.943282e-19 3.553700e-19 2.000000e+00 4.300000e-02 1.000000e+00
8.317638e-19 3.807858e-19 2.000000e+00 4.300000e-02 1.000000e+00
8.709636e-19 4.080192e-19 2.000000e+00 4.300000e-02 1.000000e+00
9.120108e-19 4.372003e-19 2.000000e+00 4.300000e-02 1.000000e+00
9.549926e-19 4.684685e-19 2.000000e+00 4.300000e-02 1.000000e+00
1.000000e-18 5.019729e-19 2.000000e+00 4.300000e-02 1.000000e+00
1.047129e-18 5.378739e-19 2.000000e+00 4.300000e-02 1.000000e+00
1.096478e-18 5.763416e-19 2.000000e+00 4.300000e-02 1.000000e+00
1.148154e-18 6.175614e-19 2.000000e+00 4.300000e-02 1.000000e+00
1.202264e-18 6.617282e-19 2.000000e+00 4.300000e-02 1.000000e+00
1.258925e-18 7.090544e-19 2.000000e+00 4.300000e-02 1.000000e+00
1.318257e-18 7.597658e-19 2.000000e+00 4.300000e-02 1.000000e+00
1.380384e-18 8.141031e-19 2.000000e+00 4.300000e-02 1.000000e+00
1.445440e-18 8.723274e-19 2.000000e+00 4.300000e-02 1.000000e+00
1.513561e-18 9.347150e-19 2.000000e+00 4.300000e-02 1.000000e+00
1.584893e-18 1.001565e-18 2.000000e+00 4.300000e-02 1.000000e+00
1.659587e-18 1.073196e-18 2.000000e+00 4.300000e-02 1.000000e+00
1.737801e-18 1.149950e-18 2.000000e+00 4.300000e-02 1.000000e+00
1.819701e-18 1.232194e-18 2.000000e+00 4.300000e-02 1.000000e+00
1.905461e-18 1.320319e-18 2.000000e+00 4.300000e-02 1.000000e+00
1.995262e-18 1.414746e-18 2.000000e+00 4.300000e-02 1.000000e+00
2.089296e-18 1.515928e-18 2.000000e+00 4.300000e-02 1.000000e+00
2.187762e-18 1.624346e-18 2.000000e+00 4.300000e-02 1.000000e+00
2.290868e-18 1.740518e-18 2.000000e+00 4.300000e-02 1.000000e+00
2.398833e-18 1.864997e-18 2.000000e+00 4.300000e-02 1.000000e+00
2.511886e-18 1.998380e-18 2.000000e+00 4.300000e-02 1.000000e+00
2.630268e-18 2.141302e-18 2.000000e+00 4.300000e-02 1.000000e+00
2.754229e-18 2.294447e-18 2.000000e+00 4.300000e-02 1.000000e+00
2.884032e-18 2.458544e-18 2.000000e+00 4.300000e-02 1.000000e+00
3.019952e-18 2.634376e-18 2.000000e+00 4.300000e-02 1.000000e+00
3.162278e-18 2.822784e-18 2.000000e+00 4.300000e-02 1.000000e+00
3.311311e-18 3.024666e-18 2.000000e+00 4.300000e-02 1.000000e+00
3.467369e-18 3.240988e-18 2.000000e+00 4.300000e-02 1.000000e+00
3.630781e-18 3.472781e-18 2.000000e+00 4.300000e-02 1.000000e+00
3.801894e-18 3.721150e-18 2.000000e+00 4.300000e-02 1.000000e+00
3.981072e-18 3.987284e-18 2.000000e+00 4.300000e-02 1.000000e+00
4.168694e-18 4.272450e-18 2.000000e+00 4.300000e-02 1.000000e+00
4.365158e-18 4.578011e-18 2.000000e+00 4.300000e-02 1.000000e+00
4.570882e-18 4.905427e-18 2.000000e+00 4.300000e-02 1.000000e+00
4.786301e-18 5.256258e-18 2.000000e+00 4.300000e-02 1.000000e+00
5.011872e-18 5.632180e-18 2.000000e+00 4.300000e-02 1.000000e+00
5.248075e-18 6.034990e-18 2.000000e+00 4.300000e-02 1.000000e+00
5.495409e-18 6.466606e-18 2.000000e+00 4.300000e-02 1.000000e+00
5.754399e-18 6.929091e-18 2.000000e+00 4.300000e-02 1.000000e+00
6.025596e-18 7.424654e-18 2.000000e+00 4.300000e-02 1.000000e+00
6.309573e-18 7.955657e-18 2.000000e+00 4.300000e-02 1.000000e+00
6.606934e-18 8.524638e-18 2.000000e+00 4.300000e-02 1.000000e+00
6.918310e-18 9.134314e-18 2.000000e+00 4.300000e-02 1.000000e+00
7.244360e-18 9.787592e-18 2.000000e+00 4.300000e-02 1.000000e+00
7.585776e-18 1.048759e-17 2.000000e+00 4.300000e-02 1.000000e+00
7.943282e-18 1.123765e-17 2.000000e+00 4.300000e-02 1.000000e+00
8.317638e-18 1.204136e-17 2.000000e+00 4.300000e-02 1.000000e+00
8.709636e-18 1.290255e-17 2.000000e+00 4.300000e-02 1.000000e+00
9.120108e-18 1.382532e-17 2.000000e+00 4.300000e-02 1.000000e+00
9.549926e-18 1.481410e-17 2.000000e+00 4.300000e-02 1.000000e+00
1.000000e-17 1.587359e-17 2.000000e+00 4.300000e-02 1.000000e+00
1.047129e-17 1.700887e-17 2.000000e+00 4.300000e-02 1.000000e+00
1.096478e-17 1.822531e-17 2.000000e+00 4.300000e-02 1.000000e+00
1.148154e-17 1.952878e-17 2.000000e+00 4.300000e-02 1.000000e+00
1.202264e-17 2.092544e-17 2.000000e+00 4.300000e-02 1.000000e+00
1.258925e-17 2.242201e-17 2.000000e+00 4.300000e-02 1.000000e+00
1.318257e-17 2.402563e-17 2.000000e+00 4.300000e-02 1.000000e+00
1.380384e-17 2.574390e-17 2.000000e+00 4.300000e-02 1.000000e+00
1.445440e-17 2.758510e-17 2.000000e+00 4.300000e-02 1.000000e+00
1.513561e-17 2.955795e-17 2.000000e+00 4.300000e-02 1.000000e+00
1.584893e-17 3.167191e-17 2.000000e+00 4.300000e-02 1.000000e+00
1.659587e-17 3.393706e-17 2.000000e+00 4.300000e-02 1.000000e+00
1.737801e-17 3.636421e-17 2.000000e+00 4.300000e-02 1.000000e+00
1.819701e-17 3.896495e-17 2.000000e+00 4.300000e-02 1.000000e+00
1.905461e-17 4.175169e-17 2.000000e+00 4.300000e-02 1.000000e+00
1.995262e-17 4.473771e-17 2.000000e+00 4.300000e-02 1.000000e+00
2.089296e-17 4.793732e-17 2.000000e+00 4.300000e-02 1.000000e+00
2.187762e-17 5.136577e-17 2.000000e+00 4.300000e-02 1.000000e+00
2.290868e-17 5.503941e-17 2.000000e+00 4.300000e-02 1.000000e+00
2.398833e-17 5.897577e-17 2.000000e+00 4.300000e-02 1.000000e+00
2.511886e-17 6.319364e-17 2.000000e+00 4.300000e-02 1.000000e+00
2.630268e-17 6.771321e-17 2.000000e+00 4.300000e-02 1.000000e+00
2.754229e-17 7.255602e-17 2.000000e+00 4.300000e-02 1.000000e+00
2.884032e-17 7.774517e-17 2.000000e+00 4.300000e-02 1.000000e+00
3.019952e-17 8.330542e-17 2.000000e+00 4.300000e-02 1.000000e+00
3.162278e-17 8.926336e-17 2.000000e+00 4.300000e-02 1.000000e+00
3.311311e-17 9.564737e-17 2.000000e+00 4.300000e-02 1.000000e+00
3.467369e-17 1.024880e-16 2.000000e+00 4.300000e-02 1.000000e+00
3.630781e-17 1.098179e-16 2.000000e+00 4.300000e-02 1.000000e+00
3.801894e-17 1.176719e-16 2.000000e+00 4.300000e-02 1.000000e+00
3.981072e-17 1.260877e-16 2.000000e+00 4.300000e-02 1.000000e+00
4.168694e-17 1.351054e-16 2.000000e+00 4.300000e-02 1.000000e+00
4.365158e-17 1.447680e-16 2.000000e+00 4.300000e-02 1.000000e+00
4.570882e-17 1.551217e-16 2.000000e+00 4.300000e-02 1.000000e+00
4.786301e-17 1.662159e-16 2.000000e+00 4.300000e-02 1.000000e+00
5.011872e-17 1.781035e-16 2.000000e+00 4.300000e-02 1.000000e+00
5.248075e-17 1.908414e-16 2.000000e+00 4.300000e-02 1.000000e+00
5.495409e-17 2.044902e-16 2.000000e+00 4.300000e-02 1.000000e+00
5.754399e-17 2.191151e-16 2.000000e+00 4.300000e-02 1.000000e+00
6.025596e-17 2.347861e-16 2.000000e+00 4.300000e-02 1.000000e+00
6.309573e-17 2.515778e-16 2.000000e+00 4.300000e-02 1.000000e+00
6.606934e-17 2.695704e-16 2.000000e+00 4.300000e-02 1.000000e+00
6.918310e-17 2.888499e-16 2.000000e+00 4.300000e-02 1.000000e+00
7.244360e-17 3.095082e-16 2.000000e+00 4.300000e-02 1.000000e+00
7.585776e-17 3.316440e-16 2.000000e+00 4.300000e-02 1.000000e+00
7.943282e-17 3.553629e-16 2.000000e+00 4.300000e-02 1.000000e+00
8.317638e-17 3.807782e-16 2.000000e+00 4.300000e-02 1.000000e+00
8.709636e-17 4.080111e-16 2.000000e+00 4.300000e-02 1.000000e+00
9.120108e-17 4.371917e-16 2.000000e+00 4.300000e-02 1.000000e+00
9.549926e-17 4.684594e-16 2.000000e+00 4.300000e-02 1.000000e+00
1.000000e-16 5.019632e-16 2.000000e+00 4.300000e-02 1.000000e+00
1.047129e-16 5.378636e-16 2.000000e+00 4.300000e-02 1.000000e+00
1.096478e-16 5.763307e-16 2.000000e+00 4.300000e-02 1.000000e+00
1.148154e-16 6.175499e-16 2.000000e+00 4.300000e-02 1.000000e+00
1.202264e-16 6.617159e-16 2.000000e+00 4.300000e-02 1.000000e+00
1.258925e-16 7.090414e-16 2.000000e+00 4.300000e-02 1.000000e+00
1.318257e-16 7.597521e-16 2.000000e+00 4.300000e-02 1.000000e+00
1.380384e-16 8.140885e-16 2.000000e+00 4.300000e-02 1.000000e+00
1.445440e-16 8.723120e-16 2.000000e+00 4.300000e-02 1.000000e+00
1.513561e-16 9.346987e-16 2.000000e+00 4.300000e-02 1.000000e+00
1.584893e-16 1.001548e-15 2.000000e+00 4.300000e-02 1.000000e+00
1.659587e-16 1.073178e-15 2.000000e+00 4.300000e-02 1.000000e+00
1.737801e-16 1.149931e-15 2.000000e+00 4.300000e-02 1.000000e+00
1.819701e-16 1.232173e-15 2.000000e+00 4.300000e-02 1.000000e+00
1.905461e-16 1.320298e-15 2.000000e+00 4.300000e-02 1.000000e+00
1.995262e-16 1.414724e-15 2.000000e+00 4.300000e-02 1.000000e+00
2.089296e-16 1.515904e-15 2.000000e+00 4.300000e-02 1.000000e+00
2.187762e-16 1.624321e-15 2.000000e+00 4.300000e-02 1.000000e+00
2.290868e-16 1.740491e-15 2.000000e+00 4.300000e-02 1.000000e+00
2.398833e-16 1.864970e-15 2.000000e+00 4.300000e-02 1.000000e+00
2.511886e-16 1.998351e-15 2.000000e+00 4.300000e-02 1.000000e+00
2.630268e-16 2.141272e-15 2.000000e+00 4.300000e-02 1.000000e+00
2.754229e-16 2.294415e-15 2.000000e+00 4.300000e-02 1.000000e+00
2.884032e-16 2.458510e-15 2.000000e+00 4.300000e-02 1.000000e+00
3.019952e-16 2.634341e-15 2.000000e+00 4.300000e-02 1.000000e+00
3.162278e-16 2.822748e-15 2.000000e+00 4.300000e-02 1.000000e+00
3.311311e-16 3.024628e-15 2.000000e+00 4.300000e-02 1.000000e+00
3.467369e-16 3.240949e-15 2.000000e+00 4.300000e-02 1.000000e+00
3.630781e-16 3.472740e-15 2.000000e+00 4.300000e-02 1.000000e+00
3.801894e-16 3.721108e-15 2.000000e+00 4.300000e-02 1.000000e+00
3.981072e-16 3.987240e-15 2.000000e+00 4.300000e-02 1.000000e+00
4.168694e-16 4.272405e-15 2.000000e+00 4.300000e-02 1.000000e+00
4.365158e-16 4.577964e-15 2.000000e+00 4.300000e-02 1.000000e+00
4.570882e-16 4.905379e-15 2.000000e+00 4.300000e-02 1.000000e+00
4.786301e-16 5.256209e-15 2.000000e+00 4.300000e-02 1.000000e+00
5.011872e-16 5.632130e-15 2.000000e+00 4.300000e-02 1.000000e+00
5.248075e-16 6.034938e-15 2.000000e+00 4.300000e-02 1.000000e+00
5.495409e-16 6.466554e-15 2.000000e+00 4.300000e-02 1.000000e+00
5.754399e-16 6.929038e-15 2.000000e+00 4.300000e-02 1.000000e+00
6.025596e-16 7.424600e-15 2.000000e+00 4.300000e-02 1.000000e+00
6.309573e-16 7.955604e-15 2.000000e+00 4.300000e-02 1.000000e+00
6.606934e-16 8.524585e-15 2.000000e+00 4.300000e-02 1.000000e+00
6.918310e-16 9.134261e-15 2.000000e+00 4.300000e-02 1.000000e+00
7.244360e-16 9.787541e-15 2.000000e+00 4.300000e-02 1.000000e+00
7.585776e-16 1.048754e-14 2.000000e+00 4.300000e-02 1.000000e+00
7.943282e-16 1.123761e-14 2.000000e+00 4.300000e-02 1.000000e+00
8.317638e-16 1.204132e-14 2.000000e+00 4.300000e-02 1.000000e+00
8.709636e-16 1.290251e-14 2.000000e+00 4.300000e-02 1.000000e+00
9.120108e-16 1.382529e-14 2.000000e+00 4.300000e-02 1.000000e+00
9.549926e-16 1.481407e-14 2.000000e+00 4.300000e-02 1.000000e+00
1.000000e-15 1.587357e-14 2.000000e+00 4.300000e-02 1.000000e+00
1.047129e-15 1.700885e-14 2.000000e+00 4.300000e-02 1.000000e+00
1.096478e-15 1.822531e-14 2.000000e+00 4.300000e-02 1.000000e+00
1.148154e-15 1.952879e-14 2.000000e+00 4.300000e-02 1.000000e+00
1.202264e-15 2.092546e-14 2.000000e+00 4.300000e-02 1.000000e+00
1.258925e-15 2.242205e-14 2.000000e+00 4.300000e-02 1.000000e+00
1.318257e-15 2.402569e-14 2.000000e+00 4.300000e-02 1.000000e+00
1.380384e-15 2.574399e-14 2.000000e+00 4.300000e-02 1.000000e+00
1.445440e-15 2.758521e-14 2.000000e+00 4.300000e-02 1.000000e+00
1.513561e-15 2.955809e-14 2.000000e+00 4.300000e-02 1.000000e+00
1.584893e-15 3.167208e-14 2.000000e+00 4.300000e-02 1.000000e+00
1.659587e-15 3.393727e-14 2.000000e+00 4.300000e-02 1.000000e+00
1.737801e-15 3.636447e-14 2.000000e+00 4.300000e-02 1.000000e+00
1.819701e-15 3.896525e-14 2.000000e+00 4.300000e-02 1.000000e+00
1.905461e-15 4.175205e-14 2.000000e+00 4.300000e-02 1.000000e+00
1.995262e-15 4.473814e-14 2.000000e+00 4.300000e-02 1.000000e+00
2.089296e-15 4.793782e-14 2.000000e+00 4.300000e-02 1.000000e+00
2.187762e-15 5.136635e-14 2.000000e+00 4.300000e-02 1.000000e+00
2.290868e-15 5.504008e-14 2.000000e+00 4.300000e-02 1.000000e+00
2.398833e-15 5.897654e-14 2.000000e+00 4.300000e-02 1.000000e+00
2.511886e-15 6.319453e-14 2.000000e+00 4.300000e-02 1.000000e+00
2.630268e-15 6.771423e-14 2.000000e+00 4.300000e-02 1.000000e+00
2.754229e-15 7.255718e-14 2.000000e+00 4.300000e-02 1.000000e+00
2.884032e-15 7.774649e-14 2.000000e+00 4.300000e-02 1.000000e+00
3.019952e-15 8.330693e-14 2.000000e+00 4.300000e-02 1.000000e+00
3.162278e-15 8.926507e-14 2.000000e+00 4.300000e-02 1.000000e+00
3.311311e-15 9.564931e-14 2.000000e+00 4.300000e-02 1.000000e+00
3.467369e-15 1.024902e-13 2.000000e+00 4.300000e-02 1.000000e+00
3.630781e-15 1.098203e-13 2.000000e+00 4.300000e-02 1.000000e+00
3.801894e-15 1.176747e-13 2.000000e+00 4.300000e-02 1.000000e+00
3.981072e-15 1.260909e-13 2.000000e+00 4.300000e-02 1.000000e+00
4.168694e-15 1.351090e-13 2.000000e+00 4.300000e-02 1.000000e+00
4.365158e-15 1.447720e-13 2.000000e+00 4.300000e-02 1.000000e+00
4.570882e-15 1.551262e-13 2.000000e+00 4.300000e-02 1.000000e+00
4.786301e-15 1.662209e-13 2.000000e+00 4.300000e-02 1.000000e+00
5.011872e-15 1.781091e-13 2.000000e+00 4.300000e-02 1.000000e+00
5.248075e-15 1.908476e-13 2.000000e+00 4.300000e-02 1.000000e+00
5.495409e-15 2.044971e-13 2.000000e+00 4.300000e-02 1.000000e+00
5.754399e-15 2.191229e-13 2.000000e+00 4.300000e-02 1.000000e+00
6.025596e-15 2.347948e-13 2.000000e+00 4.300000e-02 1.000000e+00
6.309573e-15 2.515874e-13 2.000000e+00 4.300000e-02 1.000000e+00
6.606934e-15 2.695812e-13 2.000000e+00 4.300000e-02 1.000000e+00
6.918310e-15 2.888619e-13 2.000000e+00 4.300000e-02 1.000000e+00
7.244360e-15 3.095216e-13 2.000000e+00 4.300000e-02 1.000000e+00
7.585776e-15 3.316589e-13 2.000000e+00 4.300000e-02 1.000000e+00
7.943282e-15 3.553794e-13 2.000000e+00 4.300000e-02 1.000000e+00
8.317638e-15 3.807966e-13 2.000000e+00 4.300000e-02 1.000000e+00
8.709636e-15 4.080315e-13 2.000000e+00 4.300000e-02 1.000000e+00
9.120108e-15 4.372144e-13 2.000000e+00 4.300000e-02 1.000000e+00
9.549926e-15 4.684845e-13 2.000000e+00 4.300000e-02 1.000000e+00
1.000000e-14 5.019911e-13 2.000000e+00 4.300000e-02 1.000000e+00
1.047129e-14 5.378946e-13 2.000000e+00 4.300000e-02 1.000000e+00
1.096478e-14 5.763650e-13 2.000000e+00 4.300000e-02 1.000000e+00
1.148154e-14 6.175879e-13 2.000000e+00 4.300000e-02 1.000000e+00
1.202264e-14 6.617580e-13 2.000000e+00 4.300000e-02 1.000000e+00
1.258925e-14 7.090880e-13 2.000000e+00 4.300000e-02 1.000000e+00
1.318257e-14 7.598037e-13 2.000000e+00 4.300000e-02 1.000000e+00
1.380384e-14 8.141457e-13 2.000000e+00 4.300000e-02 1.000000e+00
1.445440e-14 8.723752e-13 2.000000e+00 4.300000e-02 1.000000e+00
1.513561e-14 9.347686e-13 2.000000e+00 4.300000e-02 1.000000e+00
1.584893e-14 1.001625e-12 2.000000e+00 4.300000e-02 1.000000e+00
1.659587e-14 1.073263e-12 2.000000e+00 4.300000e-02 1.000000e+00
1.737801e-14 1.150025e-12 2.000000e+00 4.300000e-02 1.000000e+00
1.819701e-14 1.232278e-12 2.000000e+00 4.300000e-02 1.000000e+00
1.905461e-14 1.320413e-12 2.000000e+00 4.300000e-02 1.000000e+00
1.995262e-14 1.414851e-12 2.000000e+00 4.300000e-02 1.000000e+00
2.089296e-14 1.516045e-12 2.000000e+00 4.300000e-02 1.000000e+00
2.187762e-14 1.624476e-12 2.000000e+00 4.300000e-02 1.000000e+00
2.290868e-14 1.740663e-12 2.000000e+00 4.300000e-02 1.000000e+00
2.398833e-14 1.865159e-12 2.000000e+00 4.300000e-02 1.000000e+00
2.511886e-14 1.998559e-12 2.000000e+00 4.300000e-02 1.000000e+00
2.630268e-14 2.141502e-12 2.000000e+00 4.300000e-02 1.000000e+00
2.754229e-14 2.294669e-12 2.000000e+00 4.300000e-02 1.000000e+00
2.884032e-14 2.458790e-12 2.000000e+00 4.300000e-02 1.000000e+00
3.019952e-14 2.634650e-12 2.000000e+00 4.300000e-02 1.000000e+00
3.162278e-14 2.823088e-12 2.000000e+00 4.300000e-02 1.000000e+00
3.311311e-14 3.025003e-12 2.000000e+00 4.300000e-02 1.000000e+00
3.467369e-14 3.241362e-12 2.000000e+00 4.300000e-02 1.000000e+00
3.630781e-14 3.473195e-12 2.000000e+00 4.300000e-02 1.000000e+00
3.801894e-14 3.721609e-12 2.000000e+00 4.300000e-02 1.000000e+00
3.981072e-14 3.987792e-12 2.000000e+00 4.300000e-02 1.000000e+00
4.168694e-14 4.273013e-12 2.000000e+00 4.300000e-02 1.000000e+00
4.365158e-14 4.578634e-12 2.000000e+00 4.300000e-02 1.000000e+00
4.570882e-14 4.906116e-12 2.000000e+00 4.300000e-02 1.000000e+00
4.786301e-14 5.257021e-12 2.000000e+00 4.300000e-02 1.000000e+00
5.011872e-14 5.633023e-12 2.000000e+00 4.300000e-02 1.000000e+00
5.248075e-14 6.035922e-12 2.000000e+00 4.300000e-02 1.000000e+00
5.495409e-14 6.467637e-12 2.000000e+00 4.300000e-02 1.000000e+00
5.754399e-14 6.930230e-12 2.000000e+00 4.300000e-02 1.000000e+00
6.025596e-14 7.425912e-12 2.000000e+00 4.300000e-02 1.000000e+00
6.309573e-14 7.957047e-12 2.000000e+00 4.300000e-02 1.000000e+00
6.606934e-14 8.526173e-12 2.000000e+00 4.300000e-02 1.000000e+00
6.918310e-14 9.136009e-12 2.000000e+00 4.300000e-02 1.000000e+00
7.244360e-14 9.789463e-12 2.000000e+00 4.300000e-02 1.000000e+00
7.585776e-14 1.048966e-11 2.000000e+00 4.300000e-02 1.000000e+00
7.943282e-14 1.123993e-11 2.000000e+00 4.300000e-02 1.000000e+00
8.317638e-14 1.204387e-11 2.000000e+00 4.300000e-02 1.000000e+00
8.709636e-14 1.290532e-11 2.000000e+00 4.300000e-02 1.000000e+00
9.120108e-14 1.382838e-11 2.000000e+00 4.300000e-02 1.000000e+00
9.549926e-14 1.481747e-11 2.000000e+00 4.300000e-02 1.000000e+00
1.000000e-13 1.587731e-11 2.000000e+00 4.300000e-02 1.000000e+00
1.047129e-13 1.701296e-11 2.000000e+00 4.300000e-02 1.000000e+00
1.096478e-13 1.822983e-11 2.000000e+00 4.300000e-02 1.000000e+00
1.148154e-13 1.953376e-11 2.000000e+00 4.300000e-02 1.000000e+00
1.202264e-13 2.093092e-11 2.000000e+00 4.300000e-02 1.000000e+00
1.258925e-13 2.242805e-11 2.000000e+00 4.300000e-02 1.000000e+00
1.318257e-13 2.403229e-11 2.000000e+00 4.300000e-02 1.000000e+00
1.380384e-13 2.575124e-11 2.000000e+00 4.300000e-02 1.000000e+00
1.445440e-13 2.759318e-11 2.000000e+00 4.300000e-02 1.000000e+00
1.513561e-13 2.956684e-11 2.000000e+00 4.300000e-02 1.000000e+00
1.584893e-13 3.168170e-11 2.000000e+00 4.300000e-02 1.000000e+00
1.659587e-13 3.394784e-11 2.000000e+00 4.300000e-02 1.000000e+00
1.737801e-13 3.637608e-11 2.000000e+00 4.300000e-02 1.000000e+00
1.819701e-13 3.897801e-11 2.000000e+00 4.300000e-02 1.000000e+00
1.905461e-13 4.176607e-11 2.000000e+00 4.300000e-02 1.000000e+00
1.995262e-13 4.475353e-11 2.000000e+00 4.300000e-02 1.000000e+00
2.089296e-13 4.795473e-11 2.000000e+00 4.300000e-02 1.000000e+00
2.187762e-13 5.138493e-11 2.000000e+00 4.300000e-02 1.000000e+00
2.290868e-13 5.506048e-11 2.000000e+00 4.300000e-02 1.000000e+00
2.398833e-13 5.899895e-11 2.000000e+00 4.300000e-02 1.000000e+00
2.511886e-13 6.321914e-11 2.000000e+00 4.300000e-02 1.000000e+00
2.630268e-13 6.774126e-11 2.000000e+00 4.300000e-02 1.000000e+00
2.754229e-13 7.258686e-11 2.000000e+00 4.300000e-02 1.000000e+00
2.884032e-13 7.777909e-11 2.000000e+00 4.300000e-02 1.000000e+00
3.019952e-13 8.334273e-11 2.000000e+00 4.300000e-02 1.000000e+00
3.162278e-13 8.930438e-11 2.000000e+00 4.300000e-02 1.000000e+00
3.311311e-13 9.569247e-11 2.000000e+00 4.300000e-02 1.000000e+00
3.467369e-13 1.025376e-10 2.000000e+00 4.300000e-02 1.000000e+00
3.630781e-13 1.098724e-10 2.000000e+00 4.300000e-02 1.000000e+00
3.801894e-13 1.177319e-10 2.000000e+00 4.300000e-02 1.000000e+00
3.981072e-13 1.261536e-10 2.000000e+00 4.300000e-02 1.000000e+00
4.168694e-13 1.351778e-10 2.000000e+00 4.300000e-02 1.000000e+00
4.365158e-13 1.448476e-10 2.000000e+00 4.300000e-02 1.000000e+00
4.570882e-13 1.552092e-10 2.000000e+00 4.300000e-02 1.000000e+00
4.786301e-13 1.663120e-10 2.000000e+00 4.300000e-02 1.000000e+00
5.011872e-13 1.782091e-10 2.000000e+00 4.300000e-02 1.000000e+00
5.248075e-13 1.909574e-10 2.000000e+00 4.300000e-02 1.000000e+00
5.495409e-13 2.046177e-10 2.000000e+00 4.300000e-02 1.000000e+00
5.754399e-13 2.192552e-10 2.000000e+00 4.300000e-02 1.000000e+00
6.025596e-13 2.349399e-10 2.000000e+00 4.300000e-02 1.000000e+00
6.309573e-13 2.517468e-10 2.000000e+00 4.300000e-02 1.000000e+00
6.606934e-13 2.697561e-10 2.000000e+00 4.300000e-02 1.000000e+00
6.918310e-13 2.890539e-10 2.000000e+00 4.300000e-02 1.000000e+00
7.244360e-13 3.097323e-10 2.000000e+00 4.300000e-02 1.000000e+00
7.585776e-13 3.318901e-10 2.000000e+00 4.300000e-02 1.000000e+00
7.943282e-13 3.556332e-10 2.000000e+00 4.300000e-02 1.000000e+00
8.317638e-13 3.810750e-10 2.000000e+00 4.300000e-02 1.000000e+00
8.709636e-13 4.083372e-10 2.000000e+00 4.300000e-02 1.000000e+00
9.120108e-13 4.375498e-10 2.000000e+00 4.300000e-02 1.000000e+00
9.549926e-13 4.688526e-10 2.000000e+00 4.300000e-02 1.000000e+00
1.000000e-12 5.023950e-10 2.000000e+00 4.300000e-02 1.000000e+00
1.047129e-12 5.383377e-10 2.000000e+00 4.300000e-02 1.000000e+00
1.096478e-12 5.768513e-10 2.000000e+00 4.300000e-02 1.000000e+00
1.148154e-12 6.181215e-10 2.000000e+00 4.300000e-02 1.000000e+00
1.202264e-12 6.623436e-10 2.000000e+00 4.300000e-02 1.000000e+00
1.258925e-12 7.097305e-10 2.000000e+00 4.300000e-02 1.000000e+00
1.318257e-12 7.605087e-10 2.000000e+00 4.300000e-02 1.000000e+00
1.380384e-12 8.149192e-10 2.000000e+00 4.300000e-02 1.000000e+00
1.445440e-12 8.732239e-10 2.000000e+00 4.300000e-02 1.000000e+00
1.513561e-12 9.356998e-10 2.000000e+00 4.300000e-02 1.000000e+00
1.584893e-12 1.002647e-09 2.000000e+00 4.300000e-02 1.000000e+00
1.659587e-12 1.074384e-09 2.000000e+00 4.300000e-02 1.000000e+00
1.737801e-12 1.151255e-09 2.000000e+00 4.300000e-02 1.000000e+00
1.819701e-12 1.233627e-09 2.000000e+00 4.300000e-02 1.000000e+00
1.905461e-12 1.321893e-09 2.000000e+00 4.300000e-02 1.000000e+00
1.995262e-12 1.416475e-09 2.000000e+00 4.300000e-02 1.000000e+00
2.089296e-12 1.517826e-09 2.000000e+00 4.300000e-02 1.000000e+00
2.187762e-12 1.626431e-09 2.000000e+00 4.300000e-02 1.000000e+00
2.290868e-12 1.742807e-09 2.000000e+00 4.300000e-02 1.000000e+00
2.398833e-12 1.867511e-09 2.000000e+00 4.300000e-02 1.000000e+00
2.511886e-12 2.001140e-09 2.000000e+00 4.300000e-02 1.000000e+00
2.630268e-12 2.144333e-09 2.000000e+00 4.300000e-02 1.000000e+00
2.754229e-12 2.297774e-09 2.000000e+00 4.300000e-02 1.000000e+00
2.884032e-12 2.462197e-09 2.000000e+00 4.300000e-02 1.000000e+00
3.019952e-12 2.638387e-09 2.000000e+00 4.300000e-02 1.000000e+00
3.162278e-12 2.827187e-09 2.000000e+00 4.300000e-02 1.000000e+00
3.311311e-12 3.029500e-09 2.000000e+00 4.300000e-02 1.000000e+00
3.467369e-12 3.246295e-09 2.000000e+00 4.300000e-02 1.000000e+00
3.630781e-12 3.478606e-09 2.000000e+00 4.300000e-02 1.000000e+00
3.801894e-12 3.727544e-09 2.000000e+00 4.300000e-02 1.000000e+00
3.981072e-12 3.994302e-09 2.000000e+00 4.300000e-02 1.000000e+00
4.168694e-12 4.280154e-09 2.000000e+00 4.300000e-02 1.000000e+00
4.365158e-12 4.586467e-09 2.000000e+00 4.300000e-02 1.000000e+00
4.570882e-12 4.914708e-09 2.000000e+00 4.300000e-02 1.000000e+00
4.786301e-12 5.266445e-09 2.000000e+00 4.300000e-02 1.000000e+00
5.011872e-12 5.643361e-09 2.000000e+00 4.300000e-02 1.000000e+00
5.248075e-12 6.047261e-09 2.000000e+00 4.300000e-02 1.000000e+00
5.495409e-12 6.480074e-09 2.000000e+00 4.300000e-02 1.000000e+00
5.754399e-12 6.943871e-09 2.000000e+00 4.300000e-02 1.000000e+00
6.025596e-12 7.440874e-09 2.000000e+00 4.300000e-02 1.000000e+00
6.309573e-12 7.973457e-09 2.000000e+00 4.300000e-02 1.000000e+00
6.606934e-12 8.544172e-09 2.000000e+00 4.300000e-02 1.000000e+00
6.918310e-12 9.155750e-09 2.000000e+00 4.300000e-02 1.000000e+00
7.244360e-12 9.811115e-09 2.000000e+00 4.300000e-02 1.000000e+00
7.585776e-12 1.051340e-08 2.000000e+00 4.300000e-02 1.000000e+00
7.943282e-12 1.126598e-08 2.000000e+00 4.300000e-02 1.000000e+00
8.317638e-12 1.207244e-08 2.000000e+00 4.300000e-02 1.000000e+00
8.709636e-12 1.293665e-08 2.000000e+00 4.300000e-02 1.000000e+00
9.120108e-12 1.386275e-08 2.000000e+00 4.300000e-02 1.000000e+00
9.549926e-12 1.485516e-08 2.000000e+00 4.300000e-02 1.000000e+00
1.000000e-11 1.591864e-08 2.000000e+00 4.300000e-02 1.000000e+00
1.047129e-11 1.705830e-08 2.000000e+00 4.300000e-02 1.000000e+00
1.096478e-11 1.827954e-08 2.000000e+00 4.300000e-02 1.000000e+00
1.148154e-11 1.958829e-08 2.000000e+00 4.300000e-02 1.000000e+00
1.202264e-11 2.099073e-08 2.000000e+00 4.300000e-02 1.000000e+00
1.258925e-11 2.249364e-08 2.000000e+00 4.300000e-02 1.000000e+00
1.318257e-11 2.410422e-08 2.000000e+00 4.300000e-02 1.000000e+00
1.380384e-11 2.583012e-08 2.000000e+00 4.300000e-02 1.000000e+00
1.445440e-11 2.767969e-08 2.000000e+00 4.300000e-02 1.000000e+00
1.513561e-11 2.966172e-08 2.000000e+00 4.300000e-02 1.000000e+00
1.584893e-11 3.178575e-08 2.000000e+00 4.300000e-02 1.000000e+00
1.659587e-11 3.406196e-08 2.000000e+00 4.300000e-02 1.000000e+00
1.737801e-11 3.650123e-08 2.000000e+00 4.300000e-02 1.000000e+00
1.819701e-11 3.911526e-08 2.000000e+00 4.300000e-02 1.000000e+00
1.905461e-11 4.191658e-08 2.000000e+00 4.300000e-02 1.000000e+00
1.995262e-11 4.491860e-08 2.000000e+00 4.300000e-02 1.000000e+00
2.089296e-11 4.813575e-08 2.000000e+00 4.300000e-02 1.000000e+00
2.187762e-11 5.158345e-08 2.000000e+00 4.300000e-02 1.000000e+00
2.290868e-11 5.527819e-08 2.000000e+00 4.300000e-02 1.000000e+00
2.398833e-11 5.923770e-08 2.000000e+00 4.300000e-02 1.000000e+00
2.511886e-11 6.348096e-08 2.000000e+00 4.300000e-02 1.000000e+00
2.630268e-11 6.802839e-08 2.000000e+00 4.300000e-02 1.000000e+00
2.754229e-11 7.290173e-08 2.000000e+00 4.300000e-02 1.000000e+00
2.884032e-11 7.812439e-08 2.000000e+00 4.300000e-02 9.999999e-01
3.019952e-11 8.372139e-08 2.000000e+00 4.300000e-02 9.999999e-01
3.162278e-11 8.971963e-08 2.000000e+00 4.300000e-02 9.999999e-01
3.311311e-11 9.614785e-08 2.000000e+00 4.300000e-02 9.999999e-01
3.467369e-11 1.030370e-07 2.000000e+00 4.300000e-02 9.999999e-01
3.630781e-11 1.104200e-07 2.000000e+00 4.300000e-02 9.999999e-01
3.801894e-11 1.183324e-07 2.000000e+00 4.300000e-02 9.999999e-01
3.981072e-11 1.268122e-07 2.000000e+00 4.300000e-02 9.999999e-01
4.168694e-11 1.359000e-07 2.000000e+00 4.300000e-02 9.999999e-01
4.365158e-11 1.456395e-07 2.000000e+00 4.300000e-02 9.999999e-01
4.570882e-11 1.560776e-07 2.000000e+00 4.300000e-02 9.999999e-01
4.786301e-11 1.672643e-07 2.000000e+00 4.300000e-02 9.999999e-01
5.011872e-11 1.792534e-07 2.000000e+00 4.300000e-02 9.999999e-01
5.248075e-11 1.921026e-07 2.000000e+00 4.300000e-02 9.999999e-01
5.495409e-11 2.058735e-07 2.000000e+00 4.300000e-02 9.999999e-01
5.754399e-11 2.206323e-07 2.000000e+00 4.300000e-02 9.999999e-01
6.025596e-11 2.364501e-07 2.000000e+00 4.300000e-02 9.999998e-01
6.309573e-11 2.534027e-07 2.000000e+00 4.300000e-02 9.999998e-01
6.606934e-11 2.715720e-07 2.000000e+00 4.300000e-02 9.999998e-01
6.918310e-11 2.910451e-07 2.000000e+00 4.300000e-02 9.999998e-01
7.244360e-11 3.119158e-07 2.000000e+00 4.300000e-02 9.999998e-01
7.585776e-11 3.342845e-07 2.000000e+00 4.300000e-02 9.999998e-01
7.943282e-11 3.582588e-07 2.000000e+00 4.300001e-02 9.999998e-01
8.317638e-11 3.839543e-07 2.000000e+00 4.300001e-02 9.999997e-01
8.709636e-11 4.114944e-07 2.000000e+00 4.300001e-02 9.999997e-01
9.120108e-11 4.410119e-07 2.000000e+00 4.300001e-02 9.999997e-01
9.549926e-11 4.726490e-07 2.000000e+00 4.300001e-02 9.999997e-01
1.000000e-10 5.065580e-07 2.000000e+00 4.300001e-02 9.999997e-01
1.047129e-10 5.429027e-07 2.000000e+00 4.300001e-02 9.999996e-01
1.096478e-10 5.818570e-07 2.000000e+00 4.300001e-02 9.999996e-01
1.148154e-10 6.236105e-07 2.000000e+00 4.300001e-02 9.999996e-01
1.202264e-10 6.683625e-07 2.000000e+00 4.300001e-02 9.999996e-01
1.258925e-10 7.163306e-07 2.000000e+00 4.300001e-02 9.999995e-01
1.318257e-10 7.677460e-07 2.000000e+00 4.300001e-02 9.999995e-01
1.380384e-10 8.228551e-07 2.000000e+00 4.300001e-02 9.999995e-01
1.445440e-10 8.819260e-07 2.000000e+00 4.300001e-02 9.999994e-01
1.513561e-10 9.452420e-07 2.000000e+00 4.300001e-02 9.999994e-01
1.584893e-10 1.013110e-06 2.000000e+00 4.300001e-02 9.999993e-01
1.659587e-10 1.085858e-06 2.000000e+00 4.300002e-02 9.999993e-01
1.737801e-10 1.163836e-06 2.000000e+00 4.300002e-02 9.999992e-01
1.819701e-10 1.247422e-06 2.000000e+00 4.300002e-02 9.999992e-01
1.905461e-10 1.337020e-06 2.000000e+00 4.300002e-02 9.999991e-01
1.995262e-10 1.433062e-06 2.000000e+00 4.300002e-02 9.999990e-01
2.089296e-10 1.536015e-06 2.000000e+00 4.300002e-02 9.999990e-01
2.187762e-10 1.646375e-06 2.000000e+00 4.300002e-02 9.999989e-01
2.290868e-10 1.764676e-06 2.000000e+00 4.300002e-02 9.999988e-01
2.398833e-10 1.891491e-06 2.000000e+00 4.300003e-02 9.999987e-01
2.511886e-10 2.027434e-06 2.000000e+00 4.300003e-02 9.999987e-01
2.630268e-10 2.173165e-06 2.000000e+00 4.300003e-02 9.999986e-01
2.754229e-10 2.329389e-06 2.000000e+00 4.300003e-02 9.999985e-01
2.884032e-10 2.496863e-06 2.000000e+00 4.300004e-02 9.999983e-01
3.019952e-10 2.676398e-06 1.999999e+00 4.300004e-02 9.999982e-01
3.162278e-10 2.868867e-06 1.999999e+00 4.300004e-02 9.999981e-01
3.311311e-10 3.075203e-06 1.999999e+00 4.300004e-02 9.999980e-01
3.467369e-10 3.296408e-06 1.999999e+00 4.300005e-02 9.999978e-01
3.630781e-10 3.533555e-06 1.999999e+00 4.300005e-02 9.999977e-01
3.801894e-10 3.787796e-06 1.999999e+00 4.300005e-02 9.999975e-01
3.981072e-10 4.060368e-06 1.999999e+00 4.300006e-02 9.999973e-01
4.168694e-10 4.352596e-06 1.999999e+00 4.300006e-02 9.999971e-01
4.365158e-10 4.665899e-06 1.999999e+00 4.300007e-02 9.999969e-01
4.570882e-10 5.001804e-06 1.999999e+00 4.300007e-02 9.999967e-01
4.786301e-10 5.361945e-06 1.999999e+00 4.300008e-02 9.999964e-01
5.011872e-10 5.748075e-06 1.999999e+00 4.300008e-02 9.999962e-01
5.248075e-10 6.162079e-06 1.999999e+00 4.300009e-02 9.999959e-01
5.495409e-10 6.605970e-06 1.999999e+00 4.300009e-02 9.999956e-01
5.754399e-10 7.081913e-06 1.999999e+00 4.300010e-02 9.999953e-01
6.025596e-10 7.592235e-06 1.999998e+00 4.300011e-02 9.999950e-01
6.309573e-10 8.139421e-06 1.999998e+00 4.300012e-02 9.999946e-01
6.606934e-10 8.726147e-06 1.999998e+00 4.300012e-02 9.999942e-01
6.918310e-10 9.355281e-06 1.999998e+00 4.300013e-02 9.999938e-01
7.244360e-10 1.002989e-05 1.999998e+00 4.300014e-02 9.999934e-01
7.585776e-10 1.075329e-05 1.999998e+00 4.300015e-02 9.999929e-01
7.943282e-10 1.152900e-05 1.999998e+00 4.300016e-02 9.999924e-01
8.317638e-10 1.236084e-05 1.999998e+00 4.300018e-02 9.999918e-01
8.709636e-10 1.325286e-05 1.999997e+00 4.300019e-02 9.999912e-01
9.120108e-10 1.420946e-05 1.999997e+00 4.300020e-02 9.999906e-01
9.549926e-10 1.523531e-05 1.999997e+00 4.300022e-02 9.999899e-01
1.000000e-09 1.633546e-05 1.999997e+00 4.300023e-02 9.999892e-01
1.047129e-09 1.751532e-05 1.999997e+00 4.300025e-02 9.999884e-01
1.096478e-09 1.878064e-05 1.999996e+00 4.300027e-02 9.999876e-01
1.148154e-09 2.013771e-05 1.999996e+00 4.300029e-02 9.999867e-01
1.202264e-09 2.159313e-05 1.999996e+00 4.300031e-02 9.999857e-01
1.258925e-09 2.315413e-05 1.999995e+00 4.300033e-02 9.999847e-01
1.318257e-09 2.482840e-05 1.999995e+00 4.300035e-02 9.999836e-01
1.380384e-09 2.662413e-05 1.999995e+00 4.300038e-02 9.999824e-01
1.445440e-09 2.855025e-05 1.999994e+00 4.300040e-02 9.999811e-01
1.513561e-09 3.061622e-05 1.999994e+00 4.300043e-02 9.999798e-01
1.584893e-09 3.283227e-05 1.999993e+00 4.300047e-02 9.999783e-01
1.659587e-09 3.520936e-05 1.999993e+00 4.300050e-02 9.999767e-01
1.737801e-09 3.775924e-05 1.999992e+00 4.300053e-02 9.999751e-01
1.819701e-09 4.049453e-05 1.999992e+00 4.300057e-02 9.999733e-01
1.905461e-09 4.342879e-05 1.999991e+00 4.300062e-02 9.999713e-01
1.995262e-09 4.657656e-05 1.999991e+00 4.300066e-02 9.999693e-01
2.089296e-09 4.995349e-05 1.999990e+00 4.300071e-02 9.999670e-01
2.187762e-09 5.357636e-05 1.999989e+00 4.300076e-02 9.999647e-01
2.290868e-09 5.746314e-05 1.999989e+00 4.300081e-02 9.999621e-01
2.398833e-09 6.163317e-05 1.999988e+00 4.300087e-02 9.999594e-01
2.511886e-09 6.610723e-05 1.999987e+00 4.300094e-02 9.999564e-01
2.630268e-09 7.090766e-05 1.999986e+00 4.300100e-02 9.999533e-01
2.754229e-09 7.605837e-05 1.999985e+00 4.300108e-02 9.999499e-01
2.884032e-09 8.158507e-05 1.999984e+00 4.300116e-02 9.999463e-01
3.019952e-09 8.751537e-05 1.999983e+00 4.300124e-02 9.999424e-01
3.162278e-09 9.387898e-05 1.999981e+00 4.300133e-02 9.999382e-01
3.311311e-09 1.007077e-04 1.999980e+00 4.300143e-02 9.999337e-01
3.467369e-09 1.080359e-04 1.999978e+00 4.300153e-02 9.999289e-01
3.630781e-09 1.159001e-04 1.999977e+00 4.300164e-02 9.999237e-01
3.801894e-09 1.243400e-04 1.999975e+00 4.300176e-02 9.999182e-01
3.981072e-09 1.333980e-04 1.999973e+00 4.300189e-02 9.999123e-01
4.168694e-09 1.431196e-04 1.999971e+00 4.300203e-02 9.999059e-01
4.365158e-09 1.535538e-04 1.999969e+00 4.300218e-02 9.998991e-01
4.570882e-09 1.647533e-04 1.999967e+00 4.300233e-02 9.998918e-01
4.786301e-09 1.767745e-04 1.999965e+00 4.300250e-02 9.998839e-01
5.011872e-09 1.896782e-04 1.999962e+00 4.300269e-02 9.998755e-01
5.248075e-09 2.035298e-04 1.999959e+00 4.300288e-02 9.998664e-01
5.495409e-09 2.183993e-04 1.999956e+00 4.300309e-02 9.998567e-01
5.754399e-09 2.343621e-04 1.999953e+00 4.300332e-02 9.998463e-01
6.025596e-09 2.514993e-04 1.999950e+00 4.300356e-02 9.998351e-01
6.309573e-09 2.698979e-04 1.999946e+00 4.300382e-02 9.998231e-01
6.606934e-09 2.896517e-04 1.999942e+00 4.300410e-02 9.998102e-01
6.918310e-09 3.108611e-04 1.999938e+00 4.300440e-02 9.997964e-01
7.244360e-09 3.336344e-04 1.999933e+00 4.300473e-02 9.997816e-01
7.585776e-09 3.580878e-04 1.999929e+00 4.300507e-02 9.997657e-01
7.943282e-09 3.843463e-04 1.999923e+00 4.300544e-02 9.997486e-01
8.317638e-09 4.125443e-04 1.999918e+00 4.300584e-02 9.997303e-01
8.709636e-09 4.428263e-04 1.999912e+00 4.300627e-02 9.997106e-01
9.120108e-09 4.753476e-04 1.999905e+00 4.300673e-02 9.996894e-01
9.549926e-09 5.102754e-04 1.999898e+00 4.300723e-02 9.996668e-01
1.000000e-08 5.477891e-04 1.999891e+00 4.300776e-02 9.996424e-01
1.047129e-08 5.880824e-04 1.999883e+00 4.300833e-02 9.996163e-01
1.096478e-08 6.313615e-04 1.999874e+00 4.300894e-02 9.995882e-01
1.148154e-08 6.778520e-04 1.999865e+00 4.300960e-02 9.995581e-01
1.202264e-08 7.277917e-04 1.999855e+00 4.301031e-02 9.995258e-01
1.258925e-08 7.814409e-04 1.999844e+00 4.301107e-02 9.994911e-01
1.318257e-08 8.390775e-04 1.999833e+00 4.301189e-02 9.994538e-01
1.380384e-08 9.009985e-04 1.999820e+00 4.301276e-02 9.994138e-01
1.445440e-08 9.675276e-04 1.999807e+00 4.301371e-02 9.993708e-01
1.513561e-08 1.039008e-03 1.999793e+00 4.301472e-02 9.993246e-01
1.584893e-08 1.115815e-03 1.999777e+00 4.301581e-02 9.992751e-01
1.659587e-08 1.198346e-03 1.999761e+00 4.301698e-02 9.992218e-01
1.737801e-08 1.287032e-03 1.999743e+00 4.301823e-02 9.991647e-01
1.819701e-08 1.382336e-03 1.999724e+00 4.301958e-02 9.991033e-01
1.905461e-08 1.484757e-03 1.999704e+00 4.302103e-02 9.990374e-01
1.995262e-08 1.594828e-03 1.999682e+00 4.302259e-02 9.989666e-01
2.089296e-08 1.713128e-03 1.999658e+00 4.302427e-02 9.988905e-01
2.187762e-08 1.840276e-03 1.999633e+00 4.302607e-02 9.988088e-01
2.290868e-08 1.976937e-03 1.999605e+00 4.302801e-02 9.987211e-01
2.398833e-08 2.123828e-03 1.999576e+00 4.303009e-02 9.986268e-01
2.511886e-08 2.281722e-03 1.999545e+00 4.303232e-02 9.985256e-01
2.630268e-08 2.451448e-03 1.999511e+00 4.303473e-02 9.984168e-01
2.754229e-08 2.633897e-03 1.999474e+00 4.303731e-02 9.982999e-01
2.884032e-08 2.830028e-03 1.999435e+00 4.304009e-02 9.981744e-01
3.019952e-08 3.040872e-03 1.999393e+00 4.304308e-02 9.980395e-01
3.162278e-08 3.267538e-03 1.999348e+00 4.304629e-02 9.978946e-01
3.311311e-08 3.511216e-03 1.999299e+00 4.304974e-02 9.977390e-01
3.467369e-08 3.773191e-03 1.999247e+00 4.305345e-02 9.975717e-01
3.630781e-08 4.054836e-03 1.999191e+00 4.305744e-02 9.973920e-01
3.801894e-08 4.357631e-03 1.999130e+00 4.306173e-02 9.971989e-01
3.981072e-08 4.683167e-03 1.999065e+00 4.306634e-02 9.969914e-01
4.168694e-08 5.033148e-03 1.998995e+00 4.307130e-02 9.967685e-01
4.365158e-08 5.409407e-03 1.998920e+00 4.307663e-02 9.965289e-01
4.570882e-08 5.813916e-03 1.998839e+00 4.308236e-02 9.962715e-01
4.786301e-08 6.248782e-03 1.998753e+00 4.308852e-02 9.959950e-01
5.011872e-08 6.716272e-03 1.998659e+00 4.309514e-02 9.956978e-01
5.248075e-08 7.218819e-03 1.998559e+00 4.310226e-02 9.953785e-01
5.495409e-08 7.759025e-03 1.998451e+00 4.310991e-02 9.950354e-01
5.754399e-08 8.339681e-03 1.998335e+00 4.311814e-02 9.946668e-01
6.025596e-08 8.963783e-03 1.998210e+00 4.312698e-02 9.942708e-01
6.309573e-08 9.634526e-03 1.998077e+00 4.313648e-02 9.938453e-01
6.606934e-08 1.035534e-02 1.997933e+00 4.314669e-02 9.933881e-01
6.918310e-08 1.112989e-02 1.997778e+00 4.315766e-02 9.928970e-01
7.244360e-08 1.196209e-02 1.997612e+00 4.316945e-02 9.923694e-01
7.585776e-08 1.285611e-02 1.997433e+00 4.318211e-02 9.918027e-01
7.943282e-08 1.381642e-02 1.997242e+00 4.319572e-02 9.911941e-01
8.317638e-08 1.484777e-02 1.997036e+00 4.321033e-02 9.905404e-01
8.709636e-08 1.595522e-02 1.996815e+00 4.322601e-02 9.898384e-01
9.120108e-08 1.714415e-02 1.996577e+00 4.324285e-02 9.890846e-01
9.549926e-08 1.842029e-02 1.996322e+00 4.326093e-02 9.882753e-01
1.000000e-07 1.978972e-02 1.996049e+00 4.328033e-02 9.874065e-01
1.047129e-07 2.125886e-02 1.995756e+00 4.330114e-02 9.864741e-01
1.096478e-07 2.283449e-02 1.995441e+00 4.332346e-02 9.854735e-01
1.148154e-07 2.452387e-02 1.995104e+00 4.334739e-02 9.843998e-01
1.202264e-07 2.633450e-02 1.994742e+00 4.337304e-02 9.832482e-01
1.258925e-07 2.827443e-02 1.994355e+00 4.340051e-02 9.820131e-01
1.318257e-07 3.035202e-02 1.993940e+00 4.342994e-02 9.806889e-01
1.380384e-07 3.257599e-02 1.993496e+00 4.346145e-02 9.792695e-01
1.445440e-07 3.495560e-02 1.993021e+00 4.349515e-02 9.777486e-01
1.513561e-07 3.750031e-02 1.992512e+00 4.353120e-02 9.761193e-01
1.584893e-07 4.022010e-02 1.991969e+00 4.356972e-02 9.743747e-01
1.659587e-07 4.312523e-02 1.991389e+00 4.361087e-02 9.725073e-01
1.737801e-07 4.622626e-02 1.990770e+00 4.365480e-02 9.705093e-01
1.819701e-07 4.953406e-02 1.990109e+00 4.370165e-02 9.683725e-01
1.905461e-07 5.305973e-02 1.989405e+00 4.375159e-02 9.660884e-01
1.995262e-07 5.681453e-02 1.988655e+00 4.380478e-02 9.636482e-01
2.089296e-07 6.080992e-02 1.987858e+00 4.386137e-02 9.610427e-01
2.187762e-07 6.505730e-02 1.987009e+00 4.392154e-02 9.582624e-01
2.290868e-07 6.956804e-02 1.986109e+00 4.398543e-02 9.552975e-01
2.398833e-07 7.435340e-02 1.985153e+00 4.405321e-02 9.521380e-01
2.511886e-07 7.942436e-02 1.984140e+00 4.412504e-02 9.487737e-01
2.630268e-07 8.479162e-02 1.983069e+00 4.420107e-02 9.451940e-01
2.754229e-07 9.046523e-02 1.981935e+00 4.428143e-02 9.413885e-01
2.884032e-07 9.645466e-02 1.980739e+00 4.436627e-02 9.373466e-01
3.019952e-07 1.027686e-01 1.979479e+00 4.445571e-02 9.330578e-01
3.162278e-07 1.094147e-01 1.978151e+00 4.454985e-02 9.285115e-01
3.311311e-07 1.163997e-01 1.976756e+00 4.464879e-02 9.236974e-01
3.467369e-07 1.237288e-01 1.975293e+00 4.475260e-02 9.186054e-01
3.630781e-07 1.314060e-01 1.973760e+00 4.486135e-02 9.132259e-01
3.801894e-07 1.394336e-01 1.972157e+00 4.497506e-02 9.075497e-01
3.981072e-07 1.478121e-01 1.970484e+00 4.509374e-02 9.015681e-01
4.168694e-07 1.565402e-01 1.968741e+00 4.521737e-02 8.952732e-01
4.365158e-07 1.656146e-01 1.966929e+00 4.534591e-02 8.886580e-01
4.570882e-07 1.750301e-01 1.965048e+00 4.547928e-02 8.817161e-01
4.786301e-07 1.847790e-01 1.963102e+00 4.561737e-02 8.744424e-01
5.011872e-07 1.948517e-01 1.961090e+00 4.576005e-02 8.668330e-01
5.248075e-07 2.052365e-01 1.959017e+00 4.590715e-02 8.588851e-01
5.495409e-07 2.159190e-01 1.956884e+00 4.605847e-02 8.505973e-01
5.754399e-07 2.268834e-01 1.954694e+00 4.621378e-02 8.419696e-01
6.025596e-07 2.381115e-01 1.952453e+00 4.637283e-02 8.330036e-01
6.309573e-07 2.495832e-01 1.950162e+00 4.653533e-02 8.237024e-01
6.606934e-07 2.612771e-01 1.947827e+00 4.670098e-02 8.140706e-01
6.918310e-07 2.731698e-01 1.945453e+00 4.686944e-02 8.041145e-01
7.244360e-07 2.852370e-01 1.943044e+00 4.704038e-02 7.938421e-01
7.585776e-07 2.974531e-01 1.940605e+00 4.721343e-02 7.832627e-01
7.943282e-07 3.097920e-01 1.938142e+00 4.738822e-02 7.723874e-01
8.317638e-07 3.222269e-01 1.935660e+00 4.756438e-02 7.612287e-01
8.709636e-07 3.347309e-01 1.933164e+00 4.774151e-02 7.498004e-01
9.120108e-07 3.472769e-01 1.930660e+00 4.791924e-02 7.381177e-01
9.549926e-07 3.598383e-01 1.928153e+00 4.809719e-02 7.261970e-01
1.000000e-06 3.723889e-01 1.925648e+00 4.827499e-02 7.140558e-01
1.047129e-06 3.849035e-01 1.923151e+00 4.845229e-02 7.017123e-01
1.096478e-06 3.973571e-01 1.920666e+00 4.862872e-02 6.891860e-01
1.148154e-06 4.097271e-01 1.918198e+00 4.880397e-02 6.764962e-01
1.202264e-06 4.219908e-01 1.915751e+00 4.897772e-02 6.636638e-01
1.258925e-06 4.341280e-01 1.913330e+00 4.914968e-02 6.507088e-01
1.318257e-06 4.461194e-01 1.910938e+00 4.931958e-02 6.376522e-01
1.380384e-06 4.579472e-01 1.908580e+00 4.948716e-02 6.245152e-01
1.445440e-06 4.695957e-01 1.906257e+00 4.965221e-02 6.113180e-01
1.513561e-06 4.810502e-01 1.903973e+00 4.981451e-02 5.980816e-01
1.584893e-06 4.922982e-01 1.901731e+00 4.997390e-02 5.848259e-01
1.659587e-06 5.033285e-01 1.899532e+00 5.013020e-02 5.715707e-01
1.737801e-06 5.141315e-01 1.897379e+00 5.028329e-02 5.583351e-01
1.819701e-06 5.246989e-01 1.895274e+00 5.043305e-02 5.451377e-01
1.905461e-06 5.350242e-01 1.893217e+00 5.057938e-02 5.319963e-01
1.995262e-06 5.451019e-01 1.891210e+00 5.072221e-02 5.189278e-01
2.089296e-06 5.549282e-01 1.889253e+00 5.086149e-02 5.059484e-01
2.187762e-06 5.645002e-01 1.887348e+00 5.099716e-02 4.930733e-01
2.290868e-06 5.738160e-01 1.885494e+00 5.112922e-02 4.803169e-01
2.398833e-06 5.828748e-01 1.883692e+00 5.125764e-02 4.676927e-01
2.511886e-06 5.916769e-01 1.881941e+00 5.138243e-02 4.552130e-01
2.630268e-06 6.002234e-01 1.880242e+00 5.150360e-02 4.428893e-01
2.754229e-06 6.085159e-01 1.878594e+00 5.162118e-02 4.307322e-01
2.884032e-06 6.165569e-01 1.876997e+00 5.173521e-02 4.187513e-01
3.019952e-06 6.243492e-01 1.875449e+00 5.184572e-02 4.069553e-01
3.162278e-06 6.318966e-01 1.873951e+00 5.195277e-02 3.953519e-01
3.311311e-06 6.392029e-01 1.872502e+00 5.205641e-02 3.839481e-01
3.467369e-06 6.462726e-01 1.871101e+00 5.215670e-02 3.727497e-01
3.630781e-06 6.531101e-01 1.869746e+00 5.225371e-02 3.617622e-01
3.801894e-06 6.597205e-01 1.868437e+00 5.234752e-02 3.509898e-01
3.981072e-06 6.661089e-01 1.867173e+00 5.243818e-02 3.404363e-01
4.168694e-06 6.722807e-01 1.865952e+00 5.252579e-02 3.301046e-01
4.365158e-06 6.782412e-01 1.864775e+00 5.261041e-02 3.199971e-01
4.570882e-06 6.839960e-01 1.863639e+00 5.269213e-02 3.101154e-01
4.786301e-06 6.895508e-01 1.862543e+00 5.277102e-02 3.004606e-01
5.011872e-06 6.949111e-01 1.861487e+00 5.284716e-02 2.910332e-01
5.248075e-06 7.000825e-01 1.860469e+00 5.292064e-02 2.818333e-01
5.495409e-06 7.050708e-01 1.859489e+00 5.299154e-02 2.728604e-01
5.754399e-06 7.098814e-01 1.858544e+00 5.305993e-02 2.641136e-01
6.025596e-06 7.145200e-01 1.857635e+00 5.312589e-02 2.555915e-01
6.309573e-06 7.189919e-01 1.856759e+00 5.318950e-02 2.472925e-01
6.606934e-06 7.233027e-01 1.855917e+00 5.325084e-02 2.392147e-01
6.918310e-06 7.274575e-01 1.855106e+00 5.330998e-02 2.313555e-01
7.244360e-06 7.314615e-01 1.854326e+00 5.336699e-02 2.237126e-01
7.585776e-06 7.353199e-01 1.853576e+00 5.342195e-02 2.162830e-01
7.943282e-06 7.390376e-01 1.852855e+00 5.347494e-02 2.090637e-01
8.317638e-06 7.426195e-01 1.852162e+00 5.352601e-02 2.020514e-01
8.709636e-06 7.460703e-01 1.851496e+00 5.357524e-02 1.952427e-01
9.120108e-06 7.493946e-01 1.850855e+00 5.362269e-02 1.886340e-01
9.549926e-06 7.525970e-01 1.850241e+00 5.366842e-02 1.822215e-01
1.000000e-05 7.556818e-01 1.849650e+00 5.371251e-02 1.760017e-01
1.047129e-05 7.586532e-01 1.849083e+00 5.375500e-02 1.699703e-01
1.096478e-05 7.615153e-01 1.848539e+00 5.379596e-02 1.641237e-01
1.148154e-05 7.642722e-01 1.848017e+00 5.383545e-02 1.584576e-01
1.202264e-05 7.669277e-01 1.847517e+00 5.387351e-02 1.529682e-01
1.258925e-05 7.694855e-01 1.847037e+00 5.391021e-02 1.476512e-01
1.318257e-05 7.719493e-01 1.846577e+00 5.394559e-02 1.425024e-01
1.380384e-05 7.743226e-01 1.846136e+00 5.397971e-02 1.375180e-01
1.445440e-05 7.766088e-01 1.845713e+00 5.401262e-02 1.326936e-01
1.513561e-05 7.788112e-01 1.845309e+00 5.404435e-02 1.280253e-01
1.584893e-05 7.809329e-01 1.844922e+00 5.407496e-02 1.235089e-01
1.659587e-05 7.829770e-01 1.844552e+00 5.410450e-02 1.191403e-01
1.737801e-05 7.849465e-01 1.844198e+00 5.413299e-02 1.149157e-01
1.819701e-05 7.868442e-01 1.843860e+00 5.416049e-02 1.108311e-01
1.905461e-05 7.886728e-01 1.843537e+00 5.418704e-02 1.068824e-01
1.995262e-05 7.904351e-01 1.843229e+00 5.421267e-02 1.030659e-01
2.089296e-05 7.921337e-01 1.842936e+00 5.423742e-02 9.937777e-02
2.187762e-05 7.937709e-01 1.842656e+00 5.426133e-02 9.581424e-02
2.290868e-05 7.953493e-01 1.842389e+00 5.428443e-02 9.237166e-02
2.398833e-05 7.968710e-01 1.842136e+00 5.430675e-02 8.904643e-02
2.511886e-05 7.983384e-01 1.841895e+00 5.432833e-02 8.583499e-02
2.630268e-05 7.997536e-01 1.841667e+00 5.434920e-02 8.273387e-02
2.754229e-05 8.011187e-01 1.841450e+00 5.436939e-02 7.973968e-02
2.884032e-05 8.024357e-01 1.841246e+00 5.438893e-02 7.684911e-02
3.019952e-05 8.037065e-01 1.841052e+00 5.440785e-02 7.405892e-02
3.162278e-05 8.049329e-01 1.840870e+00 5.442617e-02 7.136592e-02
3.311311e-05 8.061168e-01 1.840698e+00 5.444392e-02 6.876705e-02
3.467369e-05 8.072600e-01 1.840536e+00 5.446113e-02 6.625924e-02
3.630781e-05 8.083641e-01 1.840385e+00 5.447782e-02 6.383960e-02
3.801894e-05 8.094306e-01 1.840244e+00 5.449402e-02 6.150525e-02
3.981072e-05 8.104613e-01 1.840112e+00 5.450975e-02 5.925339e-02
4.168694e-05 8.114576e-01 1.839990e+00 5.452503e-02 5.708132e-02
4.365158e-05 8.124209e-01 1.839878e+00 5.453988e-02 5.498639e-02
4.570882e-05 8.133527e-01 1.839774e+00 5.455434e-02 5.296602e-02
4.786301e-05 8.142543e-01 1.839679e+00 5.456840e-02 5.101774e-02
5.011872e-05 8.151271e-01 1.839593e+00 5.458211e-02 4.913912e-02
5.248075e-05 8.159723e-01 1.839516e+00 5.459547e-02 4.732780e-02
5.495409e-05 8.167912e-01 1.839447e+00 5.460851e-02 4.558150e-02
5.754399e-05 8.175849e-01 1.839387e+00 5.462125e-02 4.389802e-02
6.025596e-05 8.183546e-01 1.839335e+00 5.463370e-02 4.227518e-02
6.309573e-05 8.191015e-01 1.839291e+00 5.464587e-02 4.071091e-02
6.606934e-05 8.198265e-01 1.839255e+00 5.465780e-02 3.920320e-02
6.918310e-05 8.205308e-01 1.839227e+00 5.466949e-02 3.775008e-02
7.244360e-05 8.212154e-01 1.839207e+00 5.468096e-02 3.634966e-02
7.585776e-05 8.218813e-01 1.839195e+00 5.469223e-02 3.500011e-02
7.943282e-05 8.225294e-01 1.839191e+00 5.470331e-02 3.369964e-02
8.317638e-05 8.231606e-01 1.839194e+00 5.471422e-02 3.244654e-02
8.709636e-05 8.237759e-01 1.839206e+00 5.472498e-02 3.123913e-02
9.120108e-05 8.243762e-01 1.839225e+00 5.473559e-02 3.007582e-02
9.549926e-05 8.249622e-01 1.839251e+00 5.474608e-02 2.895503e-02
1.000000e-04 8.255349e-01 1.839286e+00 5.475645e-02 2.787527e-02
1.047129e-04 8.260951e-01 1.839328e+00 5.476673e-02 2.683506e-02
1.096478e-04 8.266435e-01 1.839378e+00 5.477692e-02 2.583303e-02
1.148154e-04 8.271809e-01 1.839436e+00 5.478705e-02 2.486777e-02
1.202264e-04 8.277081e-01 1.839502e+00 5.479711e-02 2.393802e-02
1.258925e-04 8.282259e-01 1.839575e+00 5.480714e-02 2.304246e-02
1.318257e-04 8.287349e-01 1.839657e+00 5.481713e-02 2.217987e-02
1.380384e-04 8.292358e-01 1.839747e+00 5.482712e-02 2.134910e-02
1.445440e-04 8.297294e-01 1.839845e+00 5.483709e-02 2.054895e-02
1.513561e-04 8.302164e-01 1.839951e+00 5.484708e-02 1.977836e-02
1.584893e-04 8.306973e-01 1.840066e+00 5.485710e-02 1.903624e-02
1.659587e-04 8.311730e-01 1.840189e+00 5.486715e-02 1.832156e-02
1.737801e-04 8.316440e-01 1.840320e+00 5.487725e-02 1.763333e-02
1.819701e-04 8.321110e-01 1.840461e+00 5.488742e-02 1.697058e-02
1.905461e-04 8.325746e-01 1.840610e+00 5.489767e-02 1.633239e-02
1.995262e-04 8.330355e-01 1.840769e+00 5.490800e-02 1.571787e-02
2.089296e-04 8.334942e-01 1.840937e+00 5.491844e-02 1.512615e-02
2.187762e-04 8.339515e-01 1.841114e+00 5.492900e-02 1.455640e-02
2.290868e-04 8.344078e-01 1.841301e+00 5.493970e-02 1.400781e-02
2.398833e-04 8.348639e-01 1.841498e+00 5.495053e-02 1.347962e-02
2.511886e-04 8.353204e-01 1.841705e+00 5.496153e-02 1.297107e-02
2.630268e-04 8.357778e-01 1.841922e+00 5.497270e-02 1.248144e-02
2.754229e-04 8.362367e-01 1.842150e+00 5.498406e-02 1.201005e-02
2.884032e-04 8.366978e-01 1.842389e+00 5.499562e-02 1.155621e-02
3.019952e-04 8.371617e-01 1.842639e+00 5.500740e-02 1.111928e-02
3.162278e-04 8.376290e-01 1.842900e+00 5.501941e-02 1.069865e-02
3.311311e-04 8.381003e-01 1.843173e+00 5.503166e-02 1.029370e-02
3.467369e-04 8.385762e-01 1.843458e+00 5.504418e-02 9.903866e-03
3.630781e-04 8.390573e-01 1.843756e+00 5.505698e-02 9.528586e-03
3.801894e-04 8.395443e-01 1.844066e+00 5.507008e-02 9.167322e-03
3.981072e-04 8.400378e-01 1.844390e+00 5.508349e-02 8.819555e-03
4.168694e-04 8.405384e-01 1.844727e+00 5.509722e-02 8.484787e-03
4.365158e-04 8.410468e-01 1.845078e+00 5.511130e-02 8.162536e-03
4.570882e-04 8.415637e-01 1.845443e+00 5.512574e-02 7.852338e-03
4.786301e-04 8.420896e-01 1.845824e+00 5.514057e-02 7.553748e-03
5.011872e-04 8.426253e-01 1.846219e+00 5.515579e-02 7.266334e-03
5.248075e-04 8.431715e-01 1.846630e+00 5.517144e-02 6.989681e-03
5.495409e-04 8.437288e-01 1.847058e+00 5.518752e-02 6.723392e-03
5.754399e-04 8.442980e-01 1.847502e+00 5.520406e-02 6.467080e-03
6.025596e-04 8.448798e-01 1.847963e+00 5.522108e-02 6.220373e-03
6.309573e-04 8.454749e-01 1.848443e+00 5.523861e-02 5.982916e-03
6.606934e-04 8.460841e-01 1.848941e+00 5.525665e-02 5.754364e-03
6.918310e-04 8.467081e-01 1.849457e+00 5.527524e-02 5.534386e-03
7.244360e-04 8.473478e-01 1.849994e+00 5.529440e-02 5.322662e-03
7.585776e-04 8.480040e-01 1.850551e+00 5.531415e-02 5.118885e-03
7.943282e-04 8.486774e-01 1.851129e+00 5.533452e-02 4.922760e-03
8.317638e-04 8.493690e-01 1.851728e+00 5.535553e-02 4.733999e-03
8.709636e-04 8.500796e-01 1.852350e+00 5.537721e-02 4.552330e-03
9.120108e-04 8.508102e-01 1.852996e+00 5.539958e-02 4.377487e-03
9.549926e-04 8.515615e-01 1.853665e+00 5.542268e-02 4.209216e-03
1.000000e-03 8.523347e-01 1.854359e+00 5.544653e-02 4.047271e-03
1.047129e-03 8.531306e-01 1.855079e+00 5.547116e-02 3.891415e-03
1.096478e-03 8.539502e-01 1.855826e+00 5.549661e-02 3.741424e-03
1.148154e-03 8.547947e-01 1.856600e+00 5.552290e-02 3.597074e-03
1.202264e-03 8.556650e-01 1.857403e+00 5.555007e-02 3.458160e-03
1.258925e-03 8.565622e-01 1.858235e+00 5.557815e-02 3.324473e-03
1.318257e-03 8.574876e-01 1.859098e+00 5.560718e-02 3.195819e-03
1.380384e-03 8.584422e-01 1.859992e+00 5.563720e-02 3.072013e-03
1.445440e-03 8.594273e-01 1.860919e+00 5.566823e-02 2.952870e-03
1.513561e-03 8.604441e-01 1.861880e+00 5.570033e-02 2.838218e-03
1.584893e-03 8.614939e-01 1.862876e+00 5.573352e-02 2.727887e-03
1.659587e-03 8.625780e-01 1.863908e+00 5.576786e-02 2.621716e-03
1.737801e-03 8.636978e-01 1.864978e+00 5.580338e-02 2.519550e-03
1.819701e-03 8.648547e-01 1.866087e+00 5.584014e-02 2.421238e-03
1.905461e-03 8.660502e-01 1.867237e+00 5.587817e-02 2.326636e-03
1.995262e-03 8.672857e-01 1.868428e+00 5.591753e-02 2.235606e-03
2.089296e-03 8.685630e-01 1.869662e+00 5.595826e-02 2.148013e-03
2.187762e-03 8.698835e-01 1.870942e+00 5.600042e-02 2.063728e-03
2.290868e-03 8.712489e-01 1.872268e+00 5.604406e-02 1.982628e-03
2.398833e-03 8.726610e-01 1.873642e+00 5.608924e-02 1.904593e-03
2.511886e-03 8.741216e-01 1.875066e+00 5.613600e-02 1.829509e-03
2.630268e-03 8.756326e-01 1.876541e+00 5.618442e-02 1.757264e-03
2.754229e-03 8.771958e-01 1.878071e+00 5.623455e-02 1.687753e-03
2.884032e-03 8.788132e-01 1.879655e+00 5.628646e-02 1.620872e-03
3.019952e-03 8.804869e-01 1.881298e+00 5.634021e-02 1.556524e-03
3.162278e-03 8.822191e-01 1.882999e+00 5.639587e-02 1.494614e-03
3.311311e-03 8.840119e-01 1.884763e+00 5.645352e-02 1.435049e-03
3.467369e-03 8.858676e-01 1.886591e+00 5.651322e-02 1.377742e-03
3.630781e-03 8.877885e-01 1.888485e+00 5.657504e-02 1.322609e-03
3.801894e-03 8.897772e-01 1.890447e+00 5.663908e-02 1.269568e-03
3.981072e-03 8.918361e-01 1.892481e+00 5.670541e-02 1.218541e-03
4.168694e-03 8.939678e-01 1.894589e+00 5.677411e-02 1.169451e-03
4.365158e-03 8.961751e-01 1.896773e+00 5.684528e-02 1.122227e-03
4.570882e-03 8.984608e-01 1.899036e+00 5.691899e-02 1.076799e-03
4.786301e-03 9.008277e-01 1.901382e+00 5.699536e-02 1.033099e-03
5.011872e-03 9.032788e-01 1.903812e+00 5.707446e-02 9.910623e-04
5.248075e-03 9.058172e-01 1.906331e+00 5.715640e-02 9.506269e-04
5.495409e-03 9.084462e-01 1.908940e+00 5.724129e-02 9.117329e-04
5.754399e-03 9.111689e-01 1.911645e+00 5.732922e-02 8.743226e-04
6.025596e-03 9.139889e-01 1.914447e+00 5.742032e-02 8.383401e-04
6.309573e-03 9.169095e-01 1.917350e+00 5.751469e-02 8.037324e-04
6.606934e-03 9.199345e-01 1.920359e+00 5.761245e-02 7.704478e-04
6.918310e-03 9.230675e-01 1.923476e+00 5.771372e-02 7.384368e-04
7.244360e-03 9.263125e-01 1.926706e+00 5.781862e-02 7.076519e-04
7.585776e-03 9.296733e-01 1.930052e+00 5.792729e-02 6.780474e-04
7.943282e-03 9.331540e-01 1.933518e+00 5.803985e-02 6.495791e-04
8.317638e-03 9.367588e-01 1.937110e+00 5.815644e-02 6.222044e-04
8.709636e-03 9.404921e-01 1.940830e+00 5.827720e-02 5.958827e-04
9.120108e-03 9.443581e-01 1.944683e+00 5.840227e-02 5.705747e-04
9.549926e-03 9.483614e-01 1.948674e+00 5.853179e-02 5.462426e-04
1.000000e-02 9.525067e-01 1.952808e+00 5.866592e-02 5.228500e-04
1.047129e-02 9.567986e-01 1.957089e+00 5.880481e-02 5.003618e-04
1.096478e-02 9.612419e-01 1.961521e+00 5.894860e-02 4.787450e-04
1.148154e-02 9.658416e-01 1.966110e+00 5.909747e-02 4.579662e-04
1.202264e-02 9.706025e-01 1.970861e+00 5.925157e-02 4.379954e-04
1.258925e-02 9.755297e-01 1.975778e+00 5.941107e-02 4.188018e-04
1.318257e-02 9.806285e-01 1.980868e+00 5.957613e-02 4.003566e-04
1.380384e-02 9.859037e-01 1.986134e+00 5.974691e-02 3.826327e-04
1.445440e-02 9.913607e-01 1.991582e+00 5.992358e-02 3.656029e-04
1.513561e-02 9.970044e-01 1.997218e+00 6.010631e-02 3.492420e-04
1.584893e-02 1.002840e+00 2.003045e+00 6.029527e-02 3.335249e-04
1.659587e-02 1.008873e+00 2.009070e+00 6.049062e-02 3.184281e-04
1.737801e-02 1.015108e+00 2.015298e+00 6.069252e-02 3.039289e-04
1.819701e-02 1.021550e+00 2.021733e+00 6.090114e-02 2.900052e-04
1.905461e-02 1.028205e+00 2.028380e+00 6.111663e-02 2.766359e-04
1.995262e-02 1.035075e+00 2.035244e+00 6.133913e-02 2.638009e-04
2.089296e-02 1.042167e+00 2.042329e+00 6.156881e-02 2.514804e-04
2.187762e-02 1.049484e+00 2.049640e+00 6.180578e-02 2.396558e-04
2.290868e-02 1.057029e+00 2.057179e+00 6.205017e-02 2.283091e-04
2.398833e-02 1.064808e+00 2.064952e+00 6.230209e-02 2.174229e-04
2.511886e-02 1.072821e+00 2.072960e+00 6.256165e-02 2.069805e-04
2.630268e-02 1.081073e+00 2.081206e+00 6.282893e-02 1.969658e-04
2.754229e-02 1.089565e+00 2.089693e+00 6.310398e-02 1.873634e-04
2.884032e-02 1.098298e+00 2.098421e+00 6.338687e-02 1.781585e-04
3.019952e-02 1.107274e+00 2.107391e+00 6.367760e-02 1.693368e-04
3.162278e-02 1.116491e+00 2.116604e+00 6.397617e-02 1.608844e-04
3.311311e-02 1.125949e+00 2.126057e+00 6.428254e-02 1.527883e-04
3.467369e-02 1.135646e+00 2.135750e+00 6.459667e-02 1.450355e-04
3.630781e-02 1.145580e+00 2.145679e+00 6.491844e-02 1.376140e-04
3.801894e-02 1.155745e+00 2.155840e+00 6.524772e-02 1.305118e-04
3.981072e-02 1.166136e+00 2.166228e+00 6.558435e-02 1.237175e-04
4.168694e-02 1.176747e+00 2.176835e+00 6.592810e-02 1.172203e-04
4.365158e-02 1.187571e+00 2.187654e+00 6.627872e-02 1.110095e-04
4.570882e-02 1.198596e+00 2.198677e+00 6.663590e-02 1.050748e-04
4.786301e-02 1.209814e+00 2.209891e+00 6.699929e-02 9.940652e-05
5.011872e-02 1.221210e+00 2.221284e+00 6.736849e-02 9.399504e-05
5.248075e-02 1.232773e+00 2.232843e+00 6.774306e-02 8.883115e-05
5.495409e-02 1.244485e+00 2.244552e+00 6.812250e-02 8.390599e-05
5.754399e-02 1.256331e+00 2.256395e+00 6.850625e-02 7.921093e-05
6.025596e-02 1.268291e+00 2.268352e+00 6.889372e-02 7.473758e-05
6.309573e-02 1.280347e+00 2.280405e+00 6.928429e-02 7.047788e-05
6.606934e-02 1.292477e+00 2.292532e+00 6.967725e-02 6.642395e-05
6.918310e-02 1.304658e+00 2.304711e+00 7.007190e-02 6.256815e-05
7.244360e-02 1.316869e+00 2.316919e+00 7.046748e-02 5.890309e-05
7.585776e-02 1.329083e+00 2.329131e+00 7.086320e-02 5.542154e-05
7.943282e-02 1.341278e+00 2.341323e+00 7.125826e-02 5.211647e-05
8.317638e-02 1.353426e+00 2.353470e+00 7.165185e-02 4.898101e-05
8.709636e-02 1.365504e+00 2.365545e+00 7.204312e-02 4.600853e-05
9.120108e-02 1.377484e+00 2.377523e+00 7.243125e-02 4.319250e-05
9.549926e-02 1.389342e+00 2.389379e+00 7.281542e-02 4.052656e-05
1.000000e-01 1.401053e+00 2.401088e+00 7.319482e-02 3.800455e-05
1.047129e-01 1.412592e+00 2.412625e+00 7.356867e-02 3.562038e-05
1.096478e-01 1.423937e+00 2.423968e+00 7.393621e-02 3.336824e-05
1.148154e-01 1.435065e+00 2.435094e+00 7.429674e-02 3.124227e-05
1.202264e-01 1.445956e+00 2.445984e+00 7.464958e-02 2.923697e-05
1.258925e-01 1.456591e+00 2.456617e+00 7.499412e-02 2.734680e-05
1.318257e-01 1.466952e+00 2.466977e+00 7.532982e-02 2.556644e-05
1.380384e-01 1.477025e+00 2.477048e+00 7.565616e-02 2.389078e-05
1.445440e-01 1.486796e+00 2.486818e+00 7.597272e-02 2.231471e-05
1.513561e-01 1.496254e+00 2.496274e+00 7.627912e-02 2.083342e-05
1.584893e-01 1.505389e+00 2.505408e+00 7.657508e-02 1.944211e-05
1.659587e-01 1.514194e+00 2.514212e+00 7.686037e-02 1.813623e-05
1.737801e-01 1.522665e+00 2.522682e+00 7.713480e-02 1.691133e-05
1.819701e-01 1.530798e+00 2.530814e+00 7.739829e-02 1.576314e-05
1.905461e-01 1.538592e+00 2.538607e+00 7.765079e-02 1.468751e-05
1.995262e-01 1.546047e+00 2.546061e+00 7.789233e-02 1.368048e-05
2.089296e-01 1.553165e+00 2.553179e+00 7.812296e-02 1.273822e-05
2.187762e-01 1.559952e+00 2.559964e+00 7.834282e-02 1.185705e-05
2.290868e-01 1.566410e+00 2.566421e+00 7.855206e-02 1.103348e-05
2.398833e-01 1.572547e+00 2.572558e+00 7.875089e-02 1.026414e-05
2.511886e-01 1.578370e+00 2.578380e+00 7.893956e-02 9.545816e-06
2.630268e-01 1.583888e+00 2.583897e+00 7.911832e-02 8.875439e-06
2.754229e-01 1.589109e+00 2.589118e+00 7.928748e-02 8.250102e-06
2.884032e-01 1.594044e+00 2.594052e+00 7.944735e-02 7.667032e-06
3.019952e-01 1.598701e+00 2.598709e+00 7.959825e-02 7.123598e-06
3.162278e-01 1.603093e+00 2.603100e+00 7.974053e-02 6.617303e-06
3.311311e-01 1.607229e+00 2.607236e+00 7.987454e-02 6.145787e-06
3.467369e-01 1.611122e+00 2.611128e+00 8.000064e-02 5.706810e-06
3.630781e-01 1.614780e+00 2.614786e+00 8.011918e-02 5.298270e-06
3.801894e-01 1.618217e+00 2.618222e+00 8.023051e-02 4.918173e-06
3.981072e-01 1.621442e+00 2.621447e+00 8.033500e-02 4.564643e-06
4.168694e-01 1.624466e+00 2.624471e+00 8.043298e-02 4.235917e-06
4.365158e-01 1.627300e+00 2.627304e+00 8.052479e-02 3.930335e-06
4.570882e-01 1.629954e+00 2.629958e+00 8.061077e-02 3.646336e-06
4.786301e-01 1.632438e+00 2.632441e+00 8.069124e-02 3.382459e-06
5.011872e-01 1.634761e+00 2.634764e+00 8.076651e-02 3.137331e-06
5.248075e-01 1.636932e+00 2.636936e+00 8.083687e-02 2.909665e-06
5.495409e-01 1.638962e+00 2.638965e+00 8.090262e-02 2.698260e-06
5.754399e-01 1.640857e+00 2.640860e+00 8.096403e-02 2.501990e-06
6.025596e-01 1.642627e+00 2.642629e+00 8.102135e-02 2.319799e-06
6.309573e-01 1.644278e+00 2.644280e+00 8.107486e-02 2.150707e-06
6.606934e-01 1.645819e+00 2.645821e+00 8.112477e-02 1.993793e-06
6.918310e-01 1.647255e+00 2.647257e+00 8.117132e-02 1.848201e-06
7.244360e-01 1.648595e+00 2.648597e+00 8.121472e-02 1.713131e-06
7.585776e-01 1.649843e+00 2.649845e+00 8.125517e-02 1.587837e-06
7.943282e-01 1.651007e+00 2.651009e+00 8.129287e-02 1.471626e-06
8.317638e-01 1.652091e+00 2.652093e+00 8.132799e-02 1.363849e-06
8.709636e-01 1.653101e+00 2.653102e+00 8.136070e-02 1.263904e-06
9.120108e-01 1.654041e+00 2.654042e+00 8.139117e-02 1.171231e-06
9.549926e-01 1.654917e+00 2.654918e+00 8.141954e-02 1.085308e-06
1.000000e+00 1.655732e+00 2.655733e+00 8.144595e-02 1.005649e-06
