# Modeles : Van-Genuchten Van-Genuchten
# p_c(1) S_l(2) kl_(3)
1.000000e-02 1.000000e+00 1.000000e+00
1.122018e-02 1.000000e+00 1.000000e+00
1.258925e-02 1.000000e+00 1.000000e+00
1.412538e-02 1.000000e+00 1.000000e+00
1.584893e-02 1.000000e+00 1.000000e+00
1.778279e-02 1.000000e+00 1.000000e+00
1.995262e-02 1.000000e+00 1.000000e+00
2.238721e-02 1.000000e+00 1.000000e+00
2.511886e-02 1.000000e+00 1.000000e+00
2.818383e-02 1.000000e+00 1.000000e+00
3.162278e-02 1.000000e+00 1.000000e+00
3.548134e-02 1.000000e+00 1.000000e+00
3.981072e-02 1.000000e+00 1.000000e+00
4.466836e-02 1.000000e+00 1.000000e+00
5.011872e-02 1.000000e+00 1.000000e+00
5.623413e-02 1.000000e+00 1.000000e+00
6.309573e-02 1.000000e+00 1.000000e+00
7.079458e-02 1.000000e+00 1.000000e+00
7.943282e-02 1.000000e+00 1.000000e+00
8.912509e-02 1.000000e+00 1.000000e+00
1.000000e-01 1.000000e+00 1.000000e+00
1.122018e-01 1.000000e+00 1.000000e+00
1.258925e-01 1.000000e+00 1.000000e+00
1.412538e-01 1.000000e+00 1.000000e+00
1.584893e-01 1.000000e+00 1.000000e+00
1.778279e-01 1.000000e+00 1.000000e+00
1.995262e-01 1.000000e+00 1.000000e+00
2.238721e-01 1.000000e+00 1.000000e+00
2.511886e-01 1.000000e+00 1.000000e+00
2.818383e-01 1.000000e+00 1.000000e+00
3.162278e-01 1.000000e+00 1.000000e+00
3.548134e-01 1.000000e+00 1.000000e+00
3.981072e-01 1.000000e+00 1.000000e+00
4.466836e-01 1.000000e+00 1.000000e+00
5.011872e-01 1.000000e+00 1.000000e+00
5.623413e-01 1.000000e+00 1.000000e+00
6.309573e-01 1.000000e+00 1.000000e+00
7.079458e-01 1.000000e+00 1.000000e+00
7.943282e-01 1.000000e+00 1.000000e+00
8.912509e-01 1.000000e+00 1.000000e+00
1.000000e+00 1.000000e+00 1.000000e+00
1.122018e+00 1.000000e+00 1.000000e+00
1.258925e+00 1.000000e+00 1.000000e+00
1.412538e+00 1.000000e+00 1.000000e+00
1.584893e+00 1.000000e+00 1.000000e+00
1.778279e+00 1.000000e+00 1.000000e+00
1.995262e+00 1.000000e+00 1.000000e+00
2.238721e+00 1.000000e+00 1.000000e+00
2.511886e+00 1.000000e+00 1.000000e+00
2.818383e+00 1.000000e+00 1.000000e+00
3.162278e+00 9.999999e-01 1.000000e+00
3.548134e+00 9.999999e-01 1.000000e+00
3.981072e+00 9.999999e-01 1.000000e+00
4.466836e+00 9.999999e-01 1.000000e+00
5.011872e+00 9.999999e-01 1.000000e+00
5.623413e+00 9.999999e-01 1.000000e+00
6.309573e+00 9.999999e-01 1.000000e+00
7.079458e+00 9.999999e-01 1.000000e+00
7.943282e+00 9.999999e-01 1.000000e+00
8.912509e+00 9.999998e-01 1.000000e+00
1.000000e+01 9.999998e-01 1.000000e+00
1.122018e+01 9.999998e-01 1.000000e+00
1.258925e+01 9.999998e-01 1.000000e+00
1.412538e+01 9.999997e-01 1.000000e+00
1.584893e+01 9.999997e-01 1.000000e+00
1.778279e+01 9.999997e-01 1.000000e+00
1.995262e+01 9.999996e-01 1.000000e+00
2.238721e+01 9.999996e-01 1.000000e+00
2.511886e+01 9.999995e-01 1.000000e+00
2.818383e+01 9.999994e-01 1.000000e+00
3.162278e+01 9.999994e-01 1.000000e+00
3.548134e+01 9.999993e-01 1.000000e+00
3.981072e+01 9.999992e-01 1.000000e+00
4.466836e+01 9.999991e-01 1.000000e+00
5.011872e+01 9.999990e-01 1.000000e+00
5.623413e+01 9.999988e-01 1.000000e+00
6.309573e+01 9.999987e-01 1.000000e+00
7.079458e+01 9.999985e-01 1.000000e+00
7.943282e+01 9.999983e-01 1.000000e+00
8.912509e+01 9.999981e-01 1.000000e+00
1.000000e+02 9.999978e-01 1.000000e+00
1.122018e+02 9.999976e-01 1.000000e+00
1.258925e+02 9.999972e-01 1.000000e+00
1.412538e+02 9.999969e-01 1.000000e+00
1.584893e+02 9.999965e-01 1.000000e+00
1.778279e+02 9.999960e-01 1.000000e+00
1.995262e+02 9.999955e-01 1.000000e+00
2.238721e+02 9.999949e-01 1.000000e+00
2.511886e+02 9.999942e-01 1.000000e+00
2.818383e+02 9.999935e-01 1.000000e+00
3.162278e+02 9.999926e-01 1.000000e+00
3.548134e+02 9.999917e-01 1.000000e+00
3.981072e+02 9.999906e-01 1.000000e+00
4.466836e+02 9.999894e-01 1.000000e+00
5.011872e+02 9.999880e-01 1.000000e+00
5.623413e+02 9.999864e-01 1.000000e+00
6.309573e+02 9.999846e-01 1.000000e+00
7.079458e+02 9.999826e-01 1.000000e+00
7.943282e+02 9.999804e-01 1.000000e+00
8.912509e+02 9.999778e-01 1.000000e+00
1.000000e+03 9.999749e-01 9.999999e-01
1.122018e+03 9.999717e-01 9.999999e-01
1.258925e+03 9.999680e-01 9.999999e-01
1.412538e+03 9.999638e-01 9.999999e-01
1.584893e+03 9.999591e-01 9.999999e-01
1.778279e+03 9.999538e-01 9.999998e-01
1.995262e+03 9.999477e-01 9.999998e-01
2.238721e+03 9.999409e-01 9.999997e-01
2.511886e+03 9.999332e-01 9.999996e-01
2.818383e+03 9.999245e-01 9.999996e-01
3.162278e+03 9.999147e-01 9.999994e-01
3.548134e+03 9.999036e-01 9.999993e-01
3.981072e+03 9.998911e-01 9.999991e-01
4.466836e+03 9.998769e-01 9.999989e-01
5.011872e+03 9.998609e-01 9.999986e-01
5.623413e+03 9.998427e-01 9.999982e-01
6.309573e+03 9.998223e-01 9.999978e-01
7.079458e+03 9.997992e-01 9.999972e-01
7.943282e+03 9.997731e-01 9.999965e-01
8.912509e+03 9.997436e-01 9.999956e-01
1.000000e+04 9.997102e-01 9.999944e-01
1.122018e+04 9.996726e-01 9.999930e-01
1.258925e+04 9.996301e-01 9.999912e-01
1.412538e+04 9.995820e-01 9.999889e-01
1.584893e+04 9.995278e-01 9.999860e-01
1.778279e+04 9.994666e-01 9.999824e-01
1.995262e+04 9.993974e-01 9.999779e-01
2.238721e+04 9.993194e-01 9.999722e-01
2.511886e+04 9.992313e-01 9.999649e-01
2.818383e+04 9.991319e-01 9.999559e-01
3.162278e+04 9.990198e-01 9.999444e-01
3.548134e+04 9.988933e-01 9.999301e-01
3.981072e+04 9.987507e-01 9.999120e-01
4.466836e+04 9.985900e-01 9.998892e-01
5.011872e+04 9.984088e-01 9.998605e-01
5.623413e+04 9.982048e-01 9.998244e-01
6.309573e+04 9.979750e-01 9.997789e-01
7.079458e+04 9.977164e-01 9.997217e-01
7.943282e+04 9.974255e-01 9.996497e-01
8.912509e+04 9.970986e-01 9.995590e-01
1.000000e+05 9.967313e-01 9.994449e-01
1.122018e+05 9.963190e-01 9.993013e-01
1.258925e+05 9.958566e-01 9.991207e-01
1.412538e+05 9.953384e-01 9.988934e-01
1.584893e+05 9.947585e-01 9.986074e-01
1.778279e+05 9.941101e-01 9.982478e-01
1.995262e+05 9.933860e-01 9.977956e-01
2.238721e+05 9.925788e-01 9.972272e-01
2.511886e+05 9.916800e-01 9.965130e-01
2.818383e+05 9.906812e-01 9.956161e-01
3.162278e+05 9.895733e-01 9.944903e-01
3.548134e+05 9.883469e-01 9.930785e-01
3.981072e+05 9.869923e-01 9.913096e-01
4.466836e+05 9.854997e-01 9.890962e-01
5.011872e+05 9.838594e-01 9.863306e-01
5.623413e+05 9.820617e-01 9.828816e-01
6.309573e+05 9.800974e-01 9.785906e-01
7.079458e+05 9.779578e-01 9.732677e-01
7.943282e+05 9.756350e-01 9.666884e-01
8.912509e+05 9.731221e-01 9.585923e-01
1.000000e+06 9.704133e-01 9.486833e-01
1.122018e+06 9.675043e-01 9.366349e-01
1.258925e+06 9.643921e-01 9.221000e-01
1.412538e+06 9.610757e-01 9.047288e-01
1.584893e+06 9.575556e-01 8.841949e-01
1.778279e+06 9.538340e-01 8.602285e-01
1.995262e+06 9.499150e-01 8.326567e-01
2.238721e+06 9.458042e-01 8.014440e-01
2.511886e+06 9.415088e-01 7.667252e-01
2.818383e+06 9.370371e-01 7.288237e-01
3.162278e+06 9.323990e-01 6.882472e-01
3.548134e+06 9.276048e-01 6.456578e-01
3.981072e+06 9.226658e-01 6.018210e-01
4.466836e+06 9.175936e-01 5.575416e-01
5.011872e+06 9.124001e-01 5.135988e-01
5.623413e+06 9.070974e-01 4.706916e-01
6.309573e+06 9.016971e-01 4.294016e-01
7.079458e+06 8.962108e-01 3.901744e-01
7.943282e+06 8.906495e-01 3.533186e-01
8.912509e+06 8.850239e-01 3.190175e-01
1.000000e+07 8.793439e-01 2.873479e-01
1.122018e+07 8.736189e-01 2.583018e-01
1.258925e+07 8.678576e-01 2.318077e-01
1.412538e+07 8.620680e-01 2.077499e-01
1.584893e+07 8.562576e-01 1.859847e-01
1.778279e+07 8.504330e-01 1.663518e-01
1.995262e+07 8.446003e-01 1.486849e-01
2.238721e+07 8.387651e-01 1.328179e-01
2.511886e+07 8.329322e-01 1.185894e-01
2.818383e+07 8.271062e-01 1.058461e-01
3.162278e+07 8.212910e-01 9.444427e-02
3.548134e+07 8.154901e-01 8.425087e-02
3.981072e+07 8.097067e-01 7.514353e-02
4.466836e+07 8.039434e-01 6.701067e-02
5.011872e+07 7.982027e-01 5.975093e-02
5.623413e+07 7.924867e-01 5.327263e-02
6.309573e+07 7.867972e-01 4.749315e-02
7.079458e+07 7.811359e-01 4.233813e-02
7.943282e+07 7.755041e-01 3.774086e-02
8.912509e+07 7.699031e-01 3.364150e-02
1.000000e+08 7.643338e-01 2.998651e-02
