# Modeles : Van-Genuchten Van-Genuchten
# p_c(1) S_l(2) k_l(3)
1.000000e-02 1.000000e+00 1.000000e+00
1.122018e-02 1.000000e+00 1.000000e+00
1.258925e-02 1.000000e+00 1.000000e+00
1.412538e-02 1.000000e+00 1.000000e+00
1.584893e-02 1.000000e+00 1.000000e+00
1.778279e-02 1.000000e+00 1.000000e+00
1.995262e-02 1.000000e+00 1.000000e+00
2.238721e-02 1.000000e+00 1.000000e+00
2.511886e-02 1.000000e+00 1.000000e+00
2.818383e-02 1.000000e+00 1.000000e+00
3.162278e-02 1.000000e+00 1.000000e+00
3.548134e-02 1.000000e+00 1.000000e+00
3.981072e-02 1.000000e+00 1.000000e+00
4.466836e-02 1.000000e+00 1.000000e+00
5.011872e-02 1.000000e+00 1.000000e+00
5.623413e-02 1.000000e+00 1.000000e+00
6.309573e-02 1.000000e+00 1.000000e+00
7.079458e-02 1.000000e+00 1.000000e+00
7.943282e-02 1.000000e+00 1.000000e+00
8.912509e-02 1.000000e+00 1.000000e+00
1.000000e-01 1.000000e+00 1.000000e+00
1.122018e-01 1.000000e+00 1.000000e+00
1.258925e-01 1.000000e+00 1.000000e+00
1.412538e-01 1.000000e+00 1.000000e+00
1.584893e-01 1.000000e+00 1.000000e+00
1.778279e-01 1.000000e+00 1.000000e+00
1.995262e-01 1.000000e+00 1.000000e+00
2.238721e-01 1.000000e+00 1.000000e+00
2.511886e-01 1.000000e+00 1.000000e+00
2.818383e-01 1.000000e+00 1.000000e+00
3.162278e-01 1.000000e+00 1.000000e+00
3.548134e-01 1.000000e+00 1.000000e+00
3.981072e-01 1.000000e+00 1.000000e+00
4.466836e-01 1.000000e+00 1.000000e+00
5.011872e-01 1.000000e+00 1.000000e+00
5.623413e-01 1.000000e+00 1.000000e+00
6.309573e-01 1.000000e+00 1.000000e+00
7.079458e-01 1.000000e+00 1.000000e+00
7.943282e-01 1.000000e+00 1.000000e+00
8.912509e-01 1.000000e+00 1.000000e+00
1.000000e+00 1.000000e+00 1.000000e+00
1.122018e+00 1.000000e+00 1.000000e+00
1.258925e+00 1.000000e+00 1.000000e+00
1.412538e+00 1.000000e+00 1.000000e+00
1.584893e+00 1.000000e+00 1.000000e+00
1.778279e+00 1.000000e+00 1.000000e+00
1.995262e+00 1.000000e+00 1.000000e+00
2.238721e+00 1.000000e+00 1.000000e+00
2.511886e+00 1.000000e+00 1.000000e+00
2.818383e+00 1.000000e+00 1.000000e+00
3.162278e+00 1.000000e+00 1.000000e+00
3.548134e+00 1.000000e+00 1.000000e+00
3.981072e+00 1.000000e+00 1.000000e+00
4.466836e+00 1.000000e+00 1.000000e+00
5.011872e+00 1.000000e+00 1.000000e+00
5.623413e+00 1.000000e+00 1.000000e+00
6.309573e+00 1.000000e+00 1.000000e+00
7.079458e+00 1.000000e+00 1.000000e+00
7.943282e+00 1.000000e+00 1.000000e+00
8.912509e+00 1.000000e+00 1.000000e+00
1.000000e+01 1.000000e+00 1.000000e+00
1.122018e+01 1.000000e+00 1.000000e+00
1.258925e+01 1.000000e+00 1.000000e+00
1.412538e+01 1.000000e+00 1.000000e+00
1.584893e+01 1.000000e+00 1.000000e+00
1.778279e+01 1.000000e+00 1.000000e+00
1.995262e+01 1.000000e+00 1.000000e+00
2.238721e+01 1.000000e+00 1.000000e+00
2.511886e+01 1.000000e+00 1.000000e+00
2.818383e+01 1.000000e+00 1.000000e+00
3.162278e+01 1.000000e+00 1.000000e+00
3.548134e+01 1.000000e+00 1.000000e+00
3.981072e+01 1.000000e+00 1.000000e+00
4.466836e+01 1.000000e+00 1.000000e+00
5.011872e+01 1.000000e+00 1.000000e+00
5.623413e+01 1.000000e+00 1.000000e+00
6.309573e+01 1.000000e+00 1.000000e+00
7.079458e+01 1.000000e+00 1.000000e+00
7.943282e+01 1.000000e+00 1.000000e+00
8.912509e+01 1.000000e+00 1.000000e+00
1.000000e+02 1.000000e+00 1.000000e+00
1.122018e+02 1.000000e+00 1.000000e+00
1.258925e+02 1.000000e+00 1.000000e+00
1.412538e+02 1.000000e+00 1.000000e+00
1.584893e+02 1.000000e+00 1.000000e+00
1.778279e+02 1.000000e+00 1.000000e+00
1.995262e+02 1.000000e+00 1.000000e+00
2.238721e+02 1.000000e+00 1.000000e+00
2.511886e+02 1.000000e+00 1.000000e+00
2.818383e+02 1.000000e+00 1.000000e+00
3.162278e+02 1.000000e+00 1.000000e+00
3.548134e+02 1.000000e+00 1.000000e+00
3.981072e+02 1.000000e+00 1.000000e+00
4.466836e+02 1.000000e+00 1.000000e+00
5.011872e+02 1.000000e+00 1.000000e+00
5.623413e+02 1.000000e+00 1.000000e+00
6.309573e+02 1.000000e+00 1.000000e+00
7.079458e+02 1.000000e+00 1.000000e+00
7.943282e+02 1.000000e+00 1.000000e+00
8.912509e+02 9.999999e-01 1.000000e+00
1.000000e+03 9.999999e-01 1.000000e+00
1.122018e+03 9.999999e-01 1.000000e+00
1.258925e+03 9.999999e-01 1.000000e+00
1.412538e+03 9.999999e-01 1.000000e+00
1.584893e+03 9.999999e-01 1.000000e+00
1.778279e+03 9.999998e-01 1.000000e+00
1.995262e+03 9.999998e-01 1.000000e+00
2.238721e+03 9.999997e-01 1.000000e+00
2.511886e+03 9.999997e-01 1.000000e+00
2.818383e+03 9.999996e-01 1.000000e+00
3.162278e+03 9.999995e-01 1.000000e+00
3.548134e+03 9.999994e-01 1.000000e+00
3.981072e+03 9.999993e-01 1.000000e+00
4.466836e+03 9.999992e-01 1.000000e+00
5.011872e+03 9.999990e-01 1.000000e+00
5.623413e+03 9.999988e-01 1.000000e+00
6.309573e+03 9.999985e-01 1.000000e+00
7.079458e+03 9.999982e-01 1.000000e+00
7.943282e+03 9.999978e-01 1.000000e+00
8.912509e+03 9.999973e-01 1.000000e+00
1.000000e+04 9.999967e-01 1.000000e+00
1.122018e+04 9.999960e-01 1.000000e+00
1.258925e+04 9.999952e-01 1.000000e+00
1.412538e+04 9.999941e-01 1.000000e+00
1.584893e+04 9.999928e-01 1.000000e+00
1.778279e+04 9.999913e-01 1.000000e+00
1.995262e+04 9.999894e-01 1.000000e+00
2.238721e+04 9.999871e-01 1.000000e+00
2.511886e+04 9.999843e-01 1.000000e+00
2.818383e+04 9.999809e-01 1.000000e+00
3.162278e+04 9.999768e-01 1.000000e+00
3.548134e+04 9.999718e-01 1.000000e+00
3.981072e+04 9.999657e-01 1.000000e+00
4.466836e+04 9.999583e-01 1.000000e+00
5.011872e+04 9.999493e-01 1.000000e+00
5.623413e+04 9.999383e-01 1.000000e+00
6.309573e+04 9.999250e-01 1.000000e+00
7.079458e+04 9.999088e-01 1.000000e+00
7.943282e+04 9.998891e-01 1.000000e+00
8.912509e+04 9.998651e-01 1.000000e+00
1.000000e+05 9.998360e-01 1.000000e+00
1.122018e+05 9.998006e-01 1.000000e+00
1.258925e+05 9.997575e-01 1.000000e+00
1.412538e+05 9.997051e-01 1.000000e+00
1.584893e+05 9.996414e-01 1.000000e+00
1.778279e+05 9.995639e-01 1.000000e+00
1.995262e+05 9.994697e-01 1.000000e+00
2.238721e+05 9.993552e-01 1.000000e+00
2.511886e+05 9.992160e-01 1.000000e+00
2.818383e+05 9.990469e-01 1.000000e+00
3.162278e+05 9.988412e-01 1.000000e+00
3.548134e+05 9.985914e-01 1.000000e+00
3.981072e+05 9.982878e-01 1.000000e+00
4.466836e+05 9.979190e-01 1.000000e+00
5.011872e+05 9.974711e-01 1.000000e+00
5.623413e+05 9.969273e-01 1.000000e+00
6.309573e+05 9.962673e-01 1.000000e+00
7.079458e+05 9.954667e-01 1.000000e+00
7.943282e+05 9.944961e-01 1.000000e+00
8.912509e+05 9.933199e-01 1.000000e+00
1.000000e+06 9.918959e-01 1.000000e+00
1.122018e+06 9.901735e-01 1.000000e+00
1.258925e+06 9.880926e-01 1.000000e+00
1.412538e+06 9.855819e-01 1.000000e+00
1.584893e+06 9.825578e-01 1.000000e+00
1.778279e+06 9.789225e-01 1.000000e+00
1.995262e+06 9.745629e-01 1.000000e+00
2.238721e+06 9.693495e-01 1.000000e+00
2.511886e+06 9.631361e-01 1.000000e+00
2.818383e+06 9.557604e-01 1.000000e+00
3.162278e+06 9.470458e-01 1.000000e+00
3.548134e+06 9.368053e-01 1.000000e+00
3.981072e+06 9.248476e-01 1.000000e+00
4.466836e+06 9.109857e-01 1.000000e+00
5.011872e+06 8.950483e-01 1.000000e+00
5.623413e+06 8.768931e-01 1.000000e+00
6.309573e+06 8.564225e-01 1.000000e+00
7.079458e+06 8.335977e-01 1.000000e+00
7.943282e+06 8.084524e-01 1.000000e+00
8.912509e+06 7.811001e-01 1.000000e+00
1.000000e+07 7.517370e-01 5.000000e-01
1.122018e+07 7.206362e-01 0.000000e+00
1.258925e+07 6.881343e-01 0.000000e+00
1.412538e+07 6.546128e-01 0.000000e+00
1.584893e+07 6.204767e-01 0.000000e+00
1.778279e+07 5.861293e-01 0.000000e+00
1.995262e+07 5.519536e-01 0.000000e+00
2.238721e+07 5.182950e-01 0.000000e+00
2.511886e+07 4.854506e-01 0.000000e+00
2.818383e+07 4.536631e-01 0.000000e+00
3.162278e+07 4.231209e-01 0.000000e+00
3.548134e+07 3.939598e-01 0.000000e+00
3.981072e+07 3.662687e-01 0.000000e+00
4.466836e+07 3.400963e-01 0.000000e+00
5.011872e+07 3.154574e-01 0.000000e+00
5.623413e+07 2.923402e-01 0.000000e+00
6.309573e+07 2.707121e-01 0.000000e+00
7.079458e+07 2.505253e-01 0.000000e+00
7.943282e+07 2.317213e-01 0.000000e+00
8.912509e+07 2.142343e-01 0.000000e+00
1.000000e+08 1.979945e-01 0.000000e+00
