0.000000e+00 1.000000e+00 1.000000e+00
1.250000e+06 9.645904e-01 9.230769e-01
2.500000e+06 9.416893e-01 7.682213e-01
3.750000e+06 9.252483e-01 6.246950e-01
5.000000e+06 9.125083e-01 5.144958e-01
6.250000e+06 9.021455e-01 4.327311e-01
7.500000e+06 8.934320e-01 3.713907e-01
8.750000e+06 8.859270e-01 3.243243e-01
1.000000e+07 8.793439e-01 2.873479e-01
1.125000e+07 8.734865e-01 2.576627e-01
1.250000e+07 8.682145e-01 2.333730e-01
1.375000e+07 8.634246e-01 2.131671e-01
1.500000e+07 8.590382e-01 1.961161e-01
1.625000e+07 8.549942e-01 1.815475e-01
1.750000e+07 8.512446e-01 1.689638e-01
1.875000e+07 8.477504e-01 1.579905e-01
2.000000e+07 8.444801e-01 1.483405e-01
2.125000e+07 8.414073e-01 1.397903e-01
2.250000e+07 8.385103e-01 1.321637e-01
2.375000e+07 8.357706e-01 1.253200e-01
2.500000e+07 8.331724e-01 1.191452e-01
2.625000e+07 8.307022e-01 1.135466e-01
2.750000e+07 8.283484e-01 1.084475e-01
2.875000e+07 8.261007e-01 1.037843e-01
3.000000e+07 8.239503e-01 9.950372e-02
3.125000e+07 8.218894e-01 9.556067e-02
3.250000e+07 8.199109e-01 9.191692e-02
3.375000e+07 8.180088e-01 8.853979e-02
3.500000e+07 8.161775e-01 8.540114e-02
3.625000e+07 8.144121e-01 8.247666e-02
3.750000e+07 8.127081e-01 7.974522e-02
3.875000e+07 8.110615e-01 7.718838e-02
4.000000e+07 8.094688e-01 7.478995e-02
4.125000e+07 8.079265e-01 7.253570e-02
4.250000e+07 8.064317e-01 7.041303e-02
4.375000e+07 8.049817e-01 6.841078e-02
4.500000e+07 8.035738e-01 6.651901e-02
4.625000e+07 8.022058e-01 6.472884e-02
4.750000e+07 8.008756e-01 6.303230e-02
4.875000e+07 7.995812e-01 6.142227e-02
5.000000e+07 7.983207e-01 5.989229e-02
5.125000e+07 7.970925e-01 5.843655e-02
5.250000e+07 7.958950e-01 5.704979e-02
5.375000e+07 7.947267e-01 5.572722e-02
5.500000e+07 7.935864e-01 5.446449e-02
5.625000e+07 7.924727e-01 5.325764e-02
5.750000e+07 7.913844e-01 5.210305e-02
5.875000e+07 7.903205e-01 5.099738e-02
6.000000e+07 7.892800e-01 4.993762e-02
6.125000e+07 7.882617e-01 4.892095e-02
6.250000e+07 7.872649e-01 4.794480e-02
6.375000e+07 7.862887e-01 4.700680e-02
6.500000e+07 7.853323e-01 4.610477e-02
6.625000e+07 7.843949e-01 4.523666e-02
6.750000e+07 7.834757e-01 4.440061e-02
6.875000e+07 7.825742e-01 4.359488e-02
7.000000e+07 7.816896e-01 4.281784e-02
7.125000e+07 7.808214e-01 4.206799e-02
7.250000e+07 7.799690e-01 4.134393e-02
7.375000e+07 7.791318e-01 4.064435e-02
7.500000e+07 7.783093e-01 3.996804e-02
7.625000e+07 7.775010e-01 3.931385e-02
7.750000e+07 7.767065e-01 3.868071e-02
7.875000e+07 7.759253e-01 3.806763e-02
8.000000e+07 7.751570e-01 3.747366e-02
8.125000e+07 7.744012e-01 3.689793e-02
8.250000e+07 7.736574e-01 3.633962e-02
8.375000e+07 7.729254e-01 3.579794e-02
8.500000e+07 7.722047e-01 3.527216e-02
8.625000e+07 7.714951e-01 3.476159e-02
8.750000e+07 7.707962e-01 3.426558e-02
8.875000e+07 7.701076e-01 3.378352e-02
9.000000e+07 7.694292e-01 3.331483e-02
9.125000e+07 7.687606e-01 3.285896e-02
9.250000e+07 7.681015e-01 3.241539e-02
9.375000e+07 7.674518e-01 3.198363e-02
9.500000e+07 7.668110e-01 3.156321e-02
9.625000e+07 7.661791e-01 3.115370e-02
9.750000e+07 7.655557e-01 3.075468e-02
9.875000e+07 7.649406e-01 3.036574e-02
1.000000e+08 7.643337e-01 2.998651e-02
1.012500e+08 7.637347e-01 2.961663e-02
1.025000e+08 7.631434e-01 2.925576e-02
1.037500e+08 7.625597e-01 2.890358e-02
1.050000e+08 7.619833e-01 2.855977e-02
1.062500e+08 7.614141e-01 2.822405e-02
1.075000e+08 7.608519e-01 2.789612e-02
1.087500e+08 7.602965e-01 2.757572e-02
1.100000e+08 7.597478e-01 2.726259e-02
1.112500e+08 7.592056e-01 2.695649e-02
1.125000e+08 7.586698e-01 2.665719e-02
1.137500e+08 7.581402e-01 2.636446e-02
1.150000e+08 7.576167e-01 2.607808e-02
1.162500e+08 7.570992e-01 2.579786e-02
1.175000e+08 7.565875e-01 2.552360e-02
1.187500e+08 7.560815e-01 2.525510e-02
1.200000e+08 7.555810e-01 2.499219e-02
1.212500e+08 7.550861e-01 2.473470e-02
1.225000e+08 7.545965e-01 2.448246e-02
1.237500e+08 7.541121e-01 2.423530e-02
1.250000e+08 7.536328e-01 2.399309e-02
1.262500e+08 7.531586e-01 2.375567e-02
1.275000e+08 7.526893e-01 2.352290e-02
1.287500e+08 7.522248e-01 2.329465e-02
1.300000e+08 7.517650e-01 2.307078e-02
1.312500e+08 7.513099e-01 2.285117e-02
1.325000e+08 7.508593e-01 2.263571e-02
1.337500e+08 7.504132e-01 2.242427e-02
1.350000e+08 7.499715e-01 2.221674e-02
1.362500e+08 7.495340e-01 2.201301e-02
1.375000e+08 7.491008e-01 2.181299e-02
1.387500e+08 7.486717e-01 2.161657e-02
1.400000e+08 7.482466e-01 2.142365e-02
1.412500e+08 7.478256e-01 2.123415e-02
1.425000e+08 7.474084e-01 2.104797e-02
1.437500e+08 7.469951e-01 2.086502e-02
1.450000e+08 7.465856e-01 2.068523e-02
1.462500e+08 7.461798e-01 2.050851e-02
1.475000e+08 7.457776e-01 2.033478e-02
1.487500e+08 7.453790e-01 2.016397e-02
1.500000e+08 7.449839e-01 1.999600e-02
1.512500e+08 7.445923e-01 1.983081e-02
1.525000e+08 7.442041e-01 1.966833e-02
1.537500e+08 7.438192e-01 1.950848e-02
1.550000e+08 7.434377e-01 1.935121e-02
1.562500e+08 7.430593e-01 1.919646e-02
1.575000e+08 7.426841e-01 1.904416e-02
1.587500e+08 7.423121e-01 1.889426e-02
1.600000e+08 7.419432e-01 1.874670e-02
1.612500e+08 7.415772e-01 1.860143e-02
1.625000e+08 7.412143e-01 1.845839e-02
1.637500e+08 7.408543e-01 1.831754e-02
1.650000e+08 7.404972e-01 1.817881e-02
1.662500e+08 7.401429e-01 1.804218e-02
1.675000e+08 7.397915e-01 1.790758e-02
1.687500e+08 7.394428e-01 1.777497e-02
1.700000e+08 7.390968e-01 1.764431e-02
1.712500e+08 7.387535e-01 1.751556e-02
1.725000e+08 7.384128e-01 1.738867e-02
1.737500e+08 7.380747e-01 1.726361e-02
1.750000e+08 7.377392e-01 1.714034e-02
1.762500e+08 7.374063e-01 1.701881e-02
1.775000e+08 7.370758e-01 1.689899e-02
1.787500e+08 7.367477e-01 1.678085e-02
1.800000e+08 7.364221e-01 1.666435e-02
1.812500e+08 7.360988e-01 1.654946e-02
1.825000e+08 7.357779e-01 1.643614e-02
1.837500e+08 7.354593e-01 1.632436e-02
1.850000e+08 7.351430e-01 1.621408e-02
1.862500e+08 7.348290e-01 1.610529e-02
1.875000e+08 7.345171e-01 1.599795e-02
1.887500e+08 7.342075e-01 1.589203e-02
1.900000e+08 7.339000e-01 1.578751e-02
1.912500e+08 7.335947e-01 1.568434e-02
1.925000e+08 7.332914e-01 1.558252e-02
1.937500e+08 7.329902e-01 1.548202e-02
1.950000e+08 7.326911e-01 1.538280e-02
1.962500e+08 7.323940e-01 1.528484e-02
1.975000e+08 7.320989e-01 1.518812e-02
1.987500e+08 7.318057e-01 1.509262e-02
2.000000e+08 7.315145e-01 1.499831e-02
2.012500e+08 7.312253e-01 1.490518e-02
2.025000e+08 7.309379e-01 1.481319e-02
2.037500e+08 7.306524e-01 1.472233e-02
2.050000e+08 7.303687e-01 1.463258e-02
2.062500e+08 7.300869e-01 1.454392e-02
2.075000e+08 7.298068e-01 1.445632e-02
2.087500e+08 7.295285e-01 1.436977e-02
2.100000e+08 7.292520e-01 1.428426e-02
2.112500e+08 7.289773e-01 1.419975e-02
2.125000e+08 7.287042e-01 1.411624e-02
2.137500e+08 7.284329e-01 1.403371e-02
2.150000e+08 7.281632e-01 1.395213e-02
2.162500e+08 7.278951e-01 1.387150e-02
2.175000e+08 7.276287e-01 1.379179e-02
2.187500e+08 7.273639e-01 1.371300e-02
2.200000e+08 7.271008e-01 1.363510e-02
2.212500e+08 7.268392e-01 1.355808e-02
2.225000e+08 7.265791e-01 1.348192e-02
2.237500e+08 7.263206e-01 1.340662e-02
2.250000e+08 7.260636e-01 1.333215e-02
2.262500e+08 7.258081e-01 1.325850e-02
2.275000e+08 7.255541e-01 1.318567e-02
2.287500e+08 7.253016e-01 1.311363e-02
2.300000e+08 7.250506e-01 1.304237e-02
2.312500e+08 7.248009e-01 1.297188e-02
2.325000e+08 7.245527e-01 1.290215e-02
2.337500e+08 7.243060e-01 1.283317e-02
2.350000e+08 7.240606e-01 1.276492e-02
2.362500e+08 7.238166e-01 1.269739e-02
2.375000e+08 7.235739e-01 1.263057e-02
2.387500e+08 7.233326e-01 1.256445e-02
2.400000e+08 7.230926e-01 1.249902e-02
2.412500e+08 7.228540e-01 1.243427e-02
2.425000e+08 7.226166e-01 1.237019e-02
2.437500e+08 7.223806e-01 1.230676e-02
2.450000e+08 7.221458e-01 1.224398e-02
2.462500e+08 7.219123e-01 1.218184e-02
2.475000e+08 7.216800e-01 1.212032e-02
2.487500e+08 7.214490e-01 1.205942e-02
2.500000e+08 7.212192e-01 1.199914e-02
2.512500e+08 7.209906e-01 1.193945e-02
2.525000e+08 7.207633e-01 1.188035e-02
2.537500e+08 7.205371e-01 1.182183e-02
2.550000e+08 7.203121e-01 1.176389e-02
2.562500e+08 7.200882e-01 1.170651e-02
2.575000e+08 7.198655e-01 1.164969e-02
2.587500e+08 7.196440e-01 1.159342e-02
2.600000e+08 7.194235e-01 1.153769e-02
2.612500e+08 7.192042e-01 1.148250e-02
2.625000e+08 7.189861e-01 1.142783e-02
2.637500e+08 7.187690e-01 1.137367e-02
2.650000e+08 7.185529e-01 1.132003e-02
2.662500e+08 7.183380e-01 1.126689e-02
2.675000e+08 7.181242e-01 1.121425e-02
2.687500e+08 7.179113e-01 1.116210e-02
2.700000e+08 7.176996e-01 1.111043e-02
2.712500e+08 7.174889e-01 1.105923e-02
2.725000e+08 7.172792e-01 1.100851e-02
2.737500e+08 7.170705e-01 1.095825e-02
2.750000e+08 7.168628e-01 1.090844e-02
2.762500e+08 7.166561e-01 1.085909e-02
2.775000e+08 7.164504e-01 1.081018e-02
2.787500e+08 7.162457e-01 1.076171e-02
2.800000e+08 7.160420e-01 1.071367e-02
2.812500e+08 7.158392e-01 1.066606e-02
2.825000e+08 7.156374e-01 1.061887e-02
2.837500e+08 7.154365e-01 1.057210e-02
2.850000e+08 7.152365e-01 1.052573e-02
2.862500e+08 7.150375e-01 1.047977e-02
2.875000e+08 7.148394e-01 1.043421e-02
2.887500e+08 7.146422e-01 1.038905e-02
2.900000e+08 7.144459e-01 1.034427e-02
2.912500e+08 7.142505e-01 1.029988e-02
2.925000e+08 7.140560e-01 1.025587e-02
2.937500e+08 7.138624e-01 1.021223e-02
2.950000e+08 7.136696e-01 1.016897e-02
2.962500e+08 7.134777e-01 1.012606e-02
2.975000e+08 7.132867e-01 1.008352e-02
2.987500e+08 7.130965e-01 1.004133e-02
3.000000e+08 7.129072e-01 9.999500e-03
3.012500e+08 7.127186e-01 9.958012e-03
3.025000e+08 7.125310e-01 9.916868e-03
3.037500e+08 7.123441e-01 9.876062e-03
3.050000e+08 7.121580e-01 9.835590e-03
3.062500e+08 7.119728e-01 9.795448e-03
3.075000e+08 7.117884e-01 9.755633e-03
3.087500e+08 7.116047e-01 9.716141e-03
3.100000e+08 7.114218e-01 9.676966e-03
3.112500e+08 7.112397e-01 9.638107e-03
3.125000e+08 7.110584e-01 9.599558e-03
3.137500e+08 7.108779e-01 9.561316e-03
3.150000e+08 7.106981e-01 9.523378e-03
3.162500e+08 7.105191e-01 9.485739e-03
3.175000e+08 7.103408e-01 9.448397e-03
3.187500e+08 7.101632e-01 9.411348e-03
3.200000e+08 7.099864e-01 9.374588e-03
3.212500e+08 7.098104e-01 9.338114e-03
3.225000e+08 7.096350e-01 9.301923e-03
3.237500e+08 7.094604e-01 9.266011e-03
3.250000e+08 7.092865e-01 9.230376e-03
3.262500e+08 7.091133e-01 9.195014e-03
3.275000e+08 7.089408e-01 9.159921e-03
3.287500e+08 7.087689e-01 9.125095e-03
3.300000e+08 7.085978e-01 9.090533e-03
3.312500e+08 7.084274e-01 9.056232e-03
3.325000e+08 7.082576e-01 9.022189e-03
3.337500e+08 7.080886e-01 8.988401e-03
3.350000e+08 7.079202e-01 8.954865e-03
3.362500e+08 7.077524e-01 8.921578e-03
3.375000e+08 7.075853e-01 8.888538e-03
3.387500e+08 7.074189e-01 8.855741e-03
3.400000e+08 7.072531e-01 8.823186e-03
3.412500e+08 7.070880e-01 8.790869e-03
3.425000e+08 7.069235e-01 8.758788e-03
3.437500e+08 7.067597e-01 8.726940e-03
3.450000e+08 7.065964e-01 8.695323e-03
3.462500e+08 7.064338e-01 8.663935e-03
3.475000e+08 7.062719e-01 8.632772e-03
3.487500e+08 7.061105e-01 8.601832e-03
3.500000e+08 7.059497e-01 8.571114e-03
3.512500e+08 7.057896e-01 8.540614e-03
3.525000e+08 7.056301e-01 8.510330e-03
3.537500e+08 7.054711e-01 8.480260e-03
3.550000e+08 7.053128e-01 8.450402e-03
3.562500e+08 7.051550e-01 8.420754e-03
3.575000e+08 7.049978e-01 8.391313e-03
3.587500e+08 7.048413e-01 8.362077e-03
3.600000e+08 7.046852e-01 8.333044e-03
3.612500e+08 7.045298e-01 8.304212e-03
3.625000e+08 7.043749e-01 8.275579e-03
3.637500e+08 7.042206e-01 8.247142e-03
3.650000e+08 7.040669e-01 8.218900e-03
3.662500e+08 7.039137e-01 8.190852e-03
3.675000e+08 7.037611e-01 8.162993e-03
3.687500e+08 7.036090e-01 8.135324e-03
3.700000e+08 7.034575e-01 8.107842e-03
3.712500e+08 7.033065e-01 8.080544e-03
3.725000e+08 7.031560e-01 8.053430e-03
3.737500e+08 7.030061e-01 8.026497e-03
3.750000e+08 7.028567e-01 7.999744e-03
3.762500e+08 7.027079e-01 7.973168e-03
3.775000e+08 7.025595e-01 7.946769e-03
3.787500e+08 7.024117e-01 7.920544e-03
3.800000e+08 7.022644e-01 7.894491e-03
3.812500e+08 7.021176e-01 7.868609e-03
3.825000e+08 7.019713e-01 7.842896e-03
3.837500e+08 7.018256e-01 7.817351e-03
3.850000e+08 7.016803e-01 7.791971e-03
3.862500e+08 7.015355e-01 7.766756e-03
3.875000e+08 7.013912e-01 7.741703e-03
3.887500e+08 7.012475e-01 7.716812e-03
3.900000e+08 7.011042e-01 7.692080e-03
3.912500e+08 7.009614e-01 7.667506e-03
3.925000e+08 7.008190e-01 7.643089e-03
3.937500e+08 7.006772e-01 7.618826e-03
3.950000e+08 7.005358e-01 7.594718e-03
3.962500e+08 7.003949e-01 7.570761e-03
3.975000e+08 7.002545e-01 7.546955e-03
3.987500e+08 7.001146e-01 7.523298e-03
4.000000e+08 6.999751e-01 7.499789e-03
4.012500e+08 6.998361e-01 7.476427e-03
4.025000e+08 6.996975e-01 7.453209e-03
4.037500e+08 6.995594e-01 7.430135e-03
4.050000e+08 6.994217e-01 7.407204e-03
4.062500e+08 6.992845e-01 7.384414e-03
4.075000e+08 6.991477e-01 7.361764e-03
4.087500e+08 6.990114e-01 7.339252e-03
4.100000e+08 6.988756e-01 7.316877e-03
4.112500e+08 6.987401e-01 7.294639e-03
4.125000e+08 6.986051e-01 7.272535e-03
4.137500e+08 6.984705e-01 7.250565e-03
4.150000e+08 6.983364e-01 7.228727e-03
4.162500e+08 6.982027e-01 7.207020e-03
4.175000e+08 6.980694e-01 7.185443e-03
4.187500e+08 6.979366e-01 7.163995e-03
4.200000e+08 6.978041e-01 7.142675e-03
4.212500e+08 6.976721e-01 7.121481e-03
4.225000e+08 6.975405e-01 7.100413e-03
4.237500e+08 6.974093e-01 7.079469e-03
4.250000e+08 6.972785e-01 7.058648e-03
4.262500e+08 6.971481e-01 7.037949e-03
4.275000e+08 6.970181e-01 7.017371e-03
4.287500e+08 6.968886e-01 6.996913e-03
4.300000e+08 6.967594e-01 6.976574e-03
4.312500e+08 6.966306e-01 6.956353e-03
4.325000e+08 6.965023e-01 6.936249e-03
4.337500e+08 6.963743e-01 6.916261e-03
4.350000e+08 6.962467e-01 6.896388e-03
4.362500e+08 6.961195e-01 6.876628e-03
4.375000e+08 6.959927e-01 6.856982e-03
4.387500e+08 6.958662e-01 6.837447e-03
4.400000e+08 6.957402e-01 6.818023e-03
4.412500e+08 6.956145e-01 6.798710e-03
4.425000e+08 6.954892e-01 6.779505e-03
4.437500e+08 6.953643e-01 6.760409e-03
4.450000e+08 6.952397e-01 6.741420e-03
4.462500e+08 6.951155e-01 6.722537e-03
4.475000e+08 6.949917e-01 6.703760e-03
4.487500e+08 6.948683e-01 6.685087e-03
4.500000e+08 6.947452e-01 6.666519e-03
4.512500e+08 6.946225e-01 6.648053e-03
4.525000e+08 6.945001e-01 6.629689e-03
4.537500e+08 6.943781e-01 6.611426e-03
4.550000e+08 6.942565e-01 6.593263e-03
4.562500e+08 6.941352e-01 6.575200e-03
4.575000e+08 6.940143e-01 6.557236e-03
4.587500e+08 6.938937e-01 6.539370e-03
4.600000e+08 6.937735e-01 6.521600e-03
4.612500e+08 6.936536e-01 6.503927e-03
4.625000e+08 6.935340e-01 6.486350e-03
4.637500e+08 6.934148e-01 6.468867e-03
4.650000e+08 6.932959e-01 6.451479e-03
4.662500e+08 6.931774e-01 6.434183e-03
4.675000e+08 6.930592e-01 6.416980e-03
4.687500e+08 6.929414e-01 6.399869e-03
4.700000e+08 6.928239e-01 6.382849e-03
4.712500e+08 6.927067e-01 6.365919e-03
4.725000e+08 6.925898e-01 6.349078e-03
4.737500e+08 6.924733e-01 6.332327e-03
4.750000e+08 6.923571e-01 6.315664e-03
4.762500e+08 6.922412e-01 6.299088e-03
4.775000e+08 6.921256e-01 6.282599e-03
4.787500e+08 6.920104e-01 6.266196e-03
4.800000e+08 6.918955e-01 6.249878e-03
4.812500e+08 6.917809e-01 6.233645e-03
4.825000e+08 6.916666e-01 6.217496e-03
4.837500e+08 6.915526e-01 6.201431e-03
4.850000e+08 6.914390e-01 6.185449e-03
4.862500e+08 6.913256e-01 6.169548e-03
4.875000e+08 6.912126e-01 6.153730e-03
4.887500e+08 6.910998e-01 6.137992e-03
4.900000e+08 6.909874e-01 6.122334e-03
4.912500e+08 6.908753e-01 6.106756e-03
4.925000e+08 6.907634e-01 6.091258e-03
4.937500e+08 6.906519e-01 6.075837e-03
4.950000e+08 6.905407e-01 6.060495e-03
4.962500e+08 6.904298e-01 6.045230e-03
4.975000e+08 6.903191e-01 6.030041e-03
4.987500e+08 6.902088e-01 6.014929e-03
5.000000e+08 6.900988e-01 5.999892e-03
