# Models: Redlich-Kwong_CO2(2)
# Names: P_co2(1) Rho_co2(2)
0.000000e+00 0.000000e+00
6.000000e+04 2.475556e-02
1.200000e+05 4.956223e-02
1.800000e+05 7.457490e-02
2.400000e+05 9.974520e-02
3.000000e+05 1.250757e-01
3.600000e+05 1.505689e-01
4.200000e+05 1.762275e-01
4.800000e+05 2.020542e-01
5.400000e+05 2.280519e-01
6.000000e+05 2.542234e-01
6.600000e+05 2.805717e-01
7.200000e+05 3.070999e-01
7.800000e+05 3.338110e-01
8.400000e+05 3.607082e-01
9.000000e+05 3.877950e-01
9.600000e+05 4.150747e-01
1.020000e+06 4.425508e-01
1.080000e+06 4.702270e-01
1.140000e+06 4.981069e-01
1.200000e+06 5.261944e-01
1.260000e+06 5.544936e-01
1.320000e+06 5.830084e-01
1.380000e+06 6.117430e-01
1.440000e+06 6.407020e-01
1.500000e+06 6.698896e-01
1.560000e+06 6.993106e-01
1.620000e+06 7.289699e-01
1.680000e+06 7.588722e-01
1.740000e+06 7.890229e-01
1.800000e+06 8.194271e-01
1.860000e+06 8.500905e-01
1.920000e+06 8.810186e-01
1.980000e+06 9.122175e-01
2.040000e+06 9.436932e-01
2.100000e+06 9.754521e-01
2.160000e+06 1.007501e+00
2.220000e+06 1.039846e+00
2.280000e+06 1.072495e+00
2.340000e+06 1.105455e+00
2.400000e+06 1.138735e+00
2.460000e+06 1.172341e+00
2.520000e+06 1.206282e+00
2.580000e+06 1.240567e+00
2.640000e+06 1.275205e+00
2.700000e+06 1.310206e+00
2.760000e+06 1.345579e+00
2.820000e+06 1.381335e+00
2.880000e+06 1.417485e+00
2.940000e+06 1.454039e+00
3.000000e+06 1.491011e+00
3.060000e+06 1.528411e+00
3.120000e+06 1.566254e+00
3.180000e+06 1.604553e+00
3.240000e+06 1.643323e+00
3.300000e+06 1.682579e+00
3.360000e+06 1.722337e+00
3.420000e+06 1.762613e+00
3.480000e+06 1.803426e+00
3.540000e+06 1.844795e+00
3.600000e+06 1.886740e+00
3.660000e+06 1.929282e+00
3.720000e+06 1.972443e+00
3.780000e+06 2.016248e+00
3.840000e+06 2.060722e+00
3.900000e+06 2.105892e+00
3.960000e+06 2.151789e+00
4.020000e+06 2.198442e+00
4.080000e+06 2.245885e+00
4.140000e+06 2.294154e+00
4.200000e+06 2.343289e+00
4.260000e+06 2.393330e+00
4.320000e+06 2.444323e+00
4.380000e+06 2.496318e+00
4.440000e+06 2.549366e+00
4.500000e+06 2.603527e+00
4.560000e+06 2.658864e+00
4.620000e+06 2.715446e+00
4.680000e+06 2.773352e+00
4.740000e+06 2.832664e+00
4.800000e+06 2.893479e+00
4.860000e+06 2.955900e+00
4.920000e+06 3.020045e+00
4.980000e+06 3.086049e+00
5.040000e+06 3.154059e+00
5.100000e+06 3.224249e+00
5.160000e+06 3.296814e+00
5.220000e+06 3.371983e+00
5.280000e+06 3.450022e+00
5.340000e+06 3.531246e+00
5.400000e+06 3.616031e+00
5.460000e+06 3.704830e+00
5.520000e+06 3.798203e+00
5.580000e+06 3.896852e+00
5.640000e+06 4.001672e+00
5.700000e+06 4.113848e+00
5.760000e+06 4.234987e+00
5.820000e+06 4.367383e+00
5.880000e+06 4.514498e+00
5.940000e+06 4.682022e+00
6.000000e+06 4.880596e+00
6.060000e+06 5.135381e+00
6.120000e+06 5.560138e+00
6.180000e+06 1.713894e+01
6.240000e+06 1.717422e+01
6.300000e+06 1.720899e+01
6.360000e+06 1.724325e+01
6.420000e+06 1.727704e+01
6.480000e+06 1.731037e+01
6.540000e+06 1.734324e+01
6.600000e+06 1.737568e+01
6.660000e+06 1.740770e+01
6.720000e+06 1.743931e+01
6.780000e+06 1.747053e+01
6.840000e+06 1.750137e+01
6.900000e+06 1.753183e+01
6.960000e+06 1.756193e+01
7.020000e+06 1.759168e+01
7.080000e+06 1.762109e+01
7.140000e+06 1.765016e+01
7.200000e+06 1.767892e+01
7.260000e+06 1.770735e+01
7.320000e+06 1.773549e+01
7.380000e+06 1.776332e+01
7.440000e+06 1.779086e+01
7.500000e+06 1.781812e+01
7.560000e+06 1.784511e+01
7.620000e+06 1.787182e+01
7.680000e+06 1.789827e+01
7.740000e+06 1.792446e+01
7.800000e+06 1.795040e+01
7.860000e+06 1.797609e+01
7.920000e+06 1.800154e+01
7.980000e+06 1.802676e+01
8.040000e+06 1.805175e+01
8.100000e+06 1.807651e+01
8.160000e+06 1.810105e+01
8.220000e+06 1.812538e+01
8.280000e+06 1.814950e+01
8.340000e+06 1.817340e+01
8.400000e+06 1.819711e+01
8.460000e+06 1.822062e+01
8.520000e+06 1.824393e+01
8.580000e+06 1.826705e+01
8.640000e+06 1.828999e+01
8.700000e+06 1.831274e+01
8.760000e+06 1.833531e+01
8.820000e+06 1.835770e+01
8.880000e+06 1.837992e+01
8.940000e+06 1.840197e+01
9.000000e+06 1.842385e+01
9.060000e+06 1.844557e+01
9.120000e+06 1.846712e+01
9.180000e+06 1.848852e+01
9.240000e+06 1.850976e+01
9.300000e+06 1.853084e+01
9.360000e+06 1.855178e+01
9.420000e+06 1.857257e+01
9.480000e+06 1.859321e+01
9.540000e+06 1.861371e+01
9.600000e+06 1.863407e+01
9.660000e+06 1.865428e+01
9.720000e+06 1.867437e+01
9.780000e+06 1.869431e+01
9.840000e+06 1.871413e+01
9.900000e+06 1.873381e+01
9.960000e+06 1.875337e+01
1.002000e+07 1.877279e+01
1.008000e+07 1.879210e+01
1.014000e+07 1.881128e+01
1.020000e+07 1.883034e+01
1.026000e+07 1.884928e+01
1.032000e+07 1.886811e+01
1.038000e+07 1.888681e+01
1.044000e+07 1.890541e+01
1.050000e+07 1.892389e+01
1.056000e+07 1.894226e+01
1.062000e+07 1.896052e+01
1.068000e+07 1.897867e+01
1.074000e+07 1.899672e+01
1.080000e+07 1.901466e+01
1.086000e+07 1.903250e+01
1.092000e+07 1.905023e+01
1.098000e+07 1.906787e+01
1.104000e+07 1.908540e+01
1.110000e+07 1.910284e+01
1.116000e+07 1.912018e+01
1.122000e+07 1.913742e+01
1.128000e+07 1.915457e+01
1.134000e+07 1.917163e+01
1.140000e+07 1.918859e+01
1.146000e+07 1.920547e+01
1.152000e+07 1.922225e+01
1.158000e+07 1.923894e+01
1.164000e+07 1.925555e+01
1.170000e+07 1.927207e+01
1.176000e+07 1.928850e+01
1.182000e+07 1.930485e+01
1.188000e+07 1.932112e+01
1.194000e+07 1.933730e+01
1.200000e+07 1.935340e+01
1.206000e+07 1.936942e+01
1.212000e+07 1.938536e+01
1.218000e+07 1.940122e+01
1.224000e+07 1.941700e+01
1.230000e+07 1.943271e+01
1.236000e+07 1.944834e+01
1.242000e+07 1.946389e+01
1.248000e+07 1.947937e+01
1.254000e+07 1.949478e+01
1.260000e+07 1.951011e+01
1.266000e+07 1.952537e+01
1.272000e+07 1.954056e+01
1.278000e+07 1.955567e+01
1.284000e+07 1.957072e+01
1.290000e+07 1.958570e+01
1.296000e+07 1.960061e+01
1.302000e+07 1.961545e+01
1.308000e+07 1.963023e+01
1.314000e+07 1.964494e+01
1.320000e+07 1.965958e+01
1.326000e+07 1.967416e+01
1.332000e+07 1.968867e+01
1.338000e+07 1.970312e+01
1.344000e+07 1.971750e+01
1.350000e+07 1.973183e+01
1.356000e+07 1.974609e+01
1.362000e+07 1.976029e+01
1.368000e+07 1.977443e+01
1.374000e+07 1.978851e+01
1.380000e+07 1.980253e+01
1.386000e+07 1.981649e+01
1.392000e+07 1.983039e+01
1.398000e+07 1.984424e+01
1.404000e+07 1.985802e+01
1.410000e+07 1.987175e+01
1.416000e+07 1.988543e+01
1.422000e+07 1.989905e+01
1.428000e+07 1.991261e+01
1.434000e+07 1.992612e+01
1.440000e+07 1.993957e+01
1.446000e+07 1.995297e+01
1.452000e+07 1.996632e+01
1.458000e+07 1.997961e+01
1.464000e+07 1.999285e+01
1.470000e+07 2.000604e+01
1.476000e+07 2.001918e+01
1.482000e+07 2.003227e+01
1.488000e+07 2.004531e+01
1.494000e+07 2.005829e+01
1.500000e+07 2.007123e+01
1.506000e+07 2.008412e+01
1.512000e+07 2.009696e+01
1.518000e+07 2.010975e+01
1.524000e+07 2.012249e+01
1.530000e+07 2.013518e+01
1.536000e+07 2.014783e+01
1.542000e+07 2.016043e+01
1.548000e+07 2.017299e+01
1.554000e+07 2.018549e+01
1.560000e+07 2.019796e+01
1.566000e+07 2.021037e+01
1.572000e+07 2.022275e+01
1.578000e+07 2.023507e+01
1.584000e+07 2.024736e+01
1.590000e+07 2.025960e+01
1.596000e+07 2.027179e+01
1.602000e+07 2.028395e+01
1.608000e+07 2.029606e+01
1.614000e+07 2.030812e+01
1.620000e+07 2.032015e+01
1.626000e+07 2.033213e+01
1.632000e+07 2.034407e+01
1.638000e+07 2.035598e+01
1.644000e+07 2.036784e+01
1.650000e+07 2.037966e+01
1.656000e+07 2.039143e+01
1.662000e+07 2.040317e+01
1.668000e+07 2.041487e+01
1.674000e+07 2.042653e+01
1.680000e+07 2.043815e+01
1.686000e+07 2.044974e+01
1.692000e+07 2.046128e+01
1.698000e+07 2.047279e+01
1.704000e+07 2.048425e+01
1.710000e+07 2.049568e+01
1.716000e+07 2.050708e+01
1.722000e+07 2.051843e+01
1.728000e+07 2.052975e+01
1.734000e+07 2.054103e+01
1.740000e+07 2.055228e+01
1.746000e+07 2.056349e+01
1.752000e+07 2.057466e+01
1.758000e+07 2.058580e+01
1.764000e+07 2.059690e+01
1.770000e+07 2.060797e+01
1.776000e+07 2.061900e+01
1.782000e+07 2.063000e+01
1.788000e+07 2.064096e+01
1.794000e+07 2.065189e+01
1.800000e+07 2.066279e+01
1.806000e+07 2.067365e+01
1.812000e+07 2.068448e+01
1.818000e+07 2.069528e+01
1.824000e+07 2.070604e+01
1.830000e+07 2.071677e+01
1.836000e+07 2.072747e+01
1.842000e+07 2.073813e+01
1.848000e+07 2.074877e+01
1.854000e+07 2.075937e+01
1.860000e+07 2.076994e+01
1.866000e+07 2.078047e+01
1.872000e+07 2.079098e+01
1.878000e+07 2.080146e+01
1.884000e+07 2.081190e+01
1.890000e+07 2.082232e+01
1.896000e+07 2.083270e+01
1.902000e+07 2.084305e+01
1.908000e+07 2.085338e+01
1.914000e+07 2.086367e+01
1.920000e+07 2.087393e+01
1.926000e+07 2.088417e+01
1.932000e+07 2.089437e+01
1.938000e+07 2.090455e+01
1.944000e+07 2.091470e+01
1.950000e+07 2.092481e+01
1.956000e+07 2.093490e+01
1.962000e+07 2.094496e+01
1.968000e+07 2.095500e+01
1.974000e+07 2.096500e+01
1.980000e+07 2.097498e+01
1.986000e+07 2.098493e+01
1.992000e+07 2.099485e+01
1.998000e+07 2.100474e+01
2.004000e+07 2.101461e+01
2.010000e+07 2.102445e+01
2.016000e+07 2.103426e+01
2.022000e+07 2.104405e+01
2.028000e+07 2.105381e+01
2.034000e+07 2.106354e+01
2.040000e+07 2.107325e+01
2.046000e+07 2.108293e+01
2.052000e+07 2.109258e+01
2.058000e+07 2.110221e+01
2.064000e+07 2.111182e+01
2.070000e+07 2.112139e+01
2.076000e+07 2.113095e+01
2.082000e+07 2.114047e+01
2.088000e+07 2.114998e+01
2.094000e+07 2.115945e+01
2.100000e+07 2.116890e+01
2.106000e+07 2.117833e+01
2.112000e+07 2.118774e+01
2.118000e+07 2.119711e+01
2.124000e+07 2.120647e+01
2.130000e+07 2.121580e+01
2.136000e+07 2.122510e+01
2.142000e+07 2.123439e+01
2.148000e+07 2.124365e+01
2.154000e+07 2.125288e+01
2.160000e+07 2.126209e+01
2.166000e+07 2.127128e+01
2.172000e+07 2.128045e+01
2.178000e+07 2.128959e+01
2.184000e+07 2.129871e+01
2.190000e+07 2.130780e+01
2.196000e+07 2.131688e+01
2.202000e+07 2.132593e+01
2.208000e+07 2.133496e+01
2.214000e+07 2.134396e+01
2.220000e+07 2.135295e+01
2.226000e+07 2.136191e+01
2.232000e+07 2.137085e+01
2.238000e+07 2.137977e+01
2.244000e+07 2.138866e+01
2.250000e+07 2.139754e+01
2.256000e+07 2.140639e+01
2.262000e+07 2.141522e+01
2.268000e+07 2.142403e+01
2.274000e+07 2.143282e+01
2.280000e+07 2.144159e+01
2.286000e+07 2.145034e+01
2.292000e+07 2.145906e+01
2.298000e+07 2.146777e+01
2.304000e+07 2.147646e+01
2.310000e+07 2.148512e+01
2.316000e+07 2.149376e+01
2.322000e+07 2.150239e+01
2.328000e+07 2.151099e+01
2.334000e+07 2.151957e+01
2.340000e+07 2.152814e+01
2.346000e+07 2.153668e+01
2.352000e+07 2.154520e+01
2.358000e+07 2.155371e+01
2.364000e+07 2.156219e+01
2.370000e+07 2.157066e+01
2.376000e+07 2.157910e+01
2.382000e+07 2.158753e+01
2.388000e+07 2.159593e+01
2.394000e+07 2.160432e+01
2.400000e+07 2.161269e+01
2.406000e+07 2.162104e+01
2.412000e+07 2.162937e+01
2.418000e+07 2.163768e+01
2.424000e+07 2.164597e+01
2.430000e+07 2.165425e+01
2.436000e+07 2.166250e+01
2.442000e+07 2.167074e+01
2.448000e+07 2.167896e+01
2.454000e+07 2.168716e+01
2.460000e+07 2.169534e+01
2.466000e+07 2.170351e+01
2.472000e+07 2.171165e+01
2.478000e+07 2.171978e+01
2.484000e+07 2.172789e+01
2.490000e+07 2.173599e+01
2.496000e+07 2.174406e+01
2.502000e+07 2.175212e+01
2.508000e+07 2.176016e+01
2.514000e+07 2.176818e+01
2.520000e+07 2.177619e+01
2.526000e+07 2.178417e+01
2.532000e+07 2.179215e+01
2.538000e+07 2.180010e+01
2.544000e+07 2.180804e+01
2.550000e+07 2.181596e+01
2.556000e+07 2.182386e+01
2.562000e+07 2.183175e+01
2.568000e+07 2.183962e+01
2.574000e+07 2.184747e+01
2.580000e+07 2.185530e+01
2.586000e+07 2.186312e+01
2.592000e+07 2.187093e+01
2.598000e+07 2.187871e+01
2.604000e+07 2.188649e+01
2.610000e+07 2.189424e+01
2.616000e+07 2.190198e+01
2.622000e+07 2.190970e+01
2.628000e+07 2.191741e+01
2.634000e+07 2.192510e+01
2.640000e+07 2.193277e+01
2.646000e+07 2.194043e+01
2.652000e+07 2.194807e+01
2.658000e+07 2.195570e+01
2.664000e+07 2.196331e+01
2.670000e+07 2.197091e+01
2.676000e+07 2.197849e+01
2.682000e+07 2.198606e+01
2.688000e+07 2.199361e+01
2.694000e+07 2.200114e+01
2.700000e+07 2.200866e+01
2.706000e+07 2.201617e+01
2.712000e+07 2.202366e+01
2.718000e+07 2.203113e+01
2.724000e+07 2.203859e+01
2.730000e+07 2.204603e+01
2.736000e+07 2.205346e+01
2.742000e+07 2.206088e+01
2.748000e+07 2.206828e+01
2.754000e+07 2.207567e+01
2.760000e+07 2.208304e+01
2.766000e+07 2.209040e+01
2.772000e+07 2.209774e+01
2.778000e+07 2.210507e+01
2.784000e+07 2.211238e+01
2.790000e+07 2.211968e+01
2.796000e+07 2.212696e+01
2.802000e+07 2.213424e+01
2.808000e+07 2.214149e+01
2.814000e+07 2.214874e+01
2.820000e+07 2.215597e+01
2.826000e+07 2.216318e+01
2.832000e+07 2.217038e+01
2.838000e+07 2.217757e+01
2.844000e+07 2.218474e+01
2.850000e+07 2.219190e+01
2.856000e+07 2.219905e+01
2.862000e+07 2.220618e+01
2.868000e+07 2.221330e+01
2.874000e+07 2.222041e+01
2.880000e+07 2.222750e+01
2.886000e+07 2.223458e+01
2.892000e+07 2.224165e+01
2.898000e+07 2.224870e+01
2.904000e+07 2.225574e+01
2.910000e+07 2.226277e+01
2.916000e+07 2.226978e+01
2.922000e+07 2.227678e+01
2.928000e+07 2.228377e+01
2.934000e+07 2.229074e+01
2.940000e+07 2.229770e+01
2.946000e+07 2.230465e+01
2.952000e+07 2.231158e+01
2.958000e+07 2.231851e+01
2.964000e+07 2.232542e+01
2.970000e+07 2.233232e+01
2.976000e+07 2.233920e+01
2.982000e+07 2.234607e+01
2.988000e+07 2.235293e+01
2.994000e+07 2.235978e+01
3.000000e+07 2.236661e+01
3.006000e+07 2.237344e+01
3.012000e+07 2.238025e+01
3.018000e+07 2.238705e+01
3.024000e+07 2.239383e+01
3.030000e+07 2.240060e+01
3.036000e+07 2.240737e+01
3.042000e+07 2.241412e+01
3.048000e+07 2.242085e+01
3.054000e+07 2.242758e+01
3.060000e+07 2.243429e+01
3.066000e+07 2.244099e+01
3.072000e+07 2.244768e+01
3.078000e+07 2.245436e+01
3.084000e+07 2.246103e+01
3.090000e+07 2.246768e+01
3.096000e+07 2.247432e+01
3.102000e+07 2.248095e+01
3.108000e+07 2.248757e+01
3.114000e+07 2.249418e+01
3.120000e+07 2.250078e+01
3.126000e+07 2.250736e+01
3.132000e+07 2.251393e+01
3.138000e+07 2.252050e+01
3.144000e+07 2.252705e+01
3.150000e+07 2.253359e+01
3.156000e+07 2.254011e+01
3.162000e+07 2.254663e+01
3.168000e+07 2.255314e+01
3.174000e+07 2.255963e+01
3.180000e+07 2.256611e+01
3.186000e+07 2.257259e+01
3.192000e+07 2.257905e+01
3.198000e+07 2.258550e+01
3.204000e+07 2.259194e+01
3.210000e+07 2.259836e+01
3.216000e+07 2.260478e+01
3.222000e+07 2.261119e+01
3.228000e+07 2.261758e+01
3.234000e+07 2.262397e+01
3.240000e+07 2.263034e+01
3.246000e+07 2.263671e+01
3.252000e+07 2.264306e+01
3.258000e+07 2.264940e+01
3.264000e+07 2.265573e+01
3.270000e+07 2.266205e+01
3.276000e+07 2.266836e+01
3.282000e+07 2.267466e+01
3.288000e+07 2.268095e+01
3.294000e+07 2.268723e+01
3.300000e+07 2.269350e+01
3.306000e+07 2.269976e+01
3.312000e+07 2.270601e+01
3.318000e+07 2.271225e+01
3.324000e+07 2.271847e+01
3.330000e+07 2.272469e+01
3.336000e+07 2.273090e+01
3.342000e+07 2.273710e+01
3.348000e+07 2.274328e+01
3.354000e+07 2.274946e+01
3.360000e+07 2.275563e+01
3.366000e+07 2.276178e+01
3.372000e+07 2.276793e+01
3.378000e+07 2.277407e+01
3.384000e+07 2.278020e+01
3.390000e+07 2.278631e+01
3.396000e+07 2.279242e+01
3.402000e+07 2.279852e+01
3.408000e+07 2.280461e+01
3.414000e+07 2.281069e+01
3.420000e+07 2.281675e+01
3.426000e+07 2.282281e+01
3.432000e+07 2.282886e+01
3.438000e+07 2.283490e+01
3.444000e+07 2.284093e+01
3.450000e+07 2.284695e+01
3.456000e+07 2.285296e+01
3.462000e+07 2.285897e+01
3.468000e+07 2.286496e+01
3.474000e+07 2.287094e+01
3.480000e+07 2.287691e+01
3.486000e+07 2.288288e+01
3.492000e+07 2.288883e+01
3.498000e+07 2.289478e+01
3.504000e+07 2.290071e+01
3.510000e+07 2.290664e+01
3.516000e+07 2.291256e+01
3.522000e+07 2.291847e+01
3.528000e+07 2.292437e+01
3.534000e+07 2.293026e+01
3.540000e+07 2.293614e+01
3.546000e+07 2.294201e+01
3.552000e+07 2.294787e+01
3.558000e+07 2.295373e+01
3.564000e+07 2.295957e+01
3.570000e+07 2.296541e+01
3.576000e+07 2.297124e+01
3.582000e+07 2.297706e+01
3.588000e+07 2.298287e+01
3.594000e+07 2.298867e+01
3.600000e+07 2.299446e+01
3.606000e+07 2.300024e+01
3.612000e+07 2.300602e+01
3.618000e+07 2.301178e+01
3.624000e+07 2.301754e+01
3.630000e+07 2.302329e+01
3.636000e+07 2.302903e+01
3.642000e+07 2.303476e+01
3.648000e+07 2.304048e+01
3.654000e+07 2.304619e+01
3.660000e+07 2.305190e+01
3.666000e+07 2.305760e+01
3.672000e+07 2.306328e+01
3.678000e+07 2.306896e+01
3.684000e+07 2.307464e+01
3.690000e+07 2.308030e+01
3.696000e+07 2.308595e+01
3.702000e+07 2.309160e+01
3.708000e+07 2.309724e+01
3.714000e+07 2.310287e+01
3.720000e+07 2.310849e+01
3.726000e+07 2.311410e+01
3.732000e+07 2.311971e+01
3.738000e+07 2.312530e+01
3.744000e+07 2.313089e+01
3.750000e+07 2.313647e+01
3.756000e+07 2.314204e+01
3.762000e+07 2.314761e+01
3.768000e+07 2.315316e+01
3.774000e+07 2.315871e+01
3.780000e+07 2.316425e+01
3.786000e+07 2.316978e+01
3.792000e+07 2.317531e+01
3.798000e+07 2.318082e+01
3.804000e+07 2.318633e+01
3.810000e+07 2.319183e+01
3.816000e+07 2.319732e+01
3.822000e+07 2.320281e+01
3.828000e+07 2.320829e+01
3.834000e+07 2.321375e+01
3.840000e+07 2.321921e+01
3.846000e+07 2.322467e+01
3.852000e+07 2.323011e+01
3.858000e+07 2.323555e+01
3.864000e+07 2.324098e+01
3.870000e+07 2.324640e+01
3.876000e+07 2.325182e+01
3.882000e+07 2.325722e+01
3.888000e+07 2.326262e+01
3.894000e+07 2.326801e+01
3.900000e+07 2.327340e+01
3.906000e+07 2.327877e+01
3.912000e+07 2.328414e+01
3.918000e+07 2.328950e+01
3.924000e+07 2.329486e+01
3.930000e+07 2.330020e+01
3.936000e+07 2.330554e+01
3.942000e+07 2.331088e+01
3.948000e+07 2.331620e+01
3.954000e+07 2.332152e+01
3.960000e+07 2.332683e+01
3.966000e+07 2.333213e+01
3.972000e+07 2.333742e+01
3.978000e+07 2.334271e+01
3.984000e+07 2.334799e+01
3.990000e+07 2.335326e+01
3.996000e+07 2.335853e+01
4.002000e+07 2.336379e+01
4.008000e+07 2.336904e+01
4.014000e+07 2.337428e+01
4.020000e+07 2.337952e+01
4.026000e+07 2.338475e+01
4.032000e+07 2.338997e+01
4.038000e+07 2.339518e+01
4.044000e+07 2.340039e+01
4.050000e+07 2.340559e+01
4.056000e+07 2.341079e+01
4.062000e+07 2.341597e+01
4.068000e+07 2.342115e+01
4.074000e+07 2.342633e+01
4.080000e+07 2.343149e+01
4.086000e+07 2.343665e+01
4.092000e+07 2.344181e+01
4.098000e+07 2.344695e+01
4.104000e+07 2.345209e+01
4.110000e+07 2.345722e+01
4.116000e+07 2.346235e+01
4.122000e+07 2.346746e+01
4.128000e+07 2.347257e+01
4.134000e+07 2.347768e+01
4.140000e+07 2.348278e+01
4.146000e+07 2.348787e+01
4.152000e+07 2.349295e+01
4.158000e+07 2.349803e+01
4.164000e+07 2.350310e+01
4.170000e+07 2.350816e+01
4.176000e+07 2.351322e+01
4.182000e+07 2.351827e+01
4.188000e+07 2.352331e+01
4.194000e+07 2.352835e+01
4.200000e+07 2.353338e+01
4.206000e+07 2.353840e+01
4.212000e+07 2.354342e+01
4.218000e+07 2.354843e+01
4.224000e+07 2.355344e+01
4.230000e+07 2.355843e+01
4.236000e+07 2.356342e+01
4.242000e+07 2.356841e+01
4.248000e+07 2.357339e+01
4.254000e+07 2.357836e+01
4.260000e+07 2.358332e+01
4.266000e+07 2.358828e+01
4.272000e+07 2.359324e+01
4.278000e+07 2.359818e+01
4.284000e+07 2.360312e+01
4.290000e+07 2.360806e+01
4.296000e+07 2.361298e+01
4.302000e+07 2.361790e+01
4.308000e+07 2.362282e+01
4.314000e+07 2.362773e+01
4.320000e+07 2.363263e+01
4.326000e+07 2.363752e+01
4.332000e+07 2.364241e+01
4.338000e+07 2.364730e+01
4.344000e+07 2.365217e+01
4.350000e+07 2.365704e+01
4.356000e+07 2.366191e+01
4.362000e+07 2.366677e+01
4.368000e+07 2.367162e+01
4.374000e+07 2.367646e+01
4.380000e+07 2.368130e+01
4.386000e+07 2.368614e+01
4.392000e+07 2.369097e+01
4.398000e+07 2.369579e+01
4.404000e+07 2.370060e+01
4.410000e+07 2.370541e+01
4.416000e+07 2.371022e+01
4.422000e+07 2.371501e+01
4.428000e+07 2.371981e+01
4.434000e+07 2.372459e+01
4.440000e+07 2.372937e+01
4.446000e+07 2.373415e+01
4.452000e+07 2.373891e+01
4.458000e+07 2.374368e+01
4.464000e+07 2.374843e+01
4.470000e+07 2.375318e+01
4.476000e+07 2.375793e+01
4.482000e+07 2.376266e+01
4.488000e+07 2.376740e+01
4.494000e+07 2.377212e+01
4.500000e+07 2.377684e+01
4.506000e+07 2.378156e+01
4.512000e+07 2.378627e+01
4.518000e+07 2.379097e+01
4.524000e+07 2.379567e+01
4.530000e+07 2.380036e+01
4.536000e+07 2.380505e+01
4.542000e+07 2.380973e+01
4.548000e+07 2.381440e+01
4.554000e+07 2.381907e+01
4.560000e+07 2.382374e+01
4.566000e+07 2.382839e+01
4.572000e+07 2.383305e+01
4.578000e+07 2.383769e+01
4.584000e+07 2.384233e+01
4.590000e+07 2.384697e+01
4.596000e+07 2.385160e+01
4.602000e+07 2.385622e+01
4.608000e+07 2.386084e+01
4.614000e+07 2.386545e+01
4.620000e+07 2.387006e+01
4.626000e+07 2.387466e+01
4.632000e+07 2.387926e+01
4.638000e+07 2.388385e+01
4.644000e+07 2.388844e+01
4.650000e+07 2.389302e+01
4.656000e+07 2.389759e+01
4.662000e+07 2.390216e+01
4.668000e+07 2.390672e+01
4.674000e+07 2.391128e+01
4.680000e+07 2.391583e+01
4.686000e+07 2.392038e+01
4.692000e+07 2.392492e+01
4.698000e+07 2.392946e+01
4.704000e+07 2.393399e+01
4.710000e+07 2.393852e+01
4.716000e+07 2.394304e+01
4.722000e+07 2.394755e+01
4.728000e+07 2.395206e+01
4.734000e+07 2.395657e+01
4.740000e+07 2.396107e+01
4.746000e+07 2.396556e+01
4.752000e+07 2.397005e+01
4.758000e+07 2.397453e+01
4.764000e+07 2.397901e+01
4.770000e+07 2.398348e+01
4.776000e+07 2.398795e+01
4.782000e+07 2.399242e+01
4.788000e+07 2.399687e+01
4.794000e+07 2.400133e+01
4.800000e+07 2.400577e+01
4.806000e+07 2.401021e+01
4.812000e+07 2.401465e+01
4.818000e+07 2.401908e+01
4.824000e+07 2.402351e+01
4.830000e+07 2.402793e+01
4.836000e+07 2.403235e+01
4.842000e+07 2.403676e+01
4.848000e+07 2.404117e+01
4.854000e+07 2.404557e+01
4.860000e+07 2.404996e+01
4.866000e+07 2.405435e+01
4.872000e+07 2.405874e+01
4.878000e+07 2.406312e+01
4.884000e+07 2.406750e+01
4.890000e+07 2.407187e+01
4.896000e+07 2.407623e+01
4.902000e+07 2.408060e+01
4.908000e+07 2.408495e+01
4.914000e+07 2.408930e+01
4.920000e+07 2.409365e+01
4.926000e+07 2.409799e+01
4.932000e+07 2.410233e+01
4.938000e+07 2.410666e+01
4.944000e+07 2.411099e+01
4.950000e+07 2.411531e+01
4.956000e+07 2.411962e+01
4.962000e+07 2.412394e+01
4.968000e+07 2.412824e+01
4.974000e+07 2.413255e+01
4.980000e+07 2.413684e+01
4.986000e+07 2.414114e+01
4.992000e+07 2.414542e+01
4.998000e+07 2.414971e+01
5.004000e+07 2.415399e+01
5.010000e+07 2.415826e+01
5.016000e+07 2.416253e+01
5.022000e+07 2.416679e+01
5.028000e+07 2.417105e+01
5.034000e+07 2.417531e+01
5.040000e+07 2.417956e+01
5.046000e+07 2.418380e+01
5.052000e+07 2.418804e+01
5.058000e+07 2.419228e+01
5.064000e+07 2.419651e+01
5.070000e+07 2.420074e+01
5.076000e+07 2.420496e+01
5.082000e+07 2.420918e+01
5.088000e+07 2.421339e+01
5.094000e+07 2.421760e+01
5.100000e+07 2.422180e+01
5.106000e+07 2.422600e+01
5.112000e+07 2.423019e+01
5.118000e+07 2.423438e+01
5.124000e+07 2.423857e+01
5.130000e+07 2.424275e+01
5.136000e+07 2.424692e+01
5.142000e+07 2.425109e+01
5.148000e+07 2.425526e+01
5.154000e+07 2.425942e+01
5.160000e+07 2.426358e+01
5.166000e+07 2.426773e+01
5.172000e+07 2.427188e+01
5.178000e+07 2.427603e+01
5.184000e+07 2.428017e+01
5.190000e+07 2.428430e+01
5.196000e+07 2.428843e+01
5.202000e+07 2.429256e+01
5.208000e+07 2.429668e+01
5.214000e+07 2.430080e+01
5.220000e+07 2.430491e+01
5.226000e+07 2.430902e+01
5.232000e+07 2.431312e+01
5.238000e+07 2.431722e+01
5.244000e+07 2.432132e+01
5.250000e+07 2.432541e+01
5.256000e+07 2.432950e+01
5.262000e+07 2.433358e+01
5.268000e+07 2.433766e+01
5.274000e+07 2.434173e+01
5.280000e+07 2.434580e+01
5.286000e+07 2.434986e+01
5.292000e+07 2.435393e+01
5.298000e+07 2.435798e+01
5.304000e+07 2.436203e+01
5.310000e+07 2.436608e+01
5.316000e+07 2.437013e+01
5.322000e+07 2.437416e+01
5.328000e+07 2.437820e+01
5.334000e+07 2.438223e+01
5.340000e+07 2.438626e+01
5.346000e+07 2.439028e+01
5.352000e+07 2.439430e+01
5.358000e+07 2.439831e+01
5.364000e+07 2.440232e+01
5.370000e+07 2.440633e+01
5.376000e+07 2.441033e+01
5.382000e+07 2.441432e+01
5.388000e+07 2.441832e+01
5.394000e+07 2.442230e+01
5.400000e+07 2.442629e+01
5.406000e+07 2.443027e+01
5.412000e+07 2.443425e+01
5.418000e+07 2.443822e+01
5.424000e+07 2.444219e+01
5.430000e+07 2.444615e+01
5.436000e+07 2.445011e+01
5.442000e+07 2.445407e+01
5.448000e+07 2.445802e+01
5.454000e+07 2.446196e+01
5.460000e+07 2.446591e+01
5.466000e+07 2.446985e+01
5.472000e+07 2.447378e+01
5.478000e+07 2.447771e+01
5.484000e+07 2.448164e+01
5.490000e+07 2.448556e+01
5.496000e+07 2.448948e+01
5.502000e+07 2.449340e+01
5.508000e+07 2.449731e+01
5.514000e+07 2.450122e+01
5.520000e+07 2.450512e+01
5.526000e+07 2.450902e+01
5.532000e+07 2.451291e+01
5.538000e+07 2.451680e+01
5.544000e+07 2.452069e+01
5.550000e+07 2.452458e+01
5.556000e+07 2.452845e+01
5.562000e+07 2.453233e+01
5.568000e+07 2.453620e+01
5.574000e+07 2.454007e+01
5.580000e+07 2.454393e+01
5.586000e+07 2.454779e+01
5.592000e+07 2.455165e+01
5.598000e+07 2.455550e+01
5.604000e+07 2.455935e+01
5.610000e+07 2.456319e+01
5.616000e+07 2.456703e+01
5.622000e+07 2.457087e+01
5.628000e+07 2.457470e+01
5.634000e+07 2.457853e+01
5.640000e+07 2.458235e+01
5.646000e+07 2.458618e+01
5.652000e+07 2.458999e+01
5.658000e+07 2.459381e+01
5.664000e+07 2.459762e+01
5.670000e+07 2.460142e+01
5.676000e+07 2.460522e+01
5.682000e+07 2.460902e+01
5.688000e+07 2.461282e+01
5.694000e+07 2.461661e+01
5.700000e+07 2.462039e+01
5.706000e+07 2.462418e+01
5.712000e+07 2.462796e+01
5.718000e+07 2.463173e+01
5.724000e+07 2.463550e+01
5.730000e+07 2.463927e+01
5.736000e+07 2.464304e+01
5.742000e+07 2.464680e+01
5.748000e+07 2.465056e+01
5.754000e+07 2.465431e+01
5.760000e+07 2.465806e+01
5.766000e+07 2.466180e+01
5.772000e+07 2.466555e+01
5.778000e+07 2.466929e+01
5.784000e+07 2.467302e+01
5.790000e+07 2.467675e+01
5.796000e+07 2.468048e+01
5.802000e+07 2.468420e+01
5.808000e+07 2.468792e+01
5.814000e+07 2.469164e+01
5.820000e+07 2.469535e+01
5.826000e+07 2.469906e+01
5.832000e+07 2.470277e+01
5.838000e+07 2.470647e+01
5.844000e+07 2.471017e+01
5.850000e+07 2.471387e+01
5.856000e+07 2.471756e+01
5.862000e+07 2.472125e+01
5.868000e+07 2.472493e+01
5.874000e+07 2.472861e+01
5.880000e+07 2.473229e+01
5.886000e+07 2.473596e+01
5.892000e+07 2.473963e+01
5.898000e+07 2.474330e+01
5.904000e+07 2.474696e+01
5.910000e+07 2.475062e+01
5.916000e+07 2.475428e+01
5.922000e+07 2.475793e+01
5.928000e+07 2.476158e+01
5.934000e+07 2.476522e+01
5.940000e+07 2.476887e+01
5.946000e+07 2.477251e+01
5.952000e+07 2.477614e+01
5.958000e+07 2.477977e+01
5.964000e+07 2.478340e+01
5.970000e+07 2.478703e+01
5.976000e+07 2.479065e+01
5.982000e+07 2.479426e+01
5.988000e+07 2.479788e+01
5.994000e+07 2.480149e+01
6.000000e+07 2.480510e+01
