# Models: Fenghour_CO2(2)
# Names: P_co2(1) Mu_co2(2)
0.000000e+00 1.468167e-05
6.000000e+04 1.468167e-05
1.200000e+05 1.468326e-05
1.800000e+05 1.468817e-05
2.400000e+05 1.469329e-05
3.000000e+05 1.469862e-05
3.600000e+05 1.470417e-05
4.200000e+05 1.470993e-05
4.800000e+05 1.471592e-05
5.400000e+05 1.472214e-05
6.000000e+05 1.472858e-05
6.600000e+05 1.473527e-05
7.200000e+05 1.474219e-05
7.800000e+05 1.474936e-05
8.400000e+05 1.475678e-05
9.000000e+05 1.476446e-05
9.600000e+05 1.477240e-05
1.020000e+06 1.478060e-05
1.080000e+06 1.478908e-05
1.140000e+06 1.479784e-05
1.200000e+06 1.480688e-05
1.260000e+06 1.481621e-05
1.320000e+06 1.482584e-05
1.380000e+06 1.483577e-05
1.440000e+06 1.484601e-05
1.500000e+06 1.485657e-05
1.560000e+06 1.486745e-05
1.620000e+06 1.487867e-05
1.680000e+06 1.489023e-05
1.740000e+06 1.490213e-05
1.800000e+06 1.491439e-05
1.860000e+06 1.492702e-05
1.920000e+06 1.494002e-05
1.980000e+06 1.495341e-05
2.040000e+06 1.496718e-05
2.100000e+06 1.498137e-05
2.160000e+06 1.499596e-05
2.220000e+06 1.501099e-05
2.280000e+06 1.502644e-05
2.340000e+06 1.504235e-05
2.400000e+06 1.505872e-05
2.460000e+06 1.507556e-05
2.520000e+06 1.509289e-05
2.580000e+06 1.511073e-05
2.640000e+06 1.512908e-05
2.700000e+06 1.514796e-05
2.760000e+06 1.516738e-05
2.820000e+06 1.518738e-05
2.880000e+06 1.520795e-05
2.940000e+06 1.522913e-05
3.000000e+06 1.525092e-05
3.060000e+06 1.527336e-05
3.120000e+06 1.529646e-05
3.180000e+06 1.532024e-05
3.240000e+06 1.534473e-05
3.300000e+06 1.536996e-05
3.360000e+06 1.539595e-05
3.420000e+06 1.542272e-05
3.480000e+06 1.545032e-05
3.540000e+06 1.547876e-05
3.600000e+06 1.550808e-05
3.660000e+06 1.553833e-05
3.720000e+06 1.556953e-05
3.780000e+06 1.560172e-05
3.840000e+06 1.563496e-05
3.900000e+06 1.566928e-05
3.960000e+06 1.570473e-05
4.020000e+06 1.574137e-05
4.080000e+06 1.577926e-05
4.140000e+06 1.581844e-05
4.200000e+06 1.585900e-05
4.260000e+06 1.590100e-05
4.320000e+06 1.594451e-05
4.380000e+06 1.598963e-05
4.440000e+06 1.603643e-05
4.500000e+06 1.608503e-05
4.560000e+06 1.613553e-05
4.620000e+06 1.618805e-05
4.680000e+06 1.624272e-05
4.740000e+06 1.629968e-05
4.800000e+06 1.635911e-05
4.860000e+06 1.642118e-05
4.920000e+06 1.648610e-05
4.980000e+06 1.655410e-05
5.040000e+06 1.662544e-05
5.100000e+06 1.670042e-05
5.160000e+06 1.677937e-05
5.220000e+06 1.686272e-05
5.280000e+06 1.695091e-05
5.340000e+06 1.704451e-05
5.400000e+06 1.714418e-05
5.460000e+06 1.725071e-05
5.520000e+06 1.736512e-05
5.580000e+06 1.748863e-05
5.640000e+06 1.762285e-05
5.700000e+06 1.776989e-05
5.760000e+06 1.793264e-05
5.820000e+06 1.811520e-05
5.880000e+06 1.832382e-05
5.940000e+06 1.856876e-05
6.000000e+06 1.886930e-05
6.060000e+06 1.927113e-05
6.120000e+06 1.998163e-05
6.180000e+06 6.312117e-05
6.240000e+06 6.335822e-05
6.300000e+06 6.359288e-05
6.360000e+06 6.382525e-05
6.420000e+06 6.405538e-05
6.480000e+06 6.428337e-05
6.540000e+06 6.450927e-05
6.600000e+06 6.473316e-05
6.660000e+06 6.495510e-05
6.720000e+06 6.517515e-05
6.780000e+06 6.539336e-05
6.840000e+06 6.560979e-05
6.900000e+06 6.582449e-05
6.960000e+06 6.603752e-05
7.020000e+06 6.624891e-05
7.080000e+06 6.645871e-05
7.140000e+06 6.666697e-05
7.200000e+06 6.687372e-05
7.260000e+06 6.707901e-05
7.320000e+06 6.728288e-05
7.380000e+06 6.748535e-05
7.440000e+06 6.768646e-05
7.500000e+06 6.788626e-05
7.560000e+06 6.808476e-05
7.620000e+06 6.828200e-05
7.680000e+06 6.847801e-05
7.740000e+06 6.867282e-05
7.800000e+06 6.886646e-05
7.860000e+06 6.905894e-05
7.920000e+06 6.925031e-05
7.980000e+06 6.944057e-05
8.040000e+06 6.962976e-05
8.100000e+06 6.981790e-05
8.160000e+06 7.000501e-05
8.220000e+06 7.019112e-05
8.280000e+06 7.037623e-05
8.340000e+06 7.056038e-05
8.400000e+06 7.074357e-05
8.460000e+06 7.092584e-05
8.520000e+06 7.110720e-05
8.580000e+06 7.128766e-05
8.640000e+06 7.146725e-05
8.700000e+06 7.164597e-05
8.760000e+06 7.182385e-05
8.820000e+06 7.200090e-05
8.880000e+06 7.217714e-05
8.940000e+06 7.235258e-05
9.000000e+06 7.252723e-05
9.060000e+06 7.270111e-05
9.120000e+06 7.287424e-05
9.180000e+06 7.304662e-05
9.240000e+06 7.321827e-05
9.300000e+06 7.338919e-05
9.360000e+06 7.355941e-05
9.420000e+06 7.372893e-05
9.480000e+06 7.389777e-05
9.540000e+06 7.406594e-05
9.600000e+06 7.423344e-05
9.660000e+06 7.440029e-05
9.720000e+06 7.456649e-05
9.780000e+06 7.473207e-05
9.840000e+06 7.489702e-05
9.900000e+06 7.506136e-05
9.960000e+06 7.522510e-05
1.002000e+07 7.538824e-05
1.008000e+07 7.555079e-05
1.014000e+07 7.571277e-05
1.020000e+07 7.587418e-05
1.026000e+07 7.603503e-05
1.032000e+07 7.619532e-05
1.038000e+07 7.635507e-05
1.044000e+07 7.651428e-05
1.050000e+07 7.667297e-05
1.056000e+07 7.683113e-05
1.062000e+07 7.698878e-05
1.068000e+07 7.714592e-05
1.074000e+07 7.730255e-05
1.080000e+07 7.745870e-05
1.086000e+07 7.761435e-05
1.092000e+07 7.776952e-05
1.098000e+07 7.792422e-05
1.104000e+07 7.807845e-05
1.110000e+07 7.823222e-05
1.116000e+07 7.838552e-05
1.122000e+07 7.853838e-05
1.128000e+07 7.869079e-05
1.134000e+07 7.884276e-05
1.140000e+07 7.899430e-05
1.146000e+07 7.914540e-05
1.152000e+07 7.929609e-05
1.158000e+07 7.944635e-05
1.164000e+07 7.959620e-05
1.170000e+07 7.974564e-05
1.176000e+07 7.989467e-05
1.182000e+07 8.004331e-05
1.188000e+07 8.019155e-05
1.194000e+07 8.033940e-05
1.200000e+07 8.048687e-05
1.206000e+07 8.063395e-05
1.212000e+07 8.078066e-05
1.218000e+07 8.092699e-05
1.224000e+07 8.107295e-05
1.230000e+07 8.121855e-05
1.236000e+07 8.136379e-05
1.242000e+07 8.150868e-05
1.248000e+07 8.165321e-05
1.254000e+07 8.179739e-05
1.260000e+07 8.194122e-05
1.266000e+07 8.208472e-05
1.272000e+07 8.222787e-05
1.278000e+07 8.237069e-05
1.284000e+07 8.251318e-05
1.290000e+07 8.265535e-05
1.296000e+07 8.279718e-05
1.302000e+07 8.293870e-05
1.308000e+07 8.307990e-05
1.314000e+07 8.322079e-05
1.320000e+07 8.336136e-05
1.326000e+07 8.350163e-05
1.332000e+07 8.364159e-05
1.338000e+07 8.378125e-05
1.344000e+07 8.392061e-05
1.350000e+07 8.405968e-05
1.356000e+07 8.419845e-05
1.362000e+07 8.433693e-05
1.368000e+07 8.447512e-05
1.374000e+07 8.461303e-05
1.380000e+07 8.475066e-05
1.386000e+07 8.488801e-05
1.392000e+07 8.502508e-05
1.398000e+07 8.516187e-05
1.404000e+07 8.529840e-05
1.410000e+07 8.543465e-05
1.416000e+07 8.557064e-05
1.422000e+07 8.570636e-05
1.428000e+07 8.584182e-05
1.434000e+07 8.597702e-05
1.440000e+07 8.611197e-05
1.446000e+07 8.624666e-05
1.452000e+07 8.638109e-05
1.458000e+07 8.651528e-05
1.464000e+07 8.664922e-05
1.470000e+07 8.678291e-05
1.476000e+07 8.691635e-05
1.482000e+07 8.704956e-05
1.488000e+07 8.718252e-05
1.494000e+07 8.731525e-05
1.500000e+07 8.744774e-05
1.506000e+07 8.758000e-05
1.512000e+07 8.771202e-05
1.518000e+07 8.784382e-05
1.524000e+07 8.797539e-05
1.530000e+07 8.810673e-05
1.536000e+07 8.823785e-05
1.542000e+07 8.836874e-05
1.548000e+07 8.849941e-05
1.554000e+07 8.862987e-05
1.560000e+07 8.876011e-05
1.566000e+07 8.889013e-05
1.572000e+07 8.901994e-05
1.578000e+07 8.914953e-05
1.584000e+07 8.927892e-05
1.590000e+07 8.940810e-05
1.596000e+07 8.953707e-05
1.602000e+07 8.966583e-05
1.608000e+07 8.979439e-05
1.614000e+07 8.992275e-05
1.620000e+07 9.005091e-05
1.626000e+07 9.017887e-05
1.632000e+07 9.030663e-05
1.638000e+07 9.043419e-05
1.644000e+07 9.056156e-05
1.650000e+07 9.068874e-05
1.656000e+07 9.081572e-05
1.662000e+07 9.094252e-05
1.668000e+07 9.106912e-05
1.674000e+07 9.119554e-05
1.680000e+07 9.132177e-05
1.686000e+07 9.144782e-05
1.692000e+07 9.157368e-05
1.698000e+07 9.169936e-05
1.704000e+07 9.182486e-05
1.710000e+07 9.195018e-05
1.716000e+07 9.207532e-05
1.722000e+07 9.220029e-05
1.728000e+07 9.232507e-05
1.734000e+07 9.244969e-05
1.740000e+07 9.257413e-05
1.746000e+07 9.269840e-05
1.752000e+07 9.282249e-05
1.758000e+07 9.294642e-05
1.764000e+07 9.307018e-05
1.770000e+07 9.319377e-05
1.776000e+07 9.331720e-05
1.782000e+07 9.344045e-05
1.788000e+07 9.356355e-05
1.794000e+07 9.368648e-05
1.800000e+07 9.380925e-05
1.806000e+07 9.393186e-05
1.812000e+07 9.405431e-05
1.818000e+07 9.417660e-05
1.824000e+07 9.429873e-05
1.830000e+07 9.442071e-05
1.836000e+07 9.454253e-05
1.842000e+07 9.466419e-05
1.848000e+07 9.478571e-05
1.854000e+07 9.490707e-05
1.860000e+07 9.502827e-05
1.866000e+07 9.514933e-05
1.872000e+07 9.527024e-05
1.878000e+07 9.539100e-05
1.884000e+07 9.551161e-05
1.890000e+07 9.563207e-05
1.896000e+07 9.575239e-05
1.902000e+07 9.587256e-05
1.908000e+07 9.599258e-05
1.914000e+07 9.611247e-05
1.920000e+07 9.623221e-05
1.926000e+07 9.635181e-05
1.932000e+07 9.647127e-05
1.938000e+07 9.659059e-05
1.944000e+07 9.670977e-05
1.950000e+07 9.682881e-05
1.956000e+07 9.694772e-05
1.962000e+07 9.706648e-05
1.968000e+07 9.718512e-05
1.974000e+07 9.730361e-05
1.980000e+07 9.742198e-05
1.986000e+07 9.754021e-05
1.992000e+07 9.765830e-05
1.998000e+07 9.777627e-05
2.004000e+07 9.789410e-05
2.010000e+07 9.801181e-05
2.016000e+07 9.812938e-05
2.022000e+07 9.824683e-05
2.028000e+07 9.836415e-05
2.034000e+07 9.848134e-05
2.040000e+07 9.859840e-05
2.046000e+07 9.871534e-05
2.052000e+07 9.883215e-05
2.058000e+07 9.894884e-05
2.064000e+07 9.906540e-05
2.070000e+07 9.918185e-05
2.076000e+07 9.929816e-05
2.082000e+07 9.941436e-05
2.088000e+07 9.953044e-05
2.094000e+07 9.964639e-05
2.100000e+07 9.976223e-05
2.106000e+07 9.987795e-05
2.112000e+07 9.999354e-05
2.118000e+07 1.001090e-04
2.124000e+07 1.002244e-04
2.130000e+07 1.003396e-04
2.136000e+07 1.004548e-04
2.142000e+07 1.005698e-04
2.148000e+07 1.006847e-04
2.154000e+07 1.007995e-04
2.160000e+07 1.009141e-04
2.166000e+07 1.010287e-04
2.172000e+07 1.011432e-04
2.178000e+07 1.012575e-04
2.184000e+07 1.013717e-04
2.190000e+07 1.014858e-04
2.196000e+07 1.015998e-04
2.202000e+07 1.017137e-04
2.208000e+07 1.018275e-04
2.214000e+07 1.019412e-04
2.220000e+07 1.020548e-04
2.226000e+07 1.021682e-04
2.232000e+07 1.022816e-04
2.238000e+07 1.023948e-04
2.244000e+07 1.025080e-04
2.250000e+07 1.026210e-04
2.256000e+07 1.027340e-04
2.262000e+07 1.028468e-04
2.268000e+07 1.029595e-04
2.274000e+07 1.030721e-04
2.280000e+07 1.031847e-04
2.286000e+07 1.032971e-04
2.292000e+07 1.034094e-04
2.298000e+07 1.035216e-04
2.304000e+07 1.036337e-04
2.310000e+07 1.037458e-04
2.316000e+07 1.038577e-04
2.322000e+07 1.039695e-04
2.328000e+07 1.040812e-04
2.334000e+07 1.041928e-04
2.340000e+07 1.043044e-04
2.346000e+07 1.044158e-04
2.352000e+07 1.045271e-04
2.358000e+07 1.046384e-04
2.364000e+07 1.047495e-04
2.370000e+07 1.048605e-04
2.376000e+07 1.049715e-04
2.382000e+07 1.050823e-04
2.388000e+07 1.051931e-04
2.394000e+07 1.053038e-04
2.400000e+07 1.054144e-04
2.406000e+07 1.055248e-04
2.412000e+07 1.056352e-04
2.418000e+07 1.057455e-04
2.424000e+07 1.058557e-04
2.430000e+07 1.059658e-04
2.436000e+07 1.060759e-04
2.442000e+07 1.061858e-04
2.448000e+07 1.062956e-04
2.454000e+07 1.064054e-04
2.460000e+07 1.065151e-04
2.466000e+07 1.066246e-04
2.472000e+07 1.067341e-04
2.478000e+07 1.068435e-04
2.484000e+07 1.069528e-04
2.490000e+07 1.070621e-04
2.496000e+07 1.071712e-04
2.502000e+07 1.072803e-04
2.508000e+07 1.073892e-04
2.514000e+07 1.074981e-04
2.520000e+07 1.076069e-04
2.526000e+07 1.077156e-04
2.532000e+07 1.078242e-04
2.538000e+07 1.079328e-04
2.544000e+07 1.080412e-04
2.550000e+07 1.081496e-04
2.556000e+07 1.082579e-04
2.562000e+07 1.083661e-04
2.568000e+07 1.084742e-04
2.574000e+07 1.085823e-04
2.580000e+07 1.086902e-04
2.586000e+07 1.087981e-04
2.592000e+07 1.089059e-04
2.598000e+07 1.090136e-04
2.604000e+07 1.091213e-04
2.610000e+07 1.092288e-04
2.616000e+07 1.093363e-04
2.622000e+07 1.094437e-04
2.628000e+07 1.095511e-04
2.634000e+07 1.096583e-04
2.640000e+07 1.097655e-04
2.646000e+07 1.098725e-04
2.652000e+07 1.099796e-04
2.658000e+07 1.100865e-04
2.664000e+07 1.101933e-04
2.670000e+07 1.103001e-04
2.676000e+07 1.104068e-04
2.682000e+07 1.105134e-04
2.688000e+07 1.106200e-04
2.694000e+07 1.107265e-04
2.700000e+07 1.108329e-04
2.706000e+07 1.109392e-04
2.712000e+07 1.110454e-04
2.718000e+07 1.111516e-04
2.724000e+07 1.112577e-04
2.730000e+07 1.113637e-04
2.736000e+07 1.114697e-04
2.742000e+07 1.115756e-04
2.748000e+07 1.116814e-04
2.754000e+07 1.117871e-04
2.760000e+07 1.118928e-04
2.766000e+07 1.119984e-04
2.772000e+07 1.121039e-04
2.778000e+07 1.122093e-04
2.784000e+07 1.123147e-04
2.790000e+07 1.124200e-04
2.796000e+07 1.125252e-04
2.802000e+07 1.126304e-04
2.808000e+07 1.127355e-04
2.814000e+07 1.128405e-04
2.820000e+07 1.129455e-04
2.826000e+07 1.130503e-04
2.832000e+07 1.131552e-04
2.838000e+07 1.132599e-04
2.844000e+07 1.133646e-04
2.850000e+07 1.134692e-04
2.856000e+07 1.135737e-04
2.862000e+07 1.136782e-04
2.868000e+07 1.137826e-04
2.874000e+07 1.138869e-04
2.880000e+07 1.139912e-04
2.886000e+07 1.140954e-04
2.892000e+07 1.141995e-04
2.898000e+07 1.143036e-04
2.904000e+07 1.144076e-04
2.910000e+07 1.145115e-04
2.916000e+07 1.146154e-04
2.922000e+07 1.147192e-04
2.928000e+07 1.148230e-04
2.934000e+07 1.149266e-04
2.940000e+07 1.150302e-04
2.946000e+07 1.151338e-04
2.952000e+07 1.152373e-04
2.958000e+07 1.153407e-04
2.964000e+07 1.154440e-04
2.970000e+07 1.155473e-04
2.976000e+07 1.156505e-04
2.982000e+07 1.157537e-04
2.988000e+07 1.158568e-04
2.994000e+07 1.159598e-04
3.000000e+07 1.160628e-04
3.006000e+07 1.161657e-04
3.012000e+07 1.162686e-04
3.018000e+07 1.163714e-04
3.024000e+07 1.164741e-04
3.030000e+07 1.165767e-04
3.036000e+07 1.166793e-04
3.042000e+07 1.167819e-04
3.048000e+07 1.168844e-04
3.054000e+07 1.169868e-04
3.060000e+07 1.170891e-04
3.066000e+07 1.171914e-04
3.072000e+07 1.172937e-04
3.078000e+07 1.173958e-04
3.084000e+07 1.174980e-04
3.090000e+07 1.176000e-04
3.096000e+07 1.177020e-04
3.102000e+07 1.178039e-04
3.108000e+07 1.179058e-04
3.114000e+07 1.180076e-04
3.120000e+07 1.181094e-04
3.126000e+07 1.182111e-04
3.132000e+07 1.183128e-04
3.138000e+07 1.184143e-04
3.144000e+07 1.185159e-04
3.150000e+07 1.186173e-04
3.156000e+07 1.187188e-04
3.162000e+07 1.188201e-04
3.168000e+07 1.189214e-04
3.174000e+07 1.190227e-04
3.180000e+07 1.191238e-04
3.186000e+07 1.192250e-04
3.192000e+07 1.193260e-04
3.198000e+07 1.194271e-04
3.204000e+07 1.195280e-04
3.210000e+07 1.196289e-04
3.216000e+07 1.197298e-04
3.222000e+07 1.198306e-04
3.228000e+07 1.199313e-04
3.234000e+07 1.200320e-04
3.240000e+07 1.201326e-04
3.246000e+07 1.202332e-04
3.252000e+07 1.203337e-04
3.258000e+07 1.204342e-04
3.264000e+07 1.205346e-04
3.270000e+07 1.206349e-04
3.276000e+07 1.207352e-04
3.282000e+07 1.208355e-04
3.288000e+07 1.209357e-04
3.294000e+07 1.210358e-04
3.300000e+07 1.211359e-04
3.306000e+07 1.212359e-04
3.312000e+07 1.213359e-04
3.318000e+07 1.214358e-04
3.324000e+07 1.215357e-04
3.330000e+07 1.216355e-04
3.336000e+07 1.217353e-04
3.342000e+07 1.218350e-04
3.348000e+07 1.219346e-04
3.354000e+07 1.220343e-04
3.360000e+07 1.221338e-04
3.366000e+07 1.222333e-04
3.372000e+07 1.223328e-04
3.378000e+07 1.224322e-04
3.384000e+07 1.225315e-04
3.390000e+07 1.226308e-04
3.396000e+07 1.227301e-04
3.402000e+07 1.228293e-04
3.408000e+07 1.229284e-04
3.414000e+07 1.230275e-04
3.420000e+07 1.231266e-04
3.426000e+07 1.232256e-04
3.432000e+07 1.233245e-04
3.438000e+07 1.234234e-04
3.444000e+07 1.235223e-04
3.450000e+07 1.236211e-04
3.456000e+07 1.237198e-04
3.462000e+07 1.238185e-04
3.468000e+07 1.239172e-04
3.474000e+07 1.240158e-04
3.480000e+07 1.241143e-04
3.486000e+07 1.242128e-04
3.492000e+07 1.243113e-04
3.498000e+07 1.244097e-04
3.504000e+07 1.245081e-04
3.510000e+07 1.246064e-04
3.516000e+07 1.247046e-04
3.522000e+07 1.248028e-04
3.528000e+07 1.249010e-04
3.534000e+07 1.249991e-04
3.540000e+07 1.250972e-04
3.546000e+07 1.251952e-04
3.552000e+07 1.252932e-04
3.558000e+07 1.253911e-04
3.564000e+07 1.254890e-04
3.570000e+07 1.255868e-04
3.576000e+07 1.256846e-04
3.582000e+07 1.257823e-04
3.588000e+07 1.258800e-04
3.594000e+07 1.259777e-04
3.600000e+07 1.260753e-04
3.606000e+07 1.261728e-04
3.612000e+07 1.262703e-04
3.618000e+07 1.263678e-04
3.624000e+07 1.264652e-04
3.630000e+07 1.265626e-04
3.636000e+07 1.266599e-04
3.642000e+07 1.267572e-04
3.648000e+07 1.268544e-04
3.654000e+07 1.269516e-04
3.660000e+07 1.270487e-04
3.666000e+07 1.271458e-04
3.672000e+07 1.272429e-04
3.678000e+07 1.273399e-04
3.684000e+07 1.274369e-04
3.690000e+07 1.275338e-04
3.696000e+07 1.276306e-04
3.702000e+07 1.277275e-04
3.708000e+07 1.278243e-04
3.714000e+07 1.279210e-04
3.720000e+07 1.280177e-04
3.726000e+07 1.281143e-04
3.732000e+07 1.282109e-04
3.738000e+07 1.283075e-04
3.744000e+07 1.284040e-04
3.750000e+07 1.285005e-04
3.756000e+07 1.285969e-04
3.762000e+07 1.286933e-04
3.768000e+07 1.287897e-04
3.774000e+07 1.288860e-04
3.780000e+07 1.289822e-04
3.786000e+07 1.290785e-04
3.792000e+07 1.291746e-04
3.798000e+07 1.292708e-04
3.804000e+07 1.293668e-04
3.810000e+07 1.294629e-04
3.816000e+07 1.295589e-04
3.822000e+07 1.296549e-04
3.828000e+07 1.297508e-04
3.834000e+07 1.298467e-04
3.840000e+07 1.299425e-04
3.846000e+07 1.300383e-04
3.852000e+07 1.301340e-04
3.858000e+07 1.302297e-04
3.864000e+07 1.303254e-04
3.870000e+07 1.304210e-04
3.876000e+07 1.305166e-04
3.882000e+07 1.306122e-04
3.888000e+07 1.307077e-04
3.894000e+07 1.308031e-04
3.900000e+07 1.308986e-04
3.906000e+07 1.309939e-04
3.912000e+07 1.310893e-04
3.918000e+07 1.311846e-04
3.924000e+07 1.312798e-04
3.930000e+07 1.313750e-04
3.936000e+07 1.314702e-04
3.942000e+07 1.315654e-04
3.948000e+07 1.316604e-04
3.954000e+07 1.317555e-04
3.960000e+07 1.318505e-04
3.966000e+07 1.319455e-04
3.972000e+07 1.320404e-04
3.978000e+07 1.321353e-04
3.984000e+07 1.322302e-04
3.990000e+07 1.323250e-04
3.996000e+07 1.324198e-04
4.002000e+07 1.325145e-04
4.008000e+07 1.326092e-04
4.014000e+07 1.327039e-04
4.020000e+07 1.327985e-04
4.026000e+07 1.328931e-04
4.032000e+07 1.329876e-04
4.038000e+07 1.330821e-04
4.044000e+07 1.331766e-04
4.050000e+07 1.332710e-04
4.056000e+07 1.333654e-04
4.062000e+07 1.334597e-04
4.068000e+07 1.335540e-04
4.074000e+07 1.336483e-04
4.080000e+07 1.337425e-04
4.086000e+07 1.338367e-04
4.092000e+07 1.339309e-04
4.098000e+07 1.340250e-04
4.104000e+07 1.341191e-04
4.110000e+07 1.342131e-04
4.116000e+07 1.343071e-04
4.122000e+07 1.344011e-04
4.128000e+07 1.344950e-04
4.134000e+07 1.345889e-04
4.140000e+07 1.346828e-04
4.146000e+07 1.347766e-04
4.152000e+07 1.348704e-04
4.158000e+07 1.349641e-04
4.164000e+07 1.350578e-04
4.170000e+07 1.351515e-04
4.176000e+07 1.352451e-04
4.182000e+07 1.353387e-04
4.188000e+07 1.354323e-04
4.194000e+07 1.355258e-04
4.200000e+07 1.356193e-04
4.206000e+07 1.357127e-04
4.212000e+07 1.358061e-04
4.218000e+07 1.358995e-04
4.224000e+07 1.359928e-04
4.230000e+07 1.360861e-04
4.236000e+07 1.361794e-04
4.242000e+07 1.362726e-04
4.248000e+07 1.363658e-04
4.254000e+07 1.364590e-04
4.260000e+07 1.365521e-04
4.266000e+07 1.366452e-04
4.272000e+07 1.367382e-04
4.278000e+07 1.368312e-04
4.284000e+07 1.369242e-04
4.290000e+07 1.370171e-04
4.296000e+07 1.371100e-04
4.302000e+07 1.372029e-04
4.308000e+07 1.372958e-04
4.314000e+07 1.373885e-04
4.320000e+07 1.374813e-04
4.326000e+07 1.375740e-04
4.332000e+07 1.376667e-04
4.338000e+07 1.377594e-04
4.344000e+07 1.378520e-04
4.350000e+07 1.379446e-04
4.356000e+07 1.380372e-04
4.362000e+07 1.381297e-04
4.368000e+07 1.382222e-04
4.374000e+07 1.383146e-04
4.380000e+07 1.384070e-04
4.386000e+07 1.384994e-04
4.392000e+07 1.385917e-04
4.398000e+07 1.386841e-04
4.404000e+07 1.387763e-04
4.410000e+07 1.388686e-04
4.416000e+07 1.389608e-04
4.422000e+07 1.390530e-04
4.428000e+07 1.391451e-04
4.434000e+07 1.392372e-04
4.440000e+07 1.393293e-04
4.446000e+07 1.394213e-04
4.452000e+07 1.395133e-04
4.458000e+07 1.396053e-04
4.464000e+07 1.396972e-04
4.470000e+07 1.397891e-04
4.476000e+07 1.398810e-04
4.482000e+07 1.399728e-04
4.488000e+07 1.400646e-04
4.494000e+07 1.401564e-04
4.500000e+07 1.402482e-04
4.506000e+07 1.403399e-04
4.512000e+07 1.404315e-04
4.518000e+07 1.405232e-04
4.524000e+07 1.406148e-04
4.530000e+07 1.407063e-04
4.536000e+07 1.407979e-04
4.542000e+07 1.408894e-04
4.548000e+07 1.409809e-04
4.554000e+07 1.410723e-04
4.560000e+07 1.411637e-04
4.566000e+07 1.412551e-04
4.572000e+07 1.413464e-04
4.578000e+07 1.414377e-04
4.584000e+07 1.415290e-04
4.590000e+07 1.416202e-04
4.596000e+07 1.417115e-04
4.602000e+07 1.418026e-04
4.608000e+07 1.418938e-04
4.614000e+07 1.419849e-04
4.620000e+07 1.420760e-04
4.626000e+07 1.421670e-04
4.632000e+07 1.422581e-04
4.638000e+07 1.423490e-04
4.644000e+07 1.424400e-04
4.650000e+07 1.425309e-04
4.656000e+07 1.426218e-04
4.662000e+07 1.427127e-04
4.668000e+07 1.428035e-04
4.674000e+07 1.428943e-04
4.680000e+07 1.429851e-04
4.686000e+07 1.430758e-04
4.692000e+07 1.431665e-04
4.698000e+07 1.432572e-04
4.704000e+07 1.433478e-04
4.710000e+07 1.434384e-04
4.716000e+07 1.435290e-04
4.722000e+07 1.436196e-04
4.728000e+07 1.437101e-04
4.734000e+07 1.438006e-04
4.740000e+07 1.438910e-04
4.746000e+07 1.439814e-04
4.752000e+07 1.440718e-04
4.758000e+07 1.441622e-04
4.764000e+07 1.442525e-04
4.770000e+07 1.443428e-04
4.776000e+07 1.444331e-04
4.782000e+07 1.445233e-04
4.788000e+07 1.446135e-04
4.794000e+07 1.447037e-04
4.800000e+07 1.447939e-04
4.806000e+07 1.448840e-04
4.812000e+07 1.449741e-04
4.818000e+07 1.450641e-04
4.824000e+07 1.451541e-04
4.830000e+07 1.452441e-04
4.836000e+07 1.453341e-04
4.842000e+07 1.454240e-04
4.848000e+07 1.455139e-04
4.854000e+07 1.456038e-04
4.860000e+07 1.456937e-04
4.866000e+07 1.457835e-04
4.872000e+07 1.458733e-04
4.878000e+07 1.459630e-04
4.884000e+07 1.460527e-04
4.890000e+07 1.461424e-04
4.896000e+07 1.462321e-04
4.902000e+07 1.463217e-04
4.908000e+07 1.464113e-04
4.914000e+07 1.465009e-04
4.920000e+07 1.465905e-04
4.926000e+07 1.466800e-04
4.932000e+07 1.467695e-04
4.938000e+07 1.468589e-04
4.944000e+07 1.469484e-04
4.950000e+07 1.470378e-04
4.956000e+07 1.471271e-04
4.962000e+07 1.472165e-04
4.968000e+07 1.473058e-04
4.974000e+07 1.473951e-04
4.980000e+07 1.474843e-04
4.986000e+07 1.475736e-04
4.992000e+07 1.476628e-04
4.998000e+07 1.477519e-04
5.004000e+07 1.478411e-04
5.010000e+07 1.479302e-04
5.016000e+07 1.480193e-04
5.022000e+07 1.481083e-04
5.028000e+07 1.481974e-04
5.034000e+07 1.482863e-04
5.040000e+07 1.483753e-04
5.046000e+07 1.484643e-04
5.052000e+07 1.485532e-04
5.058000e+07 1.486421e-04
5.064000e+07 1.487309e-04
5.070000e+07 1.488197e-04
5.076000e+07 1.489085e-04
5.082000e+07 1.489973e-04
5.088000e+07 1.490860e-04
5.094000e+07 1.491748e-04
5.100000e+07 1.492634e-04
5.106000e+07 1.493521e-04
5.112000e+07 1.494407e-04
5.118000e+07 1.495293e-04
5.124000e+07 1.496179e-04
5.130000e+07 1.497064e-04
5.136000e+07 1.497950e-04
5.142000e+07 1.498835e-04
5.148000e+07 1.499719e-04
5.154000e+07 1.500604e-04
5.160000e+07 1.501488e-04
5.166000e+07 1.502371e-04
5.172000e+07 1.503255e-04
5.178000e+07 1.504138e-04
5.184000e+07 1.505021e-04
5.190000e+07 1.505904e-04
5.196000e+07 1.506786e-04
5.202000e+07 1.507668e-04
5.208000e+07 1.508550e-04
5.214000e+07 1.509432e-04
5.220000e+07 1.510313e-04
5.226000e+07 1.511194e-04
5.232000e+07 1.512075e-04
5.238000e+07 1.512955e-04
5.244000e+07 1.513836e-04
5.250000e+07 1.514716e-04
5.256000e+07 1.515595e-04
5.262000e+07 1.516475e-04
5.268000e+07 1.517354e-04
5.274000e+07 1.518233e-04
5.280000e+07 1.519111e-04
5.286000e+07 1.519990e-04
5.292000e+07 1.520868e-04
5.298000e+07 1.521746e-04
5.304000e+07 1.522623e-04
5.310000e+07 1.523500e-04
5.316000e+07 1.524377e-04
5.322000e+07 1.525254e-04
5.328000e+07 1.526131e-04
5.334000e+07 1.527007e-04
5.340000e+07 1.527883e-04
5.346000e+07 1.528759e-04
5.352000e+07 1.529634e-04
5.358000e+07 1.530509e-04
5.364000e+07 1.531384e-04
5.370000e+07 1.532259e-04
5.376000e+07 1.533133e-04
5.382000e+07 1.534007e-04
5.388000e+07 1.534881e-04
5.394000e+07 1.535754e-04
5.400000e+07 1.536628e-04
5.406000e+07 1.537501e-04
5.412000e+07 1.538374e-04
5.418000e+07 1.539246e-04
5.424000e+07 1.540118e-04
5.430000e+07 1.540990e-04
5.436000e+07 1.541862e-04
5.442000e+07 1.542734e-04
5.448000e+07 1.543605e-04
5.454000e+07 1.544476e-04
5.460000e+07 1.545347e-04
5.466000e+07 1.546217e-04
5.472000e+07 1.547087e-04
5.478000e+07 1.547957e-04
5.484000e+07 1.548827e-04
5.490000e+07 1.549696e-04
5.496000e+07 1.550566e-04
5.502000e+07 1.551434e-04
5.508000e+07 1.552303e-04
5.514000e+07 1.553172e-04
5.520000e+07 1.554040e-04
5.526000e+07 1.554908e-04
5.532000e+07 1.555775e-04
5.538000e+07 1.556643e-04
5.544000e+07 1.557510e-04
5.550000e+07 1.558377e-04
5.556000e+07 1.559243e-04
5.562000e+07 1.560110e-04
5.568000e+07 1.560976e-04
5.574000e+07 1.561842e-04
5.580000e+07 1.562707e-04
5.586000e+07 1.563573e-04
5.592000e+07 1.564438e-04
5.598000e+07 1.565303e-04
5.604000e+07 1.566167e-04
5.610000e+07 1.567032e-04
5.616000e+07 1.567896e-04
5.622000e+07 1.568760e-04
5.628000e+07 1.569623e-04
5.634000e+07 1.570487e-04
5.640000e+07 1.571350e-04
5.646000e+07 1.572213e-04
5.652000e+07 1.573076e-04
5.658000e+07 1.573938e-04
5.664000e+07 1.574800e-04
5.670000e+07 1.575662e-04
5.676000e+07 1.576524e-04
5.682000e+07 1.577385e-04
5.688000e+07 1.578246e-04
5.694000e+07 1.579107e-04
5.700000e+07 1.579968e-04
5.706000e+07 1.580828e-04
5.712000e+07 1.581688e-04
5.718000e+07 1.582548e-04
5.724000e+07 1.583408e-04
5.730000e+07 1.584268e-04
5.736000e+07 1.585127e-04
5.742000e+07 1.585986e-04
5.748000e+07 1.586844e-04
5.754000e+07 1.587703e-04
5.760000e+07 1.588561e-04
5.766000e+07 1.589419e-04
5.772000e+07 1.590277e-04
5.778000e+07 1.591135e-04
5.784000e+07 1.591992e-04
5.790000e+07 1.592849e-04
5.796000e+07 1.593706e-04
5.802000e+07 1.594562e-04
5.808000e+07 1.595419e-04
5.814000e+07 1.596275e-04
5.820000e+07 1.597130e-04
5.826000e+07 1.597986e-04
5.832000e+07 1.598841e-04
5.838000e+07 1.599697e-04
5.844000e+07 1.600551e-04
5.850000e+07 1.601406e-04
5.856000e+07 1.602261e-04
5.862000e+07 1.603115e-04
5.868000e+07 1.603969e-04
5.874000e+07 1.604822e-04
5.880000e+07 1.605676e-04
5.886000e+07 1.606529e-04
5.892000e+07 1.607382e-04
5.898000e+07 1.608235e-04
5.904000e+07 1.609087e-04
5.910000e+07 1.609940e-04
5.916000e+07 1.610792e-04
5.922000e+07 1.611644e-04
5.928000e+07 1.612495e-04
5.934000e+07 1.613347e-04
5.940000e+07 1.614198e-04
5.946000e+07 1.615049e-04
5.952000e+07 1.615899e-04
5.958000e+07 1.616750e-04
5.964000e+07 1.617600e-04
5.970000e+07 1.618450e-04
5.976000e+07 1.619300e-04
5.982000e+07 1.620149e-04
5.988000e+07 1.620998e-04
5.994000e+07 1.621847e-04
6.000000e+07 1.622696e-04
