1.000000e+04 1.000000e+00 9.999944e-01 1.000000e+00
1.200000e+04 9.296672e-01 9.999920e-01 1.244444e+00
1.400000e+04 8.740752e-01 9.999891e-01 1.488888e+00
1.600000e+04 8.286135e-01 9.999858e-01 1.733332e+00
1.800000e+04 7.904802e-01 9.999820e-01 1.977776e+00
2.000000e+04 7.578583e-01 9.999778e-01 2.222220e+00
2.200000e+04 7.295095e-01 9.999731e-01 2.299998e+00
2.400000e+04 7.045560e-01 9.999680e-01 2.377776e+00
2.600000e+04 6.823554e-01 9.999624e-01 2.455554e+00
2.800000e+04 6.624251e-01 9.999564e-01 2.533332e+00
3.000000e+04 6.443940e-01 9.999500e-01 2.611110e+00
3.200000e+04 6.279716e-01 9.999431e-01 2.688888e+00
3.400000e+04 6.129265e-01 9.999358e-01 2.766666e+00
3.600000e+04 5.990720e-01 9.999280e-01 2.844444e+00
3.800000e+04 5.862550e-01 9.999198e-01 2.922222e+00
4.000000e+04 5.743492e-01 9.999111e-01 3.000000e+00
4.200000e+04 5.632488e-01 9.999020e-01 3.052778e+00
4.400000e+04 5.528648e-01 9.998925e-01 3.105556e+00
4.600000e+04 5.431213e-01 9.998825e-01 3.158333e+00
4.800000e+04 5.339536e-01 9.998720e-01 3.211111e+00
5.000000e+04 5.253056e-01 9.998611e-01 3.263889e+00
5.200000e+04 5.171287e-01 9.998498e-01 3.316667e+00
5.400000e+04 5.093807e-01 9.998380e-01 3.369444e+00
5.600000e+04 5.020244e-01 9.998258e-01 3.422222e+00
5.800000e+04 4.950269e-01 9.998132e-01 3.475000e+00
6.000000e+04 4.883593e-01 9.998001e-01 3.527778e+00
6.200000e+04 4.819959e-01 9.997865e-01 3.580556e+00
6.400000e+04 4.759135e-01 9.997725e-01 3.633333e+00
6.600000e+04 4.700915e-01 9.997581e-01 3.686111e+00
6.800000e+04 4.645115e-01 9.997432e-01 3.738889e+00
7.000000e+04 4.591565e-01 9.997279e-01 3.791667e+00
7.200000e+04 4.540117e-01 9.997121e-01 3.844444e+00
7.400000e+04 4.490630e-01 9.996959e-01 3.897222e+00
7.600000e+04 4.442982e-01 9.996793e-01 3.950000e+00
7.800000e+04 4.397058e-01 9.996622e-01 4.002778e+00
8.000000e+04 4.352753e-01 9.996446e-01 4.055555e+00
8.200000e+04 4.309972e-01 9.996267e-01 4.120833e+00
8.400000e+04 4.268628e-01 9.996082e-01 4.186111e+00
8.600000e+04 4.228639e-01 9.995894e-01 4.251389e+00
8.800000e+04 4.189932e-01 9.995701e-01 4.316667e+00
9.000000e+04 4.152436e-01 9.995503e-01 4.381944e+00
9.200000e+04 4.116090e-01 9.995301e-01 4.447222e+00
9.400000e+04 4.080833e-01 9.995095e-01 4.512500e+00
9.600000e+04 4.046611e-01 9.994884e-01 4.577778e+00
9.800000e+04 4.013373e-01 9.994669e-01 4.643055e+00
1.000000e+05 3.981072e-01 9.994449e-01 4.708333e+00
1.020000e+05 3.949662e-01 9.994225e-01 4.773611e+00
1.040000e+05 3.919103e-01 9.993997e-01 4.838889e+00
1.060000e+05 3.889356e-01 9.993764e-01 4.904166e+00
1.080000e+05 3.860384e-01 9.993526e-01 4.969444e+00
1.100000e+05 3.832154e-01 9.993285e-01 5.034722e+00
1.120000e+05 3.804633e-01 9.993038e-01 5.100000e+00
1.140000e+05 3.777792e-01 9.992788e-01 5.165277e+00
1.160000e+05 3.751602e-01 9.992533e-01 5.230555e+00
1.180000e+05 3.726037e-01 9.992273e-01 5.295833e+00
1.200000e+05 3.701072e-01 9.992010e-01 5.361111e+00
1.220000e+05 3.676682e-01 9.991741e-01 5.426389e+00
1.240000e+05 3.652846e-01 9.991469e-01 5.491666e+00
1.260000e+05 3.629542e-01 9.991192e-01 5.556944e+00
1.280000e+05 3.606750e-01 9.990910e-01 5.622222e+00
1.300000e+05 3.584451e-01 9.990624e-01 5.687500e+00
1.320000e+05 3.562628e-01 9.990334e-01 5.752777e+00
1.340000e+05 3.541262e-01 9.990039e-01 5.818055e+00
1.360000e+05 3.520339e-01 9.989740e-01 5.883333e+00
1.380000e+05 3.499841e-01 9.989437e-01 5.948611e+00
1.400000e+05 3.479756e-01 9.989129e-01 6.013888e+00
1.420000e+05 3.460068e-01 9.988817e-01 6.079166e+00
1.440000e+05 3.440765e-01 9.988500e-01 6.144444e+00
1.460000e+05 3.421833e-01 9.988179e-01 6.209722e+00
1.480000e+05 3.403261e-01 9.987853e-01 6.274999e+00
1.500000e+05 3.385038e-01 9.987523e-01 6.340277e+00
1.520000e+05 3.367151e-01 9.987189e-01 6.405555e+00
1.540000e+05 3.349590e-01 9.986850e-01 6.470833e+00
1.560000e+05 3.332347e-01 9.986507e-01 6.536110e+00
1.580000e+05 3.315409e-01 9.986160e-01 6.601388e+00
1.600000e+05 3.298770e-01 9.985808e-01 6.666666e+00
1.620000e+05 3.282419e-01 9.985452e-01 6.666666e+00
1.640000e+05 3.266348e-01 9.985091e-01 6.666666e+00
1.660000e+05 3.250549e-01 9.984726e-01 6.666666e+00
1.680000e+05 3.235015e-01 9.984357e-01 6.666666e+00
1.700000e+05 3.219737e-01 9.983983e-01 6.666666e+00
1.720000e+05 3.204709e-01 9.983605e-01 6.666666e+00
1.740000e+05 3.189924e-01 9.983222e-01 6.666666e+00
1.760000e+05 3.175374e-01 9.982835e-01 6.666666e+00
1.780000e+05 3.161055e-01 9.982444e-01 6.666666e+00
1.800000e+05 3.146958e-01 9.982048e-01 6.666666e+00
1.820000e+05 3.133080e-01 9.981648e-01 6.666666e+00
1.840000e+05 3.119413e-01 9.981244e-01 6.666666e+00
1.860000e+05 3.105953e-01 9.980835e-01 6.666666e+00
1.880000e+05 3.092693e-01 9.980422e-01 6.666666e+00
1.900000e+05 3.079630e-01 9.980005e-01 6.666666e+00
1.920000e+05 3.066758e-01 9.979583e-01 6.666666e+00
1.940000e+05 3.054072e-01 9.979156e-01 6.666666e+00
1.960000e+05 3.041568e-01 9.978726e-01 6.666666e+00
1.980000e+05 3.029242e-01 9.978291e-01 6.666666e+00
2.000000e+05 3.017088e-01 9.977852e-01 6.666666e+00
2.020000e+05 3.005104e-01 9.977408e-01 6.666666e+00
2.040000e+05 2.993284e-01 9.976960e-01 6.666666e+00
2.060000e+05 2.981626e-01 9.976507e-01 6.666666e+00
2.080000e+05 2.970125e-01 9.976051e-01 6.666666e+00
2.100000e+05 2.958777e-01 9.975590e-01 6.666666e+00
