0.000000e+00 1.000000e+00 1.000000e+00 0.000000e+00
5.000000e+05 9.838947e-01 9.863939e-01 6.924888e-06
1.000000e+06 9.704133e-01 9.486833e-01 4.273851e-05
1.500000e+06 9.592641e-01 8.944272e-01 1.111259e-04
2.000000e+06 9.498322e-01 8.320503e-01 2.068987e-04
2.500000e+06 9.416893e-01 7.682213e-01 3.239762e-04
3.000000e+06 9.345413e-01 7.071068e-01 4.571913e-04
3.500000e+06 9.281813e-01 6.507914e-01 6.024904e-04
4.000000e+06 9.224593e-01 6.000000e-01 7.567679e-04
4.500000e+06 9.172634e-01 5.547002e-01 9.176551e-04
5.000000e+06 9.125083e-01 5.144958e-01 1.083341e-03
5.500000e+06 9.081274e-01 4.788521e-01 1.252433e-03
6.000000e+06 9.040681e-01 4.472136e-01 1.423853e-03
6.500000e+06 9.002879e-01 4.190582e-01 1.596764e-03
7.000000e+06 8.967521e-01 3.939193e-01 1.770510e-03
7.500000e+06 8.934320e-01 3.713907e-01 1.944576e-03
8.000000e+06 8.903036e-01 3.511234e-01 2.118554e-03
8.500000e+06 8.873466e-01 3.328201e-01 2.292126e-03
9.000000e+06 8.845439e-01 3.162278e-01 2.465036e-03
9.500000e+06 8.818806e-01 3.011314e-01 2.637085e-03
1.000000e+07 8.793439e-01 2.873479e-01 2.808114e-03
1.050000e+07 8.769227e-01 2.747211e-01 2.977999e-03
1.100000e+07 8.746072e-01 2.631174e-01 3.146644e-03
1.150000e+07 8.723890e-01 2.524219e-01 3.313975e-03
1.200000e+07 8.702603e-01 2.425356e-01 3.479934e-03
1.250000e+07 8.682145e-01 2.333730e-01 3.644481e-03
1.300000e+07 8.662456e-01 2.248595e-01 3.807585e-03
1.350000e+07 8.643481e-01 2.169305e-01 3.969227e-03
1.400000e+07 8.625172e-01 2.095291e-01 4.129393e-03
1.450000e+07 8.607485e-01 2.026056e-01 4.288080e-03
1.500000e+07 8.590382e-01 1.961161e-01 4.445287e-03
1.550000e+07 8.573824e-01 1.900219e-01 4.601017e-03
1.600000e+07 8.557781e-01 1.842885e-01 4.755279e-03
1.650000e+07 8.542221e-01 1.788854e-01 4.908084e-03
1.700000e+07 8.527118e-01 1.737853e-01 5.059444e-03
1.750000e+07 8.512446e-01 1.689638e-01 5.209375e-03
1.800000e+07 8.498182e-01 1.643990e-01 5.357893e-03
1.850000e+07 8.484304e-01 1.600712e-01 5.505016e-03
1.900000e+07 8.470794e-01 1.559626e-01 5.650763e-03
1.950000e+07 8.457631e-01 1.520572e-01 5.795152e-03
2.000000e+07 8.444801e-01 1.483405e-01 5.938203e-03
2.050000e+07 8.432286e-01 1.447992e-01 6.079937e-03
2.100000e+07 8.420072e-01 1.414214e-01 6.220374e-03
2.150000e+07 8.408145e-01 1.381960e-01 6.359535e-03
2.200000e+07 8.396493e-01 1.351132e-01 6.497441e-03
2.250000e+07 8.385103e-01 1.321637e-01 6.634110e-03
2.300000e+07 8.373965e-01 1.293392e-01 6.769565e-03
2.350000e+07 8.363068e-01 1.266319e-01 6.903825e-03
2.400000e+07 8.352401e-01 1.240347e-01 7.036911e-03
2.450000e+07 8.341956e-01 1.215412e-01 7.168842e-03
2.500000e+07 8.331724e-01 1.191452e-01 7.299637e-03
2.550000e+07 8.321697e-01 1.168412e-01 7.429316e-03
2.600000e+07 8.311866e-01 1.146241e-01 7.557898e-03
2.650000e+07 8.302225e-01 1.124890e-01 7.685402e-03
2.700000e+07 8.292766e-01 1.104315e-01 7.811845e-03
2.750000e+07 8.283484e-01 1.084475e-01 7.937246e-03
2.800000e+07 8.274371e-01 1.065331e-01 8.061622e-03
2.850000e+07 8.265422e-01 1.046848e-01 8.184991e-03
2.900000e+07 8.256631e-01 1.028992e-01 8.307369e-03
2.950000e+07 8.247993e-01 1.011731e-01 8.428773e-03
3.000000e+07 8.239503e-01 9.950372e-02 8.549219e-03
3.050000e+07 8.231156e-01 9.788827e-02 8.668723e-03
3.100000e+07 8.222947e-01 9.632419e-02 8.787301e-03
3.150000e+07 8.214873e-01 9.480909e-02 8.904967e-03
3.200000e+07 8.206928e-01 9.334071e-02 9.021738e-03
3.250000e+07 8.199109e-01 9.191692e-02 9.137626e-03
3.300000e+07 8.191412e-01 9.053575e-02 9.252647e-03
3.350000e+07 8.183834e-01 8.919530e-02 9.366814e-03
3.400000e+07 8.176370e-01 8.789381e-02 9.480141e-03
3.450000e+07 8.169018e-01 8.662962e-02 9.592641e-03
3.500000e+07 8.161775e-01 8.540114e-02 9.704327e-03
3.550000e+07 8.154637e-01 8.420690e-02 9.815213e-03
3.600000e+07 8.147601e-01 8.304548e-02 9.925310e-03
3.650000e+07 8.140665e-01 8.191556e-02 1.003463e-02
3.700000e+07 8.133826e-01 8.081587e-02 1.014319e-02
3.750000e+07 8.127081e-01 7.974522e-02 1.025099e-02
3.800000e+07 8.120428e-01 7.870249e-02 1.035805e-02
3.850000e+07 8.113864e-01 7.768658e-02 1.046438e-02
3.900000e+07 8.107388e-01 7.669650e-02 1.056999e-02
3.950000e+07 8.100996e-01 7.573126e-02 1.067490e-02
4.000000e+07 8.094688e-01 7.478995e-02 1.077910e-02
4.050000e+07 8.088460e-01 7.387169e-02 1.088262e-02
4.100000e+07 8.082311e-01 7.297564e-02 1.098546e-02
4.150000e+07 8.076239e-01 7.210101e-02 1.108763e-02
4.200000e+07 8.070241e-01 7.124705e-02 1.118914e-02
4.250000e+07 8.064317e-01 7.041303e-02 1.129000e-02
4.300000e+07 8.058465e-01 6.959826e-02 1.139022e-02
4.350000e+07 8.052682e-01 6.880209e-02 1.148981e-02
4.400000e+07 8.046968e-01 6.802389e-02 1.158878e-02
4.450000e+07 8.041320e-01 6.726305e-02 1.168713e-02
4.500000e+07 8.035738e-01 6.651901e-02 1.178488e-02
4.550000e+07 8.030220e-01 6.579121e-02 1.188203e-02
4.600000e+07 8.024763e-01 6.507914e-02 1.197859e-02
4.650000e+07 8.019368e-01 6.438228e-02 1.207457e-02
4.700000e+07 8.014033e-01 6.370015e-02 1.216997e-02
4.750000e+07 8.008756e-01 6.303230e-02 1.226481e-02
4.800000e+07 8.003536e-01 6.237829e-02 1.235909e-02
4.850000e+07 7.998373e-01 6.173767e-02 1.245282e-02
4.900000e+07 7.993264e-01 6.111006e-02 1.254601e-02
4.950000e+07 7.988209e-01 6.049506e-02 1.263866e-02
5.000000e+07 7.983207e-01 5.989229e-02 1.273078e-02
5.050000e+07 7.978256e-01 5.930139e-02 1.282237e-02
5.100000e+07 7.973356e-01 5.872202e-02 1.291345e-02
5.150000e+07 7.968505e-01 5.815384e-02 1.300402e-02
5.200000e+07 7.963704e-01 5.759654e-02 1.309408e-02
5.250000e+07 7.958950e-01 5.704979e-02 1.318365e-02
5.300000e+07 7.954242e-01 5.651331e-02 1.327273e-02
5.350000e+07 7.949581e-01 5.598681e-02 1.336131e-02
5.400000e+07 7.944965e-01 5.547002e-02 1.344942e-02
5.450000e+07 7.940392e-01 5.496266e-02 1.353706e-02
5.500000e+07 7.935864e-01 5.446449e-02 1.362423e-02
5.550000e+07 7.931378e-01 5.397526e-02 1.371093e-02
5.600000e+07 7.926933e-01 5.349472e-02 1.379718e-02
5.650000e+07 7.922530e-01 5.302265e-02 1.388297e-02
5.700000e+07 7.918167e-01 5.255883e-02 1.396832e-02
5.750000e+07 7.913844e-01 5.210305e-02 1.405323e-02
5.800000e+07 7.909560e-01 5.165509e-02 1.413770e-02
5.850000e+07 7.905314e-01 5.121475e-02 1.422174e-02
5.900000e+07 7.901106e-01 5.078185e-02 1.430535e-02
5.950000e+07 7.896935e-01 5.035620e-02 1.438855e-02
6.000000e+07 7.892800e-01 4.993762e-02 1.447132e-02
6.050000e+07 7.888700e-01 4.952593e-02 1.455368e-02
6.100000e+07 7.884636e-01 4.912096e-02 1.463564e-02
6.150000e+07 7.880607e-01 4.872255e-02 1.471719e-02
6.200000e+07 7.876611e-01 4.833055e-02 1.479834e-02
6.250000e+07 7.872649e-01 4.794480e-02 1.487910e-02
6.300000e+07 7.868720e-01 4.756515e-02 1.495947e-02
6.350000e+07 7.864824e-01 4.719146e-02 1.503946e-02
6.400000e+07 7.860959e-01 4.682359e-02 1.511906e-02
6.450000e+07 7.857125e-01 4.646140e-02 1.519828e-02
6.500000e+07 7.853323e-01 4.610477e-02 1.527713e-02
6.550000e+07 7.849551e-01 4.575356e-02 1.535561e-02
6.600000e+07 7.845809e-01 4.540766e-02 1.543373e-02
6.650000e+07 7.842096e-01 4.506695e-02 1.551148e-02
6.700000e+07 7.838412e-01 4.473130e-02 1.558887e-02
6.750000e+07 7.834757e-01 4.440061e-02 1.566591e-02
6.800000e+07 7.831130e-01 4.407478e-02 1.574260e-02
6.850000e+07 7.827531e-01 4.375368e-02 1.581894e-02
6.900000e+07 7.823959e-01 4.343722e-02 1.589494e-02
6.950000e+07 7.820414e-01 4.312531e-02 1.597060e-02
7.000000e+07 7.816896e-01 4.281784e-02 1.604592e-02
7.050000e+07 7.813404e-01 4.251472e-02 1.612090e-02
7.100000e+07 7.809938e-01 4.221585e-02 1.619556e-02
7.150000e+07 7.806497e-01 4.192116e-02 1.626989e-02
7.200000e+07 7.803081e-01 4.163054e-02 1.634389e-02
7.250000e+07 7.799690e-01 4.134393e-02 1.641758e-02
7.300000e+07 7.796323e-01 4.106123e-02 1.649094e-02
7.350000e+07 7.792980e-01 4.078237e-02 1.656399e-02
7.400000e+07 7.789661e-01 4.050727e-02 1.663673e-02
7.450000e+07 7.786366e-01 4.023585e-02 1.670917e-02
7.500000e+07 7.783093e-01 3.996804e-02 1.678129e-02
7.550000e+07 7.779843e-01 3.970377e-02 1.685311e-02
7.600000e+07 7.776616e-01 3.944297e-02 1.692464e-02
7.650000e+07 7.773411e-01 3.918557e-02 1.699586e-02
7.700000e+07 7.770227e-01 3.893150e-02 1.706679e-02
7.750000e+07 7.767065e-01 3.868071e-02 1.713743e-02
7.800000e+07 7.763925e-01 3.843312e-02 1.720778e-02
7.850000e+07 7.760805e-01 3.818868e-02 1.727785e-02
7.900000e+07 7.757707e-01 3.794733e-02 1.734763e-02
7.950000e+07 7.754628e-01 3.770901e-02 1.741713e-02
8.000000e+07 7.751570e-01 3.747366e-02 1.748635e-02
8.050000e+07 7.748532e-01 3.724123e-02 1.755529e-02
8.100000e+07 7.745514e-01 3.701166e-02 1.762396e-02
8.150000e+07 7.742515e-01 3.678490e-02 1.769236e-02
8.200000e+07 7.739535e-01 3.656091e-02 1.776049e-02
8.250000e+07 7.736574e-01 3.633962e-02 1.782835e-02
8.300000e+07 7.733632e-01 3.612099e-02 1.789595e-02
8.350000e+07 7.730709e-01 3.590498e-02 1.796329e-02
8.400000e+07 7.727804e-01 3.569153e-02 1.803037e-02
8.450000e+07 7.724917e-01 3.548060e-02 1.809718e-02
8.500000e+07 7.722047e-01 3.527216e-02 1.816375e-02
8.550000e+07 7.719196e-01 3.506614e-02 1.823006e-02
8.600000e+07 7.716362e-01 3.486252e-02 1.829612e-02
8.650000e+07 7.713545e-01 3.466124e-02 1.836193e-02
8.700000e+07 7.710745e-01 3.446228e-02 1.842750e-02
8.750000e+07 7.707962e-01 3.426558e-02 1.849282e-02
8.800000e+07 7.705195e-01 3.407112e-02 1.855789e-02
8.850000e+07 7.702445e-01 3.387885e-02 1.862273e-02
8.900000e+07 7.699712e-01 3.368873e-02 1.868733e-02
8.950000e+07 7.696994e-01 3.350074e-02 1.875169e-02
9.000000e+07 7.694292e-01 3.331483e-02 1.881582e-02
9.050000e+07 7.691606e-01 3.313097e-02 1.887971e-02
9.100000e+07 7.688936e-01 3.294913e-02 1.894337e-02
9.150000e+07 7.686280e-01 3.276928e-02 1.900681e-02
9.200000e+07 7.683640e-01 3.259137e-02 1.907001e-02
9.250000e+07 7.681015e-01 3.241539e-02 1.913299e-02
9.300000e+07 7.678405e-01 3.224129e-02 1.919575e-02
9.350000e+07 7.675810e-01 3.206906e-02 1.925829e-02
9.400000e+07 7.673229e-01 3.189865e-02 1.932060e-02
9.450000e+07 7.670662e-01 3.173005e-02 1.938270e-02
9.500000e+07 7.668110e-01 3.156321e-02 1.944458e-02
9.550000e+07 7.665572e-01 3.139812e-02 1.950624e-02
9.600000e+07 7.663048e-01 3.123475e-02 1.956769e-02
9.650000e+07 7.660537e-01 3.107307e-02 1.962893e-02
9.700000e+07 7.658040e-01 3.091305e-02 1.968996e-02
9.750000e+07 7.655557e-01 3.075468e-02 1.975078e-02
9.800000e+07 7.653087e-01 3.059791e-02 1.981140e-02
9.850000e+07 7.650630e-01 3.044274e-02 1.987181e-02
9.900000e+07 7.648186e-01 3.028913e-02 1.993201e-02
9.950000e+07 7.645755e-01 3.013706e-02 1.999202e-02
1.000000e+08 7.643337e-01 2.998651e-02 2.005182e-02
1.005000e+08 7.640932e-01 2.983746e-02 2.011142e-02
1.010000e+08 7.638539e-01 2.968988e-02 2.017082e-02
1.015000e+08 7.636159e-01 2.954375e-02 2.023003e-02
1.020000e+08 7.633790e-01 2.939905e-02 2.028905e-02
1.025000e+08 7.631434e-01 2.925576e-02 2.034787e-02
1.030000e+08 7.629091e-01 2.911387e-02 2.040649e-02
1.035000e+08 7.626759e-01 2.897334e-02 2.046493e-02
1.040000e+08 7.624438e-01 2.883416e-02 2.052318e-02
1.045000e+08 7.622130e-01 2.869631e-02 2.058124e-02
1.050000e+08 7.619833e-01 2.855977e-02 2.063911e-02
1.055000e+08 7.617548e-01 2.842453e-02 2.069680e-02
1.060000e+08 7.615274e-01 2.829056e-02 2.075431e-02
1.065000e+08 7.613011e-01 2.815784e-02 2.081163e-02
1.070000e+08 7.610759e-01 2.802637e-02 2.086877e-02
1.075000e+08 7.608519e-01 2.789612e-02 2.092573e-02
1.080000e+08 7.606289e-01 2.776707e-02 2.098251e-02
1.085000e+08 7.604070e-01 2.763921e-02 2.103911e-02
1.090000e+08 7.601862e-01 2.751252e-02 2.109554e-02
1.095000e+08 7.599665e-01 2.738698e-02 2.115179e-02
1.100000e+08 7.597478e-01 2.726259e-02 2.120787e-02
1.105000e+08 7.595301e-01 2.713932e-02 2.126378e-02
1.110000e+08 7.593135e-01 2.701716e-02 2.131951e-02
1.115000e+08 7.590979e-01 2.689610e-02 2.137508e-02
1.120000e+08 7.588834e-01 2.677611e-02 2.143047e-02
1.125000e+08 7.586698e-01 2.665719e-02 2.148570e-02
1.130000e+08 7.584572e-01 2.653932e-02 2.154076e-02
1.135000e+08 7.582456e-01 2.642249e-02 2.159565e-02
1.140000e+08 7.580350e-01 2.630668e-02 2.165038e-02
1.145000e+08 7.578254e-01 2.619188e-02 2.170495e-02
1.150000e+08 7.576167e-01 2.607808e-02 2.175935e-02
1.155000e+08 7.574090e-01 2.596527e-02 2.181359e-02
1.160000e+08 7.572022e-01 2.585342e-02 2.186767e-02
1.165000e+08 7.569964e-01 2.574254e-02 2.192160e-02
1.170000e+08 7.567915e-01 2.563260e-02 2.197536e-02
1.175000e+08 7.565875e-01 2.552360e-02 2.202897e-02
1.180000e+08 7.563844e-01 2.541552e-02 2.208242e-02
1.185000e+08 7.561822e-01 2.530835e-02 2.213571e-02
1.190000e+08 7.559809e-01 2.520208e-02 2.218885e-02
1.195000e+08 7.557806e-01 2.509670e-02 2.224184e-02
1.200000e+08 7.555810e-01 2.499219e-02 2.229467e-02
1.205000e+08 7.553824e-01 2.488855e-02 2.234736e-02
1.210000e+08 7.551846e-01 2.478577e-02 2.239989e-02
1.215000e+08 7.549877e-01 2.468383e-02 2.245228e-02
1.220000e+08 7.547917e-01 2.458273e-02 2.250451e-02
1.225000e+08 7.545965e-01 2.448246e-02 2.255660e-02
1.230000e+08 7.544021e-01 2.438299e-02 2.260854e-02
1.235000e+08 7.542085e-01 2.428433e-02 2.266034e-02
1.240000e+08 7.540158e-01 2.418647e-02 2.271199e-02
1.245000e+08 7.538239e-01 2.408939e-02 2.276350e-02
1.250000e+08 7.536328e-01 2.399309e-02 2.281486e-02
1.255000e+08 7.534425e-01 2.389756e-02 2.286609e-02
1.260000e+08 7.532530e-01 2.380278e-02 2.291717e-02
1.265000e+08 7.530643e-01 2.370875e-02 2.296811e-02
1.270000e+08 7.528764e-01 2.361546e-02 2.301891e-02
1.275000e+08 7.526893e-01 2.352290e-02 2.306957e-02
1.280000e+08 7.525029e-01 2.343107e-02 2.312010e-02
1.285000e+08 7.523173e-01 2.333994e-02 2.317048e-02
1.290000e+08 7.521325e-01 2.324953e-02 2.322074e-02
1.295000e+08 7.519484e-01 2.315981e-02 2.327085e-02
1.300000e+08 7.517650e-01 2.307078e-02 2.332084e-02
1.305000e+08 7.515824e-01 2.298243e-02 2.337068e-02
1.310000e+08 7.514006e-01 2.289476e-02 2.342040e-02
1.315000e+08 7.512194e-01 2.280775e-02 2.346998e-02
1.320000e+08 7.510390e-01 2.272141e-02 2.351943e-02
1.325000e+08 7.508593e-01 2.263571e-02 2.356875e-02
1.330000e+08 7.506804e-01 2.255065e-02 2.361795e-02
1.335000e+08 7.505021e-01 2.246624e-02 2.366701e-02
1.340000e+08 7.503245e-01 2.238245e-02 2.371594e-02
1.345000e+08 7.501477e-01 2.229929e-02 2.376475e-02
1.350000e+08 7.499715e-01 2.221674e-02 2.381343e-02
1.355000e+08 7.497960e-01 2.213480e-02 2.386198e-02
1.360000e+08 7.496212e-01 2.205346e-02 2.391041e-02
1.365000e+08 7.494470e-01 2.197272e-02 2.395871e-02
1.370000e+08 7.492736e-01 2.189256e-02 2.400689e-02
1.375000e+08 7.491008e-01 2.181299e-02 2.405494e-02
1.380000e+08 7.489287e-01 2.173400e-02 2.410288e-02
1.385000e+08 7.487572e-01 2.165557e-02 2.415069e-02
1.390000e+08 7.485864e-01 2.157771e-02 2.419838e-02
1.395000e+08 7.484162e-01 2.150041e-02 2.424595e-02
1.400000e+08 7.482466e-01 2.142365e-02 2.429340e-02
1.405000e+08 7.480777e-01 2.134745e-02 2.434073e-02
1.410000e+08 7.479095e-01 2.127178e-02 2.438794e-02
1.415000e+08 7.477418e-01 2.119665e-02 2.443503e-02
1.420000e+08 7.475748e-01 2.112205e-02 2.448201e-02
1.425000e+08 7.474084e-01 2.104797e-02 2.452887e-02
1.430000e+08 7.472427e-01 2.097441e-02 2.457561e-02
1.435000e+08 7.470775e-01 2.090136e-02 2.462224e-02
1.440000e+08 7.469129e-01 2.082881e-02 2.466876e-02
1.445000e+08 7.467490e-01 2.075677e-02 2.471516e-02
1.450000e+08 7.465856e-01 2.068523e-02 2.476144e-02
1.455000e+08 7.464228e-01 2.061418e-02 2.480762e-02
1.460000e+08 7.462607e-01 2.054361e-02 2.485368e-02
1.465000e+08 7.460991e-01 2.047352e-02 2.489963e-02
1.470000e+08 7.459380e-01 2.040391e-02 2.494547e-02
1.475000e+08 7.457776e-01 2.033478e-02 2.499120e-02
1.480000e+08 7.456177e-01 2.026611e-02 2.503682e-02
1.485000e+08 7.454584e-01 2.019790e-02 2.508233e-02
1.490000e+08 7.452997e-01 2.013015e-02 2.512773e-02
1.495000e+08 7.451415e-01 2.006285e-02 2.517302e-02
1.500000e+08 7.449839e-01 1.999600e-02 2.521820e-02
1.505000e+08 7.448269e-01 1.992960e-02 2.526328e-02
1.510000e+08 7.446704e-01 1.986363e-02 2.530825e-02
1.515000e+08 7.445144e-01 1.979810e-02 2.535312e-02
1.520000e+08 7.443590e-01 1.973300e-02 2.539788e-02
1.525000e+08 7.442041e-01 1.966833e-02 2.544254e-02
1.530000e+08 7.440498e-01 1.960407e-02 2.548709e-02
1.535000e+08 7.438959e-01 1.954024e-02 2.553154e-02
1.540000e+08 7.437427e-01 1.947682e-02 2.557588e-02
1.545000e+08 7.435899e-01 1.941382e-02 2.562012e-02
1.550000e+08 7.434377e-01 1.935121e-02 2.566426e-02
1.555000e+08 7.432859e-01 1.928902e-02 2.570830e-02
1.560000e+08 7.431347e-01 1.922721e-02 2.575224e-02
1.565000e+08 7.429840e-01 1.916581e-02 2.579608e-02
1.570000e+08 7.428338e-01 1.910479e-02 2.583981e-02
1.575000e+08 7.426841e-01 1.904416e-02 2.588345e-02
1.580000e+08 7.425350e-01 1.898392e-02 2.592699e-02
1.585000e+08 7.423863e-01 1.892406e-02 2.597043e-02
1.590000e+08 7.422381e-01 1.886457e-02 2.601377e-02
1.595000e+08 7.420904e-01 1.880545e-02 2.605701e-02
1.600000e+08 7.419432e-01 1.874670e-02 2.610016e-02
1.605000e+08 7.417964e-01 1.868832e-02 2.614321e-02
1.610000e+08 7.416502e-01 1.863031e-02 2.618616e-02
1.615000e+08 7.415044e-01 1.857265e-02 2.622902e-02
1.620000e+08 7.413591e-01 1.851534e-02 2.627179e-02
1.625000e+08 7.412143e-01 1.845839e-02 2.631445e-02
1.630000e+08 7.410700e-01 1.840179e-02 2.635703e-02
1.635000e+08 7.409261e-01 1.834554e-02 2.639951e-02
1.640000e+08 7.407826e-01 1.828962e-02 2.644190e-02
1.645000e+08 7.406397e-01 1.823405e-02 2.648419e-02
1.650000e+08 7.404972e-01 1.817881e-02 2.652639e-02
1.655000e+08 7.403551e-01 1.812391e-02 2.656850e-02
1.660000e+08 7.402136e-01 1.806934e-02 2.661052e-02
1.665000e+08 7.400724e-01 1.801509e-02 2.665245e-02
1.670000e+08 7.399317e-01 1.796117e-02 2.669428e-02
1.675000e+08 7.397915e-01 1.790758e-02 2.673603e-02
1.680000e+08 7.396517e-01 1.785430e-02 2.677769e-02
1.685000e+08 7.395123e-01 1.780133e-02 2.681925e-02
1.690000e+08 7.393734e-01 1.774868e-02 2.686073e-02
1.695000e+08 7.392349e-01 1.769634e-02 2.690212e-02
1.700000e+08 7.390968e-01 1.764431e-02 2.694342e-02
1.705000e+08 7.389591e-01 1.759258e-02 2.698464e-02
1.710000e+08 7.388219e-01 1.754116e-02 2.702576e-02
1.715000e+08 7.386851e-01 1.749004e-02 2.706680e-02
1.720000e+08 7.385488e-01 1.743921e-02 2.710775e-02
1.725000e+08 7.384128e-01 1.738867e-02 2.714862e-02
1.730000e+08 7.382773e-01 1.733843e-02 2.718940e-02
1.735000e+08 7.381422e-01 1.728848e-02 2.723010e-02
1.740000e+08 7.380074e-01 1.723882e-02 2.727071e-02
1.745000e+08 7.378731e-01 1.718944e-02 2.731123e-02
1.750000e+08 7.377392e-01 1.714034e-02 2.735168e-02
1.755000e+08 7.376057e-01 1.709152e-02 2.739204e-02
1.760000e+08 7.374726e-01 1.704298e-02 2.743231e-02
1.765000e+08 7.373400e-01 1.699471e-02 2.747250e-02
1.770000e+08 7.372077e-01 1.694672e-02 2.751261e-02
1.775000e+08 7.370758e-01 1.689899e-02 2.755264e-02
1.780000e+08 7.369442e-01 1.685154e-02 2.759258e-02
1.785000e+08 7.368131e-01 1.680435e-02 2.763245e-02
1.790000e+08 7.366824e-01 1.675742e-02 2.767223e-02
1.795000e+08 7.365520e-01 1.671076e-02 2.771193e-02
1.800000e+08 7.364221e-01 1.666435e-02 2.775155e-02
1.805000e+08 7.362925e-01 1.661820e-02 2.779109e-02
1.810000e+08 7.361633e-01 1.657231e-02 2.783056e-02
1.815000e+08 7.360345e-01 1.652667e-02 2.786994e-02
1.820000e+08 7.359060e-01 1.648128e-02 2.790924e-02
1.825000e+08 7.357779e-01 1.643614e-02 2.794847e-02
1.830000e+08 7.356502e-01 1.639124e-02 2.798761e-02
1.835000e+08 7.355229e-01 1.634659e-02 2.802668e-02
1.840000e+08 7.353959e-01 1.630218e-02 2.806567e-02
1.845000e+08 7.352693e-01 1.625801e-02 2.810459e-02
1.850000e+08 7.351430e-01 1.621408e-02 2.814342e-02
1.855000e+08 7.350171e-01 1.617039e-02 2.818218e-02
1.860000e+08 7.348916e-01 1.612693e-02 2.822086e-02
1.865000e+08 7.347664e-01 1.608371e-02 2.825947e-02
1.870000e+08 7.346416e-01 1.604072e-02 2.829800e-02
1.875000e+08 7.345171e-01 1.599795e-02 2.833646e-02
1.880000e+08 7.343930e-01 1.595542e-02 2.837484e-02
1.885000e+08 7.342692e-01 1.591310e-02 2.841315e-02
1.890000e+08 7.341458e-01 1.587102e-02 2.845138e-02
1.895000e+08 7.340227e-01 1.582915e-02 2.848954e-02
1.900000e+08 7.339000e-01 1.578751e-02 2.852763e-02
1.905000e+08 7.337776e-01 1.574608e-02 2.856564e-02
1.910000e+08 7.336556e-01 1.570487e-02 2.860358e-02
1.915000e+08 7.335338e-01 1.566387e-02 2.864144e-02
1.920000e+08 7.334125e-01 1.562309e-02 2.867924e-02
1.925000e+08 7.332914e-01 1.558252e-02 2.871696e-02
1.930000e+08 7.331707e-01 1.554216e-02 2.875461e-02
1.935000e+08 7.330503e-01 1.550201e-02 2.879218e-02
1.940000e+08 7.329302e-01 1.546207e-02 2.882969e-02
1.945000e+08 7.328105e-01 1.542233e-02 2.886713e-02
1.950000e+08 7.326911e-01 1.538280e-02 2.890449e-02
1.955000e+08 7.325720e-01 1.534346e-02 2.894179e-02
1.960000e+08 7.324533e-01 1.530433e-02 2.897901e-02
1.965000e+08 7.323348e-01 1.526540e-02 2.901616e-02
1.970000e+08 7.322167e-01 1.522666e-02 2.905325e-02
1.975000e+08 7.320989e-01 1.518812e-02 2.909027e-02
1.980000e+08 7.319814e-01 1.514978e-02 2.912721e-02
1.985000e+08 7.318642e-01 1.511162e-02 2.916409e-02
1.990000e+08 7.317474e-01 1.507366e-02 2.920090e-02
1.995000e+08 7.316308e-01 1.503589e-02 2.923764e-02
2.000000e+08 7.315145e-01 1.499831e-02 2.927432e-02
