# Models: X-axis(1) CSH3EndMembers(2) CSH3EndMembers(3) CSH3EndMembers(4) CSH3EndMembers(5)
# Labels: q_CH(1) X(2) Z(3) V(4) S_SHt(5)
1.000000e-20 5.019863e-22 2.000000e+00 4.300000e-02 1.000000e+00
1.047129e-20 5.378882e-22 2.000000e+00 4.300000e-02 1.000000e+00
1.096478e-20 5.763569e-22 2.000000e+00 4.300000e-02 1.000000e+00
1.148154e-20 6.175779e-22 2.000000e+00 4.300000e-02 1.000000e+00
1.202264e-20 6.617458e-22 2.000000e+00 4.300000e-02 1.000000e+00
1.258925e-20 7.090732e-22 2.000000e+00 4.300000e-02 1.000000e+00
1.318257e-20 7.597860e-22 2.000000e+00 4.300000e-02 1.000000e+00
1.380384e-20 8.141247e-22 2.000000e+00 4.300000e-02 1.000000e+00
1.445440e-20 8.723505e-22 2.000000e+00 4.300000e-02 1.000000e+00
1.513561e-20 9.347397e-22 2.000000e+00 4.300000e-02 1.000000e+00
1.584893e-20 1.001591e-21 2.000000e+00 4.300000e-02 1.000000e+00
1.659587e-20 1.073225e-21 2.000000e+00 4.300000e-02 1.000000e+00
1.737801e-20 1.149981e-21 2.000000e+00 4.300000e-02 1.000000e+00
1.819701e-20 1.232226e-21 2.000000e+00 4.300000e-02 1.000000e+00
1.905461e-20 1.320354e-21 2.000000e+00 4.300000e-02 1.000000e+00
1.995262e-20 1.414783e-21 2.000000e+00 4.300000e-02 1.000000e+00
2.089296e-20 1.515968e-21 2.000000e+00 4.300000e-02 1.000000e+00
2.187762e-20 1.624389e-21 2.000000e+00 4.300000e-02 1.000000e+00
2.290868e-20 1.740563e-21 2.000000e+00 4.300000e-02 1.000000e+00
2.398833e-20 1.865046e-21 2.000000e+00 4.300000e-02 1.000000e+00
2.511886e-20 1.998432e-21 2.000000e+00 4.300000e-02 1.000000e+00
2.630268e-20 2.141358e-21 2.000000e+00 4.300000e-02 1.000000e+00
2.754229e-20 2.294507e-21 2.000000e+00 4.300000e-02 1.000000e+00
2.884032e-20 2.458608e-21 2.000000e+00 4.300000e-02 1.000000e+00
3.019952e-20 2.634445e-21 2.000000e+00 4.300000e-02 1.000000e+00
3.162278e-20 2.822858e-21 2.000000e+00 4.300000e-02 1.000000e+00
3.311311e-20 3.024745e-21 2.000000e+00 4.300000e-02 1.000000e+00
3.467369e-20 3.241072e-21 2.000000e+00 4.300000e-02 1.000000e+00
3.630781e-20 3.472871e-21 2.000000e+00 4.300000e-02 1.000000e+00
3.801894e-20 3.721246e-21 2.000000e+00 4.300000e-02 1.000000e+00
3.981072e-20 3.987387e-21 2.000000e+00 4.300000e-02 1.000000e+00
4.168694e-20 4.272560e-21 2.000000e+00 4.300000e-02 1.000000e+00
4.365158e-20 4.578129e-21 2.000000e+00 4.300000e-02 1.000000e+00
4.570882e-20 4.905553e-21 2.000000e+00 4.300000e-02 1.000000e+00
4.786301e-20 5.256393e-21 2.000000e+00 4.300000e-02 1.000000e+00
5.011872e-20 5.632324e-21 2.000000e+00 4.300000e-02 1.000000e+00
5.248075e-20 6.035144e-21 2.000000e+00 4.300000e-02 1.000000e+00
5.495409e-20 6.466771e-21 2.000000e+00 4.300000e-02 1.000000e+00
5.754399e-20 6.929267e-21 2.000000e+00 4.300000e-02 1.000000e+00
6.025596e-20 7.424842e-21 2.000000e+00 4.300000e-02 1.000000e+00
6.309573e-20 7.955858e-21 2.000000e+00 4.300000e-02 1.000000e+00
6.606934e-20 8.524853e-21 2.000000e+00 4.300000e-02 1.000000e+00
6.918310e-20 9.134544e-21 2.000000e+00 4.300000e-02 1.000000e+00
7.244360e-20 9.787838e-21 2.000000e+00 4.300000e-02 1.000000e+00
7.585776e-20 1.048785e-20 2.000000e+00 4.300000e-02 1.000000e+00
7.943282e-20 1.123793e-20 2.000000e+00 4.300000e-02 1.000000e+00
8.317638e-20 1.204166e-20 2.000000e+00 4.300000e-02 1.000000e+00
8.709636e-20 1.290287e-20 2.000000e+00 4.300000e-02 1.000000e+00
9.120108e-20 1.382567e-20 2.000000e+00 4.300000e-02 1.000000e+00
9.549926e-20 1.481447e-20 2.000000e+00 4.300000e-02 1.000000e+00
1.000000e-19 1.587398e-20 2.000000e+00 4.300000e-02 1.000000e+00
1.047129e-19 1.700928e-20 2.000000e+00 4.300000e-02 1.000000e+00
1.096478e-19 1.822576e-20 2.000000e+00 4.300000e-02 1.000000e+00
1.148154e-19 1.952926e-20 2.000000e+00 4.300000e-02 1.000000e+00
1.202264e-19 2.092595e-20 2.000000e+00 4.300000e-02 1.000000e+00
1.258925e-19 2.242255e-20 2.000000e+00 4.300000e-02 1.000000e+00
1.318257e-19 2.402621e-20 2.000000e+00 4.300000e-02 1.000000e+00
1.380384e-19 2.574453e-20 2.000000e+00 4.300000e-02 1.000000e+00
1.445440e-19 2.758576e-20 2.000000e+00 4.300000e-02 1.000000e+00
1.513561e-19 2.955866e-20 2.000000e+00 4.300000e-02 1.000000e+00
1.584893e-19 3.167267e-20 2.000000e+00 4.300000e-02 1.000000e+00
1.659587e-19 3.393787e-20 2.000000e+00 4.300000e-02 1.000000e+00
1.737801e-19 3.636508e-20 2.000000e+00 4.300000e-02 1.000000e+00
1.819701e-19 3.896587e-20 2.000000e+00 4.300000e-02 1.000000e+00
1.905461e-19 4.175267e-20 2.000000e+00 4.300000e-02 1.000000e+00
1.995262e-19 4.473876e-20 2.000000e+00 4.300000e-02 1.000000e+00
2.089296e-19 4.793844e-20 2.000000e+00 4.300000e-02 1.000000e+00
2.187762e-19 5.136697e-20 2.000000e+00 4.300000e-02 1.000000e+00
2.290868e-19 5.504068e-20 2.000000e+00 4.300000e-02 1.000000e+00
2.398833e-19 5.897713e-20 2.000000e+00 4.300000e-02 1.000000e+00
2.511886e-19 6.319510e-20 2.000000e+00 4.300000e-02 1.000000e+00
2.630268e-19 6.771476e-20 2.000000e+00 4.300000e-02 1.000000e+00
2.754229e-19 7.255767e-20 2.000000e+00 4.300000e-02 1.000000e+00
2.884032e-19 7.774693e-20 2.000000e+00 4.300000e-02 1.000000e+00
3.019952e-19 8.330730e-20 2.000000e+00 4.300000e-02 1.000000e+00
3.162278e-19 8.926536e-20 2.000000e+00 4.300000e-02 1.000000e+00
3.311311e-19 9.564950e-20 2.000000e+00 4.300000e-02 1.000000e+00
3.467369e-19 1.024903e-19 2.000000e+00 4.300000e-02 1.000000e+00
3.630781e-19 1.098203e-19 2.000000e+00 4.300000e-02 1.000000e+00
3.801894e-19 1.176745e-19 2.000000e+00 4.300000e-02 1.000000e+00
3.981072e-19 1.260905e-19 2.000000e+00 4.300000e-02 1.000000e+00
4.168694e-19 1.351084e-19 2.000000e+00 4.300000e-02 1.000000e+00
4.365158e-19 1.447711e-19 2.000000e+00 4.300000e-02 1.000000e+00
4.570882e-19 1.551251e-19 2.000000e+00 4.300000e-02 1.000000e+00
4.786301e-19 1.662194e-19 2.000000e+00 4.300000e-02 1.000000e+00
5.011872e-19 1.781073e-19 2.000000e+00 4.300000e-02 1.000000e+00
5.248075e-19 1.908454e-19 2.000000e+00 4.300000e-02 1.000000e+00
5.495409e-19 2.044944e-19 2.000000e+00 4.300000e-02 1.000000e+00
5.754399e-19 2.191196e-19 2.000000e+00 4.300000e-02 1.000000e+00
6.025596e-19 2.347909e-19 2.000000e+00 4.300000e-02 1.000000e+00
6.309573e-19 2.515829e-19 2.000000e+00 4.300000e-02 1.000000e+00
6.606934e-19 2.695758e-19 2.000000e+00 4.300000e-02 1.000000e+00
6.918310e-19 2.888557e-19 2.000000e+00 4.300000e-02 1.000000e+00
7.244360e-19 3.095143e-19 2.000000e+00 4.300000e-02 1.000000e+00
7.585776e-19 3.316505e-19 2.000000e+00 4.300000e-02 1.000000e+00
7.943282e-19 3.553698e-19 2.000000e+00 4.300000e-02 1.000000e+00
8.317638e-19 3.807855e-19 2.000000e+00 4.300000e-02 1.000000e+00
8.709636e-19 4.080189e-19 2.000000e+00 4.300000e-02 1.000000e+00
9.120108e-19 4.371999e-19 2.000000e+00 4.300000e-02 1.000000e+00
9.549926e-19 4.684681e-19 2.000000e+00 4.300000e-02 1.000000e+00
1.000000e-18 5.019725e-19 2.000000e+00 4.300000e-02 1.000000e+00
1.047129e-18 5.378734e-19 2.000000e+00 4.300000e-02 1.000000e+00
1.096478e-18 5.763410e-19 2.000000e+00 4.300000e-02 1.000000e+00
1.148154e-18 6.175608e-19 2.000000e+00 4.300000e-02 1.000000e+00
1.202264e-18 6.617275e-19 2.000000e+00 4.300000e-02 1.000000e+00
1.258925e-18 7.090536e-19 2.000000e+00 4.300000e-02 1.000000e+00
1.318257e-18 7.597650e-19 2.000000e+00 4.300000e-02 1.000000e+00
1.380384e-18 8.141022e-19 2.000000e+00 4.300000e-02 1.000000e+00
1.445440e-18 8.723264e-19 2.000000e+00 4.300000e-02 1.000000e+00
1.513561e-18 9.347139e-19 2.000000e+00 4.300000e-02 1.000000e+00
1.584893e-18 1.001564e-18 2.000000e+00 4.300000e-02 1.000000e+00
1.659587e-18 1.073195e-18 2.000000e+00 4.300000e-02 1.000000e+00
1.737801e-18 1.149949e-18 2.000000e+00 4.300000e-02 1.000000e+00
1.819701e-18 1.232192e-18 2.000000e+00 4.300000e-02 1.000000e+00
1.905461e-18 1.320317e-18 2.000000e+00 4.300000e-02 1.000000e+00
1.995262e-18 1.414744e-18 2.000000e+00 4.300000e-02 1.000000e+00
2.089296e-18 1.515926e-18 2.000000e+00 4.300000e-02 1.000000e+00
2.187762e-18 1.624344e-18 2.000000e+00 4.300000e-02 1.000000e+00
2.290868e-18 1.740515e-18 2.000000e+00 4.300000e-02 1.000000e+00
2.398833e-18 1.864995e-18 2.000000e+00 4.300000e-02 1.000000e+00
2.511886e-18 1.998377e-18 2.000000e+00 4.300000e-02 1.000000e+00
2.630268e-18 2.141299e-18 2.000000e+00 4.300000e-02 1.000000e+00
2.754229e-18 2.294443e-18 2.000000e+00 4.300000e-02 1.000000e+00
2.884032e-18 2.458540e-18 2.000000e+00 4.300000e-02 1.000000e+00
3.019952e-18 2.634372e-18 2.000000e+00 4.300000e-02 1.000000e+00
3.162278e-18 2.822780e-18 2.000000e+00 4.300000e-02 1.000000e+00
3.311311e-18 3.024661e-18 2.000000e+00 4.300000e-02 1.000000e+00
3.467369e-18 3.240983e-18 2.000000e+00 4.300000e-02 1.000000e+00
3.630781e-18 3.472775e-18 2.000000e+00 4.300000e-02 1.000000e+00
3.801894e-18 3.721143e-18 2.000000e+00 4.300000e-02 1.000000e+00
3.981072e-18 3.987276e-18 2.000000e+00 4.300000e-02 1.000000e+00
4.168694e-18 4.272442e-18 2.000000e+00 4.300000e-02 1.000000e+00
4.365158e-18 4.578002e-18 2.000000e+00 4.300000e-02 1.000000e+00
4.570882e-18 4.905417e-18 2.000000e+00 4.300000e-02 1.000000e+00
4.786301e-18 5.256248e-18 2.000000e+00 4.300000e-02 1.000000e+00
5.011872e-18 5.632169e-18 2.000000e+00 4.300000e-02 1.000000e+00
5.248075e-18 6.034977e-18 2.000000e+00 4.300000e-02 1.000000e+00
5.495409e-18 6.466592e-18 2.000000e+00 4.300000e-02 1.000000e+00
5.754399e-18 6.929075e-18 2.000000e+00 4.300000e-02 1.000000e+00
6.025596e-18 7.424637e-18 2.000000e+00 4.300000e-02 1.000000e+00
6.309573e-18 7.955639e-18 2.000000e+00 4.300000e-02 1.000000e+00
6.606934e-18 8.524618e-18 2.000000e+00 4.300000e-02 1.000000e+00
6.918310e-18 9.134292e-18 2.000000e+00 4.300000e-02 1.000000e+00
7.244360e-18 9.787567e-18 2.000000e+00 4.300000e-02 1.000000e+00
7.585776e-18 1.048756e-17 2.000000e+00 4.300000e-02 1.000000e+00
7.943282e-18 1.123762e-17 2.000000e+00 4.300000e-02 1.000000e+00
8.317638e-18 1.204133e-17 2.000000e+00 4.300000e-02 1.000000e+00
8.709636e-18 1.290251e-17 2.000000e+00 4.300000e-02 1.000000e+00
9.120108e-18 1.382529e-17 2.000000e+00 4.300000e-02 1.000000e+00
9.549926e-18 1.481406e-17 2.000000e+00 4.300000e-02 1.000000e+00
1.000000e-17 1.587354e-17 2.000000e+00 4.300000e-02 1.000000e+00
1.047129e-17 1.700881e-17 2.000000e+00 4.300000e-02 1.000000e+00
1.096478e-17 1.822525e-17 2.000000e+00 4.300000e-02 1.000000e+00
1.148154e-17 1.952872e-17 2.000000e+00 4.300000e-02 1.000000e+00
1.202264e-17 2.092537e-17 2.000000e+00 4.300000e-02 1.000000e+00
1.258925e-17 2.242193e-17 2.000000e+00 4.300000e-02 1.000000e+00
1.318257e-17 2.402555e-17 2.000000e+00 4.300000e-02 1.000000e+00
1.380384e-17 2.574382e-17 2.000000e+00 4.300000e-02 1.000000e+00
1.445440e-17 2.758500e-17 2.000000e+00 4.300000e-02 1.000000e+00
1.513561e-17 2.955784e-17 2.000000e+00 4.300000e-02 1.000000e+00
1.584893e-17 3.167179e-17 2.000000e+00 4.300000e-02 1.000000e+00
1.659587e-17 3.393693e-17 2.000000e+00 4.300000e-02 1.000000e+00
1.737801e-17 3.636407e-17 2.000000e+00 4.300000e-02 1.000000e+00
1.819701e-17 3.896479e-17 2.000000e+00 4.300000e-02 1.000000e+00
1.905461e-17 4.175152e-17 2.000000e+00 4.300000e-02 1.000000e+00
1.995262e-17 4.473753e-17 2.000000e+00 4.300000e-02 1.000000e+00
2.089296e-17 4.793712e-17 2.000000e+00 4.300000e-02 1.000000e+00
2.187762e-17 5.136555e-17 2.000000e+00 4.300000e-02 1.000000e+00
2.290868e-17 5.503916e-17 2.000000e+00 4.300000e-02 1.000000e+00
2.398833e-17 5.897550e-17 2.000000e+00 4.300000e-02 1.000000e+00
2.511886e-17 6.319335e-17 2.000000e+00 4.300000e-02 1.000000e+00
2.630268e-17 6.771289e-17 2.000000e+00 4.300000e-02 1.000000e+00
2.754229e-17 7.255566e-17 2.000000e+00 4.300000e-02 1.000000e+00
2.884032e-17 7.774478e-17 2.000000e+00 4.300000e-02 1.000000e+00
3.019952e-17 8.330500e-17 2.000000e+00 4.300000e-02 1.000000e+00
3.162278e-17 8.926289e-17 2.000000e+00 4.300000e-02 1.000000e+00
3.311311e-17 9.564686e-17 2.000000e+00 4.300000e-02 1.000000e+00
3.467369e-17 1.024875e-16 2.000000e+00 4.300000e-02 1.000000e+00
3.630781e-17 1.098173e-16 2.000000e+00 4.300000e-02 1.000000e+00
3.801894e-17 1.176713e-16 2.000000e+00 4.300000e-02 1.000000e+00
3.981072e-17 1.260870e-16 2.000000e+00 4.300000e-02 1.000000e+00
4.168694e-17 1.351046e-16 2.000000e+00 4.300000e-02 1.000000e+00
4.365158e-17 1.447671e-16 2.000000e+00 4.300000e-02 1.000000e+00
4.570882e-17 1.551208e-16 2.000000e+00 4.300000e-02 1.000000e+00
4.786301e-17 1.662148e-16 2.000000e+00 4.300000e-02 1.000000e+00
5.011872e-17 1.781023e-16 2.000000e+00 4.300000e-02 1.000000e+00
5.248075e-17 1.908401e-16 2.000000e+00 4.300000e-02 1.000000e+00
5.495409e-17 2.044888e-16 2.000000e+00 4.300000e-02 1.000000e+00
5.754399e-17 2.191136e-16 2.000000e+00 4.300000e-02 1.000000e+00
6.025596e-17 2.347844e-16 2.000000e+00 4.300000e-02 1.000000e+00
6.309573e-17 2.515759e-16 2.000000e+00 4.300000e-02 1.000000e+00
6.606934e-17 2.695684e-16 2.000000e+00 4.300000e-02 1.000000e+00
6.918310e-17 2.888477e-16 2.000000e+00 4.300000e-02 1.000000e+00
7.244360e-17 3.095058e-16 2.000000e+00 4.300000e-02 1.000000e+00
7.585776e-17 3.316413e-16 2.000000e+00 4.300000e-02 1.000000e+00
7.943282e-17 3.553599e-16 2.000000e+00 4.300000e-02 1.000000e+00
8.317638e-17 3.807750e-16 2.000000e+00 4.300000e-02 1.000000e+00
8.709636e-17 4.080076e-16 2.000000e+00 4.300000e-02 1.000000e+00
9.120108e-17 4.371879e-16 2.000000e+00 4.300000e-02 1.000000e+00
9.549926e-17 4.684552e-16 2.000000e+00 4.300000e-02 1.000000e+00
1.000000e-16 5.019586e-16 2.000000e+00 4.300000e-02 1.000000e+00
1.047129e-16 5.378585e-16 2.000000e+00 4.300000e-02 1.000000e+00
1.096478e-16 5.763251e-16 2.000000e+00 4.300000e-02 1.000000e+00
1.148154e-16 6.175438e-16 2.000000e+00 4.300000e-02 1.000000e+00
1.202264e-16 6.617092e-16 2.000000e+00 4.300000e-02 1.000000e+00
1.258925e-16 7.090340e-16 2.000000e+00 4.300000e-02 1.000000e+00
1.318257e-16 7.597440e-16 2.000000e+00 4.300000e-02 1.000000e+00
1.380384e-16 8.140797e-16 2.000000e+00 4.300000e-02 1.000000e+00
1.445440e-16 8.723023e-16 2.000000e+00 4.300000e-02 1.000000e+00
1.513561e-16 9.346881e-16 2.000000e+00 4.300000e-02 1.000000e+00
1.584893e-16 1.001536e-15 2.000000e+00 4.300000e-02 1.000000e+00
1.659587e-16 1.073165e-15 2.000000e+00 4.300000e-02 1.000000e+00
1.737801e-16 1.149917e-15 2.000000e+00 4.300000e-02 1.000000e+00
1.819701e-16 1.232158e-15 2.000000e+00 4.300000e-02 1.000000e+00
1.905461e-16 1.320281e-15 2.000000e+00 4.300000e-02 1.000000e+00
1.995262e-16 1.414705e-15 2.000000e+00 4.300000e-02 1.000000e+00
2.089296e-16 1.515884e-15 2.000000e+00 4.300000e-02 1.000000e+00
2.187762e-16 1.624299e-15 2.000000e+00 4.300000e-02 1.000000e+00
2.290868e-16 1.740467e-15 2.000000e+00 4.300000e-02 1.000000e+00
2.398833e-16 1.864943e-15 2.000000e+00 4.300000e-02 1.000000e+00
2.511886e-16 1.998322e-15 2.000000e+00 4.300000e-02 1.000000e+00
2.630268e-16 2.141240e-15 2.000000e+00 4.300000e-02 1.000000e+00
2.754229e-16 2.294380e-15 2.000000e+00 4.300000e-02 1.000000e+00
2.884032e-16 2.458472e-15 2.000000e+00 4.300000e-02 1.000000e+00
3.019952e-16 2.634299e-15 2.000000e+00 4.300000e-02 1.000000e+00
3.162278e-16 2.822702e-15 2.000000e+00 4.300000e-02 1.000000e+00
3.311311e-16 3.024578e-15 2.000000e+00 4.300000e-02 1.000000e+00
3.467369e-16 3.240893e-15 2.000000e+00 4.300000e-02 1.000000e+00
3.630781e-16 3.472679e-15 2.000000e+00 4.300000e-02 1.000000e+00
3.801894e-16 3.721041e-15 2.000000e+00 4.300000e-02 1.000000e+00
3.981072e-16 3.987166e-15 2.000000e+00 4.300000e-02 1.000000e+00
4.168694e-16 4.272324e-15 2.000000e+00 4.300000e-02 1.000000e+00
4.365158e-16 4.577876e-15 2.000000e+00 4.300000e-02 1.000000e+00
4.570882e-16 4.905282e-15 2.000000e+00 4.300000e-02 1.000000e+00
4.786301e-16 5.256102e-15 2.000000e+00 4.300000e-02 1.000000e+00
5.011872e-16 5.632013e-15 2.000000e+00 4.300000e-02 1.000000e+00
5.248075e-16 6.034810e-15 2.000000e+00 4.300000e-02 1.000000e+00
5.495409e-16 6.466414e-15 2.000000e+00 4.300000e-02 1.000000e+00
5.754399e-16 6.928884e-15 2.000000e+00 4.300000e-02 1.000000e+00
6.025596e-16 7.424432e-15 2.000000e+00 4.300000e-02 1.000000e+00
6.309573e-16 7.955419e-15 2.000000e+00 4.300000e-02 1.000000e+00
6.606934e-16 8.524382e-15 2.000000e+00 4.300000e-02 1.000000e+00
6.918310e-16 9.134039e-15 2.000000e+00 4.300000e-02 1.000000e+00
7.244360e-16 9.787297e-15 2.000000e+00 4.300000e-02 1.000000e+00
7.585776e-16 1.048727e-14 2.000000e+00 4.300000e-02 1.000000e+00
7.943282e-16 1.123731e-14 2.000000e+00 4.300000e-02 1.000000e+00
8.317638e-16 1.204100e-14 2.000000e+00 4.300000e-02 1.000000e+00
8.709636e-16 1.290216e-14 2.000000e+00 4.300000e-02 1.000000e+00
9.120108e-16 1.382490e-14 2.000000e+00 4.300000e-02 1.000000e+00
9.549926e-16 1.481365e-14 2.000000e+00 4.300000e-02 1.000000e+00
1.000000e-15 1.587310e-14 2.000000e+00 4.300000e-02 1.000000e+00
1.047129e-15 1.700834e-14 2.000000e+00 4.300000e-02 1.000000e+00
1.096478e-15 1.822475e-14 2.000000e+00 4.300000e-02 1.000000e+00
1.148154e-15 1.952818e-14 2.000000e+00 4.300000e-02 1.000000e+00
1.202264e-15 2.092479e-14 2.000000e+00 4.300000e-02 1.000000e+00
1.258925e-15 2.242131e-14 2.000000e+00 4.300000e-02 1.000000e+00
1.318257e-15 2.402488e-14 2.000000e+00 4.300000e-02 1.000000e+00
1.380384e-15 2.574310e-14 2.000000e+00 4.300000e-02 1.000000e+00
1.445440e-15 2.758424e-14 2.000000e+00 4.300000e-02 1.000000e+00
1.513561e-15 2.955702e-14 2.000000e+00 4.300000e-02 1.000000e+00
1.584893e-15 3.167091e-14 2.000000e+00 4.300000e-02 1.000000e+00
1.659587e-15 3.393600e-14 2.000000e+00 4.300000e-02 1.000000e+00
1.737801e-15 3.636307e-14 2.000000e+00 4.300000e-02 1.000000e+00
1.819701e-15 3.896372e-14 2.000000e+00 4.300000e-02 1.000000e+00
1.905461e-15 4.175037e-14 2.000000e+00 4.300000e-02 1.000000e+00
1.995262e-15 4.473629e-14 2.000000e+00 4.300000e-02 1.000000e+00
2.089296e-15 4.793579e-14 2.000000e+00 4.300000e-02 1.000000e+00
2.187762e-15 5.136413e-14 2.000000e+00 4.300000e-02 1.000000e+00
2.290868e-15 5.503764e-14 2.000000e+00 4.300000e-02 1.000000e+00
2.398833e-15 5.897387e-14 2.000000e+00 4.300000e-02 1.000000e+00
2.511886e-15 6.319160e-14 2.000000e+00 4.300000e-02 1.000000e+00
2.630268e-15 6.771102e-14 2.000000e+00 4.300000e-02 1.000000e+00
2.754229e-15 7.255366e-14 2.000000e+00 4.300000e-02 1.000000e+00
2.884032e-15 7.774263e-14 2.000000e+00 4.300000e-02 1.000000e+00
3.019952e-15 8.330270e-14 2.000000e+00 4.300000e-02 1.000000e+00
3.162278e-15 8.926043e-14 2.000000e+00 4.300000e-02 1.000000e+00
3.311311e-15 9.564422e-14 2.000000e+00 4.300000e-02 1.000000e+00
3.467369e-15 1.024846e-13 2.000000e+00 4.300000e-02 1.000000e+00
3.630781e-15 1.098142e-13 2.000000e+00 4.300000e-02 1.000000e+00
3.801894e-15 1.176680e-13 2.000000e+00 4.300000e-02 1.000000e+00
3.981072e-15 1.260835e-13 2.000000e+00 4.300000e-02 1.000000e+00
4.168694e-15 1.351009e-13 2.000000e+00 4.300000e-02 1.000000e+00
4.365158e-15 1.447631e-13 2.000000e+00 4.300000e-02 1.000000e+00
4.570882e-15 1.551165e-13 2.000000e+00 4.300000e-02 1.000000e+00
4.786301e-15 1.662103e-13 2.000000e+00 4.300000e-02 1.000000e+00
5.011872e-15 1.780974e-13 2.000000e+00 4.300000e-02 1.000000e+00
5.248075e-15 1.908348e-13 2.000000e+00 4.300000e-02 1.000000e+00
5.495409e-15 2.044831e-13 2.000000e+00 4.300000e-02 1.000000e+00
5.754399e-15 2.191075e-13 2.000000e+00 4.300000e-02 1.000000e+00
6.025596e-15 2.347779e-13 2.000000e+00 4.300000e-02 1.000000e+00
6.309573e-15 2.515690e-13 2.000000e+00 4.300000e-02 1.000000e+00
6.606934e-15 2.695609e-13 2.000000e+00 4.300000e-02 1.000000e+00
6.918310e-15 2.888397e-13 2.000000e+00 4.300000e-02 1.000000e+00
7.244360e-15 3.094972e-13 2.000000e+00 4.300000e-02 1.000000e+00
7.585776e-15 3.316322e-13 2.000000e+00 4.300000e-02 1.000000e+00
7.943282e-15 3.553501e-13 2.000000e+00 4.300000e-02 1.000000e+00
8.317638e-15 3.807644e-13 2.000000e+00 4.300000e-02 1.000000e+00
8.709636e-15 4.079963e-13 2.000000e+00 4.300000e-02 1.000000e+00
9.120108e-15 4.371758e-13 2.000000e+00 4.300000e-02 1.000000e+00
9.549926e-15 4.684422e-13 2.000000e+00 4.300000e-02 1.000000e+00
1.000000e-14 5.019447e-13 2.000000e+00 4.300000e-02 1.000000e+00
1.047129e-14 5.378437e-13 2.000000e+00 4.300000e-02 1.000000e+00
1.096478e-14 5.763092e-13 2.000000e+00 4.300000e-02 1.000000e+00
1.148154e-14 6.175267e-13 2.000000e+00 4.300000e-02 1.000000e+00
1.202264e-14 6.616909e-13 2.000000e+00 4.300000e-02 1.000000e+00
1.258925e-14 7.090144e-13 2.000000e+00 4.300000e-02 1.000000e+00
1.318257e-14 7.597230e-13 2.000000e+00 4.300000e-02 1.000000e+00
1.380384e-14 8.140572e-13 2.000000e+00 4.300000e-02 1.000000e+00
1.445440e-14 8.722782e-13 2.000000e+00 4.300000e-02 1.000000e+00
1.513561e-14 9.346622e-13 2.000000e+00 4.300000e-02 1.000000e+00
1.584893e-14 1.001508e-12 2.000000e+00 4.300000e-02 1.000000e+00
1.659587e-14 1.073136e-12 2.000000e+00 4.300000e-02 1.000000e+00
1.737801e-14 1.149885e-12 2.000000e+00 4.300000e-02 1.000000e+00
1.819701e-14 1.232124e-12 2.000000e+00 4.300000e-02 1.000000e+00
1.905461e-14 1.320244e-12 2.000000e+00 4.300000e-02 1.000000e+00
1.995262e-14 1.414666e-12 2.000000e+00 4.300000e-02 1.000000e+00
2.089296e-14 1.515842e-12 2.000000e+00 4.300000e-02 1.000000e+00
2.187762e-14 1.624254e-12 2.000000e+00 4.300000e-02 1.000000e+00
2.290868e-14 1.740419e-12 2.000000e+00 4.300000e-02 1.000000e+00
2.398833e-14 1.864892e-12 2.000000e+00 4.300000e-02 1.000000e+00
2.511886e-14 1.998266e-12 2.000000e+00 4.300000e-02 1.000000e+00
2.630268e-14 2.141181e-12 2.000000e+00 4.300000e-02 1.000000e+00
2.754229e-14 2.294316e-12 2.000000e+00 4.300000e-02 1.000000e+00
2.884032e-14 2.458404e-12 2.000000e+00 4.300000e-02 1.000000e+00
3.019952e-14 2.634226e-12 2.000000e+00 4.300000e-02 1.000000e+00
3.162278e-14 2.822624e-12 2.000000e+00 4.300000e-02 1.000000e+00
3.311311e-14 3.024494e-12 2.000000e+00 4.300000e-02 1.000000e+00
3.467369e-14 3.240804e-12 2.000000e+00 4.300000e-02 1.000000e+00
3.630781e-14 3.472583e-12 2.000000e+00 4.300000e-02 1.000000e+00
3.801894e-14 3.720938e-12 2.000000e+00 4.300000e-02 1.000000e+00
3.981072e-14 3.987056e-12 2.000000e+00 4.300000e-02 1.000000e+00
4.168694e-14 4.272206e-12 2.000000e+00 4.300000e-02 1.000000e+00
4.365158e-14 4.577749e-12 2.000000e+00 4.300000e-02 1.000000e+00
4.570882e-14 4.905146e-12 2.000000e+00 4.300000e-02 1.000000e+00
4.786301e-14 5.255957e-12 2.000000e+00 4.300000e-02 1.000000e+00
5.011872e-14 5.631857e-12 2.000000e+00 4.300000e-02 1.000000e+00
5.248075e-14 6.034643e-12 2.000000e+00 4.300000e-02 1.000000e+00
5.495409e-14 6.466235e-12 2.000000e+00 4.300000e-02 1.000000e+00
5.754399e-14 6.928692e-12 2.000000e+00 4.300000e-02 1.000000e+00
6.025596e-14 7.424227e-12 2.000000e+00 4.300000e-02 1.000000e+00
6.309573e-14 7.955199e-12 2.000000e+00 4.300000e-02 1.000000e+00
6.606934e-14 8.524147e-12 2.000000e+00 4.300000e-02 1.000000e+00
6.918310e-14 9.133787e-12 2.000000e+00 4.300000e-02 1.000000e+00
7.244360e-14 9.787027e-12 2.000000e+00 4.300000e-02 1.000000e+00
7.585776e-14 1.048698e-11 2.000000e+00 4.300000e-02 1.000000e+00
7.943282e-14 1.123700e-11 2.000000e+00 4.300000e-02 1.000000e+00
8.317638e-14 1.204066e-11 2.000000e+00 4.300000e-02 1.000000e+00
8.709636e-14 1.290180e-11 2.000000e+00 4.300000e-02 1.000000e+00
9.120108e-14 1.382452e-11 2.000000e+00 4.300000e-02 1.000000e+00
9.549926e-14 1.481324e-11 2.000000e+00 4.300000e-02 1.000000e+00
1.000000e-13 1.587267e-11 2.000000e+00 4.300000e-02 1.000000e+00
1.047129e-13 1.700787e-11 2.000000e+00 4.300000e-02 1.000000e+00
1.096478e-13 1.822424e-11 2.000000e+00 4.300000e-02 1.000000e+00
1.148154e-13 1.952764e-11 2.000000e+00 4.300000e-02 1.000000e+00
1.202264e-13 2.092421e-11 2.000000e+00 4.300000e-02 1.000000e+00
1.258925e-13 2.242070e-11 2.000000e+00 4.300000e-02 1.000000e+00
1.318257e-13 2.402422e-11 2.000000e+00 4.300000e-02 1.000000e+00
1.380384e-13 2.574239e-11 2.000000e+00 4.300000e-02 1.000000e+00
1.445440e-13 2.758348e-11 2.000000e+00 4.300000e-02 1.000000e+00
1.513561e-13 2.955621e-11 2.000000e+00 4.300000e-02 1.000000e+00
1.584893e-13 3.167004e-11 2.000000e+00 4.300000e-02 1.000000e+00
1.659587e-13 3.393506e-11 2.000000e+00 4.300000e-02 1.000000e+00
1.737801e-13 3.636206e-11 2.000000e+00 4.300000e-02 1.000000e+00
1.819701e-13 3.896264e-11 2.000000e+00 4.300000e-02 1.000000e+00
1.905461e-13 4.174921e-11 2.000000e+00 4.300000e-02 1.000000e+00
1.995262e-13 4.473506e-11 2.000000e+00 4.300000e-02 1.000000e+00
2.089296e-13 4.793447e-11 2.000000e+00 4.300000e-02 1.000000e+00
2.187762e-13 5.136271e-11 2.000000e+00 4.300000e-02 1.000000e+00
2.290868e-13 5.503612e-11 2.000000e+00 4.300000e-02 1.000000e+00
2.398833e-13 5.897224e-11 2.000000e+00 4.300000e-02 1.000000e+00
2.511886e-13 6.318986e-11 2.000000e+00 4.300000e-02 1.000000e+00
2.630268e-13 6.770915e-11 2.000000e+00 4.300000e-02 1.000000e+00
2.754229e-13 7.255165e-11 2.000000e+00 4.300000e-02 1.000000e+00
2.884032e-13 7.774048e-11 2.000000e+00 4.300000e-02 1.000000e+00
3.019952e-13 8.330040e-11 2.000000e+00 4.300000e-02 1.000000e+00
3.162278e-13 8.925796e-11 2.000000e+00 4.300000e-02 1.000000e+00
3.311311e-13 9.564158e-11 2.000000e+00 4.300000e-02 1.000000e+00
3.467369e-13 1.024818e-10 2.000000e+00 4.300000e-02 1.000000e+00
3.630781e-13 1.098112e-10 2.000000e+00 4.300000e-02 1.000000e+00
3.801894e-13 1.176648e-10 2.000000e+00 4.300000e-02 1.000000e+00
3.981072e-13 1.260800e-10 2.000000e+00 4.300000e-02 1.000000e+00
4.168694e-13 1.350972e-10 2.000000e+00 4.300000e-02 1.000000e+00
4.365158e-13 1.447591e-10 2.000000e+00 4.300000e-02 1.000000e+00
4.570882e-13 1.551122e-10 2.000000e+00 4.300000e-02 1.000000e+00
4.786301e-13 1.662057e-10 2.000000e+00 4.300000e-02 1.000000e+00
5.011872e-13 1.780925e-10 2.000000e+00 4.300000e-02 1.000000e+00
5.248075e-13 1.908295e-10 2.000000e+00 4.300000e-02 1.000000e+00
5.495409e-13 2.044775e-10 2.000000e+00 4.300000e-02 1.000000e+00
5.754399e-13 2.191015e-10 2.000000e+00 4.300000e-02 1.000000e+00
6.025596e-13 2.347714e-10 2.000000e+00 4.300000e-02 1.000000e+00
6.309573e-13 2.515620e-10 2.000000e+00 4.300000e-02 1.000000e+00
6.606934e-13 2.695535e-10 2.000000e+00 4.300000e-02 1.000000e+00
6.918310e-13 2.888317e-10 2.000000e+00 4.300000e-02 1.000000e+00
7.244360e-13 3.094887e-10 2.000000e+00 4.300000e-02 1.000000e+00
7.585776e-13 3.316230e-10 2.000000e+00 4.300000e-02 1.000000e+00
7.943282e-13 3.553403e-10 2.000000e+00 4.300000e-02 1.000000e+00
8.317638e-13 3.807539e-10 2.000000e+00 4.300000e-02 1.000000e+00
8.709636e-13 4.079851e-10 2.000000e+00 4.300000e-02 1.000000e+00
9.120108e-13 4.371637e-10 2.000000e+00 4.300000e-02 1.000000e+00
9.549926e-13 4.684293e-10 2.000000e+00 4.300000e-02 1.000000e+00
1.000000e-12 5.019308e-10 2.000000e+00 4.300000e-02 1.000000e+00
1.047129e-12 5.378288e-10 2.000000e+00 4.300000e-02 1.000000e+00
1.096478e-12 5.762932e-10 2.000000e+00 4.300000e-02 1.000000e+00
1.148154e-12 6.175096e-10 2.000000e+00 4.300000e-02 1.000000e+00
1.202264e-12 6.616726e-10 2.000000e+00 4.300000e-02 1.000000e+00
1.258925e-12 7.089948e-10 2.000000e+00 4.300000e-02 1.000000e+00
1.318257e-12 7.597020e-10 2.000000e+00 4.300000e-02 1.000000e+00
1.380384e-12 8.140347e-10 2.000000e+00 4.300000e-02 1.000000e+00
1.445440e-12 8.722541e-10 2.000000e+00 4.300000e-02 1.000000e+00
1.513561e-12 9.346364e-10 2.000000e+00 4.300000e-02 1.000000e+00
1.584893e-12 1.001481e-09 2.000000e+00 4.300000e-02 1.000000e+00
1.659587e-12 1.073106e-09 2.000000e+00 4.300000e-02 1.000000e+00
1.737801e-12 1.149854e-09 2.000000e+00 4.300000e-02 1.000000e+00
1.819701e-12 1.232090e-09 2.000000e+00 4.300000e-02 1.000000e+00
1.905461e-12 1.320208e-09 2.000000e+00 4.300000e-02 1.000000e+00
1.995262e-12 1.414627e-09 2.000000e+00 4.300000e-02 1.000000e+00
2.089296e-12 1.515800e-09 2.000000e+00 4.300000e-02 1.000000e+00
2.187762e-12 1.624209e-09 2.000000e+00 4.300000e-02 1.000000e+00
2.290868e-12 1.740371e-09 2.000000e+00 4.300000e-02 1.000000e+00
2.398833e-12 1.864840e-09 2.000000e+00 4.300000e-02 1.000000e+00
2.511886e-12 1.998211e-09 2.000000e+00 4.300000e-02 1.000000e+00
2.630268e-12 2.141122e-09 2.000000e+00 4.300000e-02 1.000000e+00
2.754229e-12 2.294253e-09 2.000000e+00 4.300000e-02 1.000000e+00
2.884032e-12 2.458336e-09 2.000000e+00 4.300000e-02 1.000000e+00
3.019952e-12 2.634153e-09 2.000000e+00 4.300000e-02 1.000000e+00
3.162278e-12 2.822546e-09 2.000000e+00 4.300000e-02 1.000000e+00
3.311311e-12 3.024410e-09 2.000000e+00 4.300000e-02 1.000000e+00
3.467369e-12 3.240714e-09 2.000000e+00 4.300000e-02 1.000000e+00
3.630781e-12 3.472487e-09 2.000000e+00 4.300000e-02 1.000000e+00
3.801894e-12 3.720835e-09 2.000000e+00 4.300000e-02 1.000000e+00
3.981072e-12 3.986946e-09 2.000000e+00 4.300000e-02 1.000000e+00
4.168694e-12 4.272088e-09 2.000000e+00 4.300000e-02 1.000000e+00
4.365158e-12 4.577623e-09 2.000000e+00 4.300000e-02 1.000000e+00
4.570882e-12 4.905010e-09 2.000000e+00 4.300000e-02 1.000000e+00
4.786301e-12 5.255812e-09 2.000000e+00 4.300000e-02 1.000000e+00
5.011872e-12 5.631702e-09 2.000000e+00 4.300000e-02 1.000000e+00
5.248075e-12 6.034477e-09 2.000000e+00 4.300000e-02 1.000000e+00
5.495409e-12 6.466056e-09 2.000000e+00 4.300000e-02 1.000000e+00
5.754399e-12 6.928501e-09 2.000000e+00 4.300000e-02 1.000000e+00
6.025596e-12 7.424021e-09 2.000000e+00 4.300000e-02 1.000000e+00
6.309573e-12 7.954979e-09 2.000000e+00 4.300000e-02 1.000000e+00
6.606934e-12 8.523911e-09 2.000000e+00 4.300000e-02 1.000000e+00
6.918310e-12 9.133534e-09 2.000000e+00 4.300000e-02 1.000000e+00
7.244360e-12 9.786756e-09 2.000000e+00 4.300000e-02 1.000000e+00
7.585776e-12 1.048669e-08 2.000000e+00 4.300000e-02 1.000000e+00
7.943282e-12 1.123669e-08 2.000000e+00 4.300000e-02 1.000000e+00
8.317638e-12 1.204033e-08 2.000000e+00 4.300000e-02 1.000000e+00
8.709636e-12 1.290144e-08 2.000000e+00 4.300000e-02 1.000000e+00
9.120108e-12 1.382414e-08 2.000000e+00 4.300000e-02 1.000000e+00
9.549926e-12 1.481283e-08 2.000000e+00 4.300000e-02 1.000000e+00
1.000000e-11 1.587223e-08 2.000000e+00 4.300000e-02 1.000000e+00
1.047129e-11 1.700740e-08 2.000000e+00 4.300000e-02 1.000000e+00
1.096478e-11 1.822374e-08 2.000000e+00 4.300000e-02 1.000000e+00
1.148154e-11 1.952710e-08 2.000000e+00 4.300000e-02 1.000000e+00
1.202264e-11 2.092364e-08 2.000000e+00 4.300000e-02 1.000000e+00
1.258925e-11 2.242007e-08 2.000000e+00 4.300000e-02 1.000000e+00
1.318257e-11 2.402356e-08 2.000000e+00 4.300000e-02 1.000000e+00
1.380384e-11 2.574168e-08 2.000000e+00 4.300000e-02 1.000000e+00
1.445440e-11 2.758271e-08 2.000000e+00 4.300000e-02 1.000000e+00
1.513561e-11 2.955539e-08 2.000000e+00 4.300000e-02 1.000000e+00
1.584893e-11 3.166916e-08 2.000000e+00 4.300000e-02 1.000000e+00
1.659587e-11 3.393412e-08 2.000000e+00 4.300000e-02 1.000000e+00
1.737801e-11 3.636106e-08 2.000000e+00 4.300000e-02 1.000000e+00
1.819701e-11 3.896156e-08 2.000000e+00 4.300000e-02 1.000000e+00
1.905461e-11 4.174806e-08 2.000000e+00 4.300000e-02 1.000000e+00
1.995262e-11 4.473382e-08 2.000000e+00 4.300000e-02 1.000000e+00
2.089296e-11 4.793314e-08 2.000000e+00 4.300000e-02 1.000000e+00
2.187762e-11 5.136129e-08 2.000000e+00 4.300000e-02 1.000000e+00
2.290868e-11 5.503460e-08 2.000000e+00 4.300000e-02 1.000000e+00
2.398833e-11 5.897061e-08 2.000000e+00 4.300000e-02 1.000000e+00
2.511886e-11 6.318810e-08 2.000000e+00 4.300000e-02 1.000000e+00
2.630268e-11 6.770727e-08 2.000000e+00 4.300000e-02 1.000000e+00
2.754229e-11 7.254964e-08 2.000000e+00 4.300000e-02 1.000000e+00
2.884032e-11 7.773833e-08 2.000000e+00 4.300000e-02 9.999999e-01
3.019952e-11 8.329808e-08 2.000000e+00 4.300000e-02 9.999999e-01
3.162278e-11 8.925548e-08 2.000000e+00 4.300000e-02 9.999999e-01
3.311311e-11 9.563892e-08 2.000000e+00 4.300000e-02 9.999999e-01
3.467369e-11 1.024789e-07 2.000000e+00 4.300000e-02 9.999999e-01
3.630781e-11 1.098081e-07 2.000000e+00 4.300000e-02 9.999999e-01
3.801894e-11 1.176615e-07 2.000000e+00 4.300000e-02 9.999999e-01
3.981072e-11 1.260765e-07 2.000000e+00 4.300000e-02 9.999999e-01
4.168694e-11 1.350934e-07 2.000000e+00 4.300000e-02 9.999999e-01
4.365158e-11 1.447551e-07 2.000000e+00 4.300000e-02 9.999999e-01
4.570882e-11 1.551079e-07 2.000000e+00 4.300000e-02 9.999999e-01
4.786301e-11 1.662010e-07 2.000000e+00 4.300000e-02 9.999999e-01
5.011872e-11 1.780875e-07 2.000000e+00 4.300000e-02 9.999999e-01
5.248075e-11 1.908242e-07 2.000000e+00 4.300000e-02 9.999999e-01
5.495409e-11 2.044718e-07 2.000000e+00 4.300000e-02 9.999999e-01
5.754399e-11 2.190953e-07 2.000000e+00 4.300000e-02 9.999999e-01
6.025596e-11 2.347648e-07 2.000000e+00 4.300000e-02 9.999998e-01
6.309573e-11 2.515549e-07 2.000000e+00 4.300000e-02 9.999998e-01
6.606934e-11 2.695459e-07 2.000000e+00 4.300000e-02 9.999998e-01
6.918310e-11 2.888236e-07 2.000000e+00 4.300000e-02 9.999998e-01
7.244360e-11 3.094800e-07 2.000000e+00 4.300000e-02 9.999998e-01
7.585776e-11 3.316136e-07 2.000000e+00 4.300000e-02 9.999998e-01
7.943282e-11 3.553303e-07 2.000000e+00 4.300001e-02 9.999998e-01
8.317638e-11 3.807432e-07 2.000000e+00 4.300001e-02 9.999997e-01
8.709636e-11 4.079735e-07 2.000000e+00 4.300001e-02 9.999997e-01
9.120108e-11 4.371513e-07 2.000000e+00 4.300001e-02 9.999997e-01
9.549926e-11 4.684159e-07 2.000000e+00 4.300001e-02 9.999997e-01
1.000000e-10 5.019165e-07 2.000000e+00 4.300001e-02 9.999997e-01
1.047129e-10 5.378134e-07 2.000000e+00 4.300001e-02 9.999996e-01
1.096478e-10 5.762768e-07 2.000000e+00 4.300001e-02 9.999996e-01
1.148154e-10 6.174919e-07 2.000000e+00 4.300001e-02 9.999996e-01
1.202264e-10 6.616536e-07 2.000000e+00 4.300001e-02 9.999996e-01
1.258925e-10 7.089744e-07 2.000000e+00 4.300001e-02 9.999995e-01
1.318257e-10 7.596801e-07 2.000000e+00 4.300001e-02 9.999995e-01
1.380384e-10 8.140111e-07 2.000000e+00 4.300001e-02 9.999995e-01
1.445440e-10 8.722287e-07 2.000000e+00 4.300001e-02 9.999994e-01
1.513561e-10 9.346091e-07 2.000000e+00 4.300001e-02 9.999994e-01
1.584893e-10 1.001451e-06 2.000000e+00 4.300001e-02 9.999993e-01
1.659587e-10 1.073074e-06 2.000000e+00 4.300002e-02 9.999993e-01
1.737801e-10 1.149819e-06 2.000000e+00 4.300002e-02 9.999992e-01
1.819701e-10 1.232053e-06 2.000000e+00 4.300002e-02 9.999992e-01
1.905461e-10 1.320168e-06 2.000000e+00 4.300002e-02 9.999991e-01
1.995262e-10 1.414585e-06 2.000000e+00 4.300002e-02 9.999991e-01
2.089296e-10 1.515754e-06 2.000000e+00 4.300002e-02 9.999990e-01
2.187762e-10 1.624160e-06 2.000000e+00 4.300002e-02 9.999989e-01
2.290868e-10 1.740318e-06 2.000000e+00 4.300002e-02 9.999988e-01
2.398833e-10 1.864783e-06 2.000000e+00 4.300003e-02 9.999988e-01
2.511886e-10 1.998149e-06 2.000000e+00 4.300003e-02 9.999987e-01
2.630268e-10 2.141055e-06 2.000000e+00 4.300003e-02 9.999986e-01
2.754229e-10 2.294181e-06 2.000000e+00 4.300003e-02 9.999985e-01
2.884032e-10 2.458258e-06 2.000000e+00 4.300003e-02 9.999984e-01
3.019952e-10 2.634069e-06 1.999999e+00 4.300004e-02 9.999982e-01
3.162278e-10 2.822454e-06 1.999999e+00 4.300004e-02 9.999981e-01
3.311311e-10 3.024311e-06 1.999999e+00 4.300004e-02 9.999980e-01
3.467369e-10 3.240607e-06 1.999999e+00 4.300005e-02 9.999978e-01
3.630781e-10 3.472370e-06 1.999999e+00 4.300005e-02 9.999977e-01
3.801894e-10 3.720708e-06 1.999999e+00 4.300005e-02 9.999975e-01
3.981072e-10 3.986808e-06 1.999999e+00 4.300006e-02 9.999973e-01
4.168694e-10 4.271938e-06 1.999999e+00 4.300006e-02 9.999972e-01
4.365158e-10 4.577460e-06 1.999999e+00 4.300006e-02 9.999969e-01
4.570882e-10 4.904833e-06 1.999999e+00 4.300007e-02 9.999967e-01
4.786301e-10 5.255619e-06 1.999999e+00 4.300007e-02 9.999965e-01
5.011872e-10 5.631491e-06 1.999999e+00 4.300008e-02 9.999962e-01
5.248075e-10 6.034247e-06 1.999999e+00 4.300009e-02 9.999960e-01
5.495409e-10 6.465805e-06 1.999999e+00 4.300009e-02 9.999957e-01
5.754399e-10 6.928226e-06 1.999999e+00 4.300010e-02 9.999954e-01
6.025596e-10 7.423721e-06 1.999999e+00 4.300011e-02 9.999951e-01
6.309573e-10 7.954650e-06 1.999998e+00 4.300011e-02 9.999947e-01
6.606934e-10 8.523550e-06 1.999998e+00 4.300012e-02 9.999943e-01
6.918310e-10 9.133138e-06 1.999998e+00 4.300013e-02 9.999939e-01
7.244360e-10 9.786320e-06 1.999998e+00 4.300014e-02 9.999935e-01
7.585776e-10 1.048621e-05 1.999998e+00 4.300015e-02 9.999930e-01
7.943282e-10 1.123616e-05 1.999998e+00 4.300016e-02 9.999925e-01
8.317638e-10 1.203975e-05 1.999998e+00 4.300017e-02 9.999920e-01
8.709636e-10 1.290080e-05 1.999997e+00 4.300018e-02 9.999914e-01
9.120108e-10 1.382343e-05 1.999997e+00 4.300020e-02 9.999908e-01
9.549926e-10 1.481204e-05 1.999997e+00 4.300021e-02 9.999901e-01
1.000000e-09 1.587135e-05 1.999997e+00 4.300022e-02 9.999894e-01
1.047129e-09 1.700643e-05 1.999997e+00 4.300024e-02 9.999887e-01
1.096478e-09 1.822266e-05 1.999996e+00 4.300026e-02 9.999879e-01
1.148154e-09 1.952590e-05 1.999996e+00 4.300028e-02 9.999870e-01
1.202264e-09 2.092230e-05 1.999996e+00 4.300030e-02 9.999861e-01
1.258925e-09 2.241859e-05 1.999996e+00 4.300032e-02 9.999851e-01
1.318257e-09 2.402189e-05 1.999995e+00 4.300034e-02 9.999840e-01
1.380384e-09 2.573982e-05 1.999995e+00 4.300036e-02 9.999828e-01
1.445440e-09 2.758064e-05 1.999994e+00 4.300039e-02 9.999816e-01
1.513561e-09 2.955306e-05 1.999994e+00 4.300042e-02 9.999803e-01
1.584893e-09 3.166655e-05 1.999994e+00 4.300045e-02 9.999789e-01
1.659587e-09 3.393119e-05 1.999993e+00 4.300048e-02 9.999774e-01
1.737801e-09 3.635776e-05 1.999993e+00 4.300052e-02 9.999758e-01
1.819701e-09 3.895786e-05 1.999992e+00 4.300055e-02 9.999740e-01
1.905461e-09 4.174389e-05 1.999992e+00 4.300059e-02 9.999722e-01
1.995262e-09 4.472912e-05 1.999991e+00 4.300063e-02 9.999702e-01
2.089296e-09 4.792784e-05 1.999990e+00 4.300068e-02 9.999680e-01
2.187762e-09 5.135531e-05 1.999990e+00 4.300073e-02 9.999658e-01
2.290868e-09 5.502783e-05 1.999989e+00 4.300078e-02 9.999633e-01
2.398833e-09 5.896296e-05 1.999988e+00 4.300084e-02 9.999607e-01
2.511886e-09 6.317945e-05 1.999987e+00 4.300090e-02 9.999579e-01
2.630268e-09 6.769747e-05 1.999986e+00 4.300096e-02 9.999549e-01
2.754229e-09 7.253853e-05 1.999986e+00 4.300103e-02 9.999516e-01
2.884032e-09 7.772572e-05 1.999984e+00 4.300110e-02 9.999482e-01
3.019952e-09 8.328378e-05 1.999983e+00 4.300118e-02 9.999445e-01
3.162278e-09 8.923923e-05 1.999982e+00 4.300126e-02 9.999405e-01
3.311311e-09 9.562045e-05 1.999981e+00 4.300135e-02 9.999362e-01
3.467369e-09 1.024579e-04 1.999980e+00 4.300145e-02 9.999317e-01
3.630781e-09 1.097842e-04 1.999978e+00 4.300156e-02 9.999268e-01
3.801894e-09 1.176343e-04 1.999977e+00 4.300167e-02 9.999216e-01
3.981072e-09 1.260455e-04 1.999975e+00 4.300179e-02 9.999160e-01
4.168694e-09 1.350581e-04 1.999973e+00 4.300191e-02 9.999100e-01
4.365158e-09 1.447149e-04 1.999971e+00 4.300205e-02 9.999035e-01
4.570882e-09 1.550620e-04 1.999969e+00 4.300220e-02 9.998966e-01
4.786301e-09 1.661486e-04 1.999967e+00 4.300235e-02 9.998892e-01
5.011872e-09 1.780277e-04 1.999964e+00 4.300252e-02 9.998813e-01
5.248075e-09 1.907559e-04 1.999962e+00 4.300270e-02 9.998728e-01
5.495409e-09 2.043938e-04 1.999959e+00 4.300290e-02 9.998637e-01
5.754399e-09 2.190062e-04 1.999956e+00 4.300310e-02 9.998540e-01
6.025596e-09 2.346630e-04 1.999953e+00 4.300332e-02 9.998435e-01
6.309573e-09 2.514385e-04 1.999950e+00 4.300356e-02 9.998324e-01
6.606934e-09 2.694128e-04 1.999946e+00 4.300382e-02 9.998204e-01
6.918310e-09 2.886713e-04 1.999942e+00 4.300409e-02 9.998075e-01
7.244360e-09 3.093058e-04 1.999938e+00 4.300438e-02 9.997938e-01
7.585776e-09 3.314143e-04 1.999934e+00 4.300470e-02 9.997790e-01
7.943282e-09 3.551021e-04 1.999929e+00 4.300503e-02 9.997632e-01
8.317638e-09 3.804819e-04 1.999924e+00 4.300539e-02 9.997463e-01
8.709636e-09 4.076744e-04 1.999919e+00 4.300578e-02 9.997282e-01
9.120108e-09 4.368088e-04 1.999913e+00 4.300619e-02 9.997087e-01
9.549926e-09 4.680236e-04 1.999907e+00 4.300663e-02 9.996879e-01
1.000000e-08 5.014671e-04 1.999900e+00 4.300710e-02 9.996656e-01
1.047129e-08 5.372985e-04 1.999893e+00 4.300761e-02 9.996417e-01
1.096478e-08 5.756867e-04 1.999885e+00 4.300816e-02 9.996161e-01
1.148154e-08 6.168158e-04 1.999877e+00 4.300874e-02 9.995887e-01
1.202264e-08 6.608786e-04 1.999868e+00 4.300936e-02 9.995593e-01
1.258925e-08 7.080861e-04 1.999859e+00 4.301003e-02 9.995278e-01
1.318257e-08 7.586618e-04 1.999849e+00 4.301075e-02 9.994940e-01
1.380384e-08 8.128436e-04 1.999838e+00 4.301152e-02 9.994579e-01
1.445440e-08 8.708902e-04 1.999826e+00 4.301234e-02 9.994191e-01
1.513561e-08 9.330743e-04 1.999814e+00 4.301322e-02 9.993776e-01
1.584893e-08 9.996914e-04 1.999801e+00 4.301416e-02 9.993332e-01
1.659587e-08 1.071056e-03 1.999786e+00 4.301517e-02 9.992856e-01
1.737801e-08 1.147505e-03 1.999771e+00 4.301626e-02 9.992345e-01
1.819701e-08 1.229398e-03 1.999755e+00 4.301742e-02 9.991799e-01
1.905461e-08 1.317123e-03 1.999737e+00 4.301866e-02 9.991213e-01
1.995262e-08 1.411092e-03 1.999718e+00 4.301999e-02 9.990586e-01
2.089296e-08 1.511748e-03 1.999698e+00 4.302142e-02 9.989914e-01
2.187762e-08 1.619564e-03 1.999677e+00 4.302294e-02 9.989194e-01
2.290868e-08 1.735045e-03 1.999654e+00 4.302458e-02 9.988422e-01
2.398833e-08 1.858734e-03 1.999629e+00 4.302633e-02 9.987596e-01
2.511886e-08 1.991210e-03 1.999603e+00 4.302821e-02 9.986711e-01
2.630268e-08 2.133095e-03 1.999574e+00 4.303022e-02 9.985763e-01
2.754229e-08 2.285048e-03 1.999544e+00 4.303237e-02 9.984748e-01
2.884032e-08 2.447780e-03 1.999512e+00 4.303468e-02 9.983660e-01
3.019952e-08 2.622049e-03 1.999477e+00 4.303715e-02 9.982495e-01
3.162278e-08 2.808663e-03 1.999440e+00 4.303979e-02 9.981247e-01
3.311311e-08 3.008490e-03 1.999400e+00 4.304262e-02 9.979911e-01
3.467369e-08 3.222455e-03 1.999357e+00 4.304565e-02 9.978480e-01
3.630781e-08 3.451545e-03 1.999311e+00 4.304890e-02 9.976947e-01
3.801894e-08 3.696817e-03 1.999262e+00 4.305237e-02 9.975306e-01
3.981072e-08 3.959399e-03 1.999210e+00 4.305609e-02 9.973548e-01
4.168694e-08 4.240494e-03 1.999154e+00 4.306007e-02 9.971666e-01
4.365158e-08 4.541387e-03 1.999094e+00 4.306434e-02 9.969651e-01
4.570882e-08 4.863451e-03 1.999029e+00 4.306890e-02 9.967493e-01
4.786301e-08 5.208147e-03 1.998961e+00 4.307378e-02 9.965182e-01
5.011872e-08 5.577037e-03 1.998887e+00 4.307901e-02 9.962709e-01
5.248075e-08 5.971784e-03 1.998808e+00 4.308460e-02 9.960061e-01
5.495409e-08 6.394160e-03 1.998724e+00 4.309059e-02 9.957226e-01
5.754399e-08 6.846052e-03 1.998634e+00 4.309699e-02 9.954192e-01
6.025596e-08 7.329475e-03 1.998537e+00 4.310384e-02 9.950945e-01
6.309573e-08 7.846565e-03 1.998434e+00 4.311116e-02 9.947470e-01
6.606934e-08 8.399602e-03 1.998324e+00 4.311900e-02 9.943751e-01
6.918310e-08 8.991007e-03 1.998206e+00 4.312737e-02 9.939771e-01
7.244360e-08 9.623351e-03 1.998080e+00 4.313633e-02 9.935513e-01
7.585776e-08 1.029937e-02 1.997945e+00 4.314591e-02 9.930958e-01
7.943282e-08 1.102196e-02 1.997800e+00 4.315615e-02 9.926086e-01
8.317638e-08 1.179420e-02 1.997646e+00 4.316709e-02 9.920874e-01
8.709636e-08 1.261935e-02 1.997482e+00 4.317878e-02 9.915301e-01
9.120108e-08 1.350087e-02 1.997306e+00 4.319127e-02 9.909342e-01
9.549926e-08 1.444240e-02 1.997118e+00 4.320460e-02 9.902970e-01
1.000000e-07 1.544782e-02 1.996917e+00 4.321885e-02 9.896159e-01
1.047129e-07 1.652120e-02 1.996703e+00 4.323405e-02 9.888880e-01
1.096478e-07 1.766683e-02 1.996475e+00 4.325028e-02 9.881101e-01
1.148154e-07 1.888929e-02 1.996231e+00 4.326760e-02 9.872790e-01
1.202264e-07 2.019329e-02 1.995970e+00 4.328608e-02 9.863913e-01
1.258925e-07 2.158391e-02 1.995693e+00 4.330578e-02 9.854432e-01
1.318257e-07 2.306641e-02 1.995397e+00 4.332678e-02 9.844310e-01
1.380384e-07 2.464627e-02 1.995082e+00 4.334916e-02 9.833504e-01
1.445440e-07 2.632931e-02 1.994746e+00 4.337301e-02 9.821973e-01
1.513561e-07 2.812153e-02 1.994388e+00 4.339840e-02 9.809670e-01
1.584893e-07 3.002924e-02 1.994008e+00 4.342542e-02 9.796549e-01
1.659587e-07 3.205900e-02 1.993603e+00 4.345418e-02 9.782558e-01
1.737801e-07 3.421757e-02 1.993172e+00 4.348476e-02 9.767645e-01
1.819701e-07 3.651200e-02 1.992714e+00 4.351726e-02 9.751756e-01
1.905461e-07 3.894956e-02 1.992228e+00 4.355180e-02 9.734832e-01
1.995262e-07 4.153770e-02 1.991711e+00 4.358846e-02 9.716813e-01
2.089296e-07 4.428414e-02 1.991163e+00 4.362737e-02 9.697636e-01
2.187762e-07 4.719672e-02 1.990582e+00 4.366864e-02 9.677236e-01
2.290868e-07 5.028343e-02 1.989966e+00 4.371237e-02 9.655546e-01
2.398833e-07 5.355240e-02 1.989314e+00 4.375868e-02 9.632495e-01
2.511886e-07 5.701183e-02 1.988624e+00 4.380769e-02 9.608011e-01
2.630268e-07 6.067002e-02 1.987894e+00 4.385952e-02 9.582018e-01
2.754229e-07 6.453519e-02 1.987123e+00 4.391428e-02 9.554441e-01
2.884032e-07 6.861553e-02 1.986308e+00 4.397209e-02 9.525201e-01
3.019952e-07 7.291911e-02 1.985450e+00 4.403306e-02 9.494218e-01
3.162278e-07 7.745386e-02 1.984545e+00 4.409730e-02 9.461410e-01
3.311311e-07 8.222743e-02 1.983593e+00 4.416493e-02 9.426695e-01
3.467369e-07 8.724721e-02 1.982591e+00 4.423605e-02 9.389990e-01
3.630781e-07 9.252010e-02 1.981539e+00 4.431076e-02 9.351211e-01
3.801894e-07 9.805258e-02 1.980436e+00 4.438914e-02 9.310277e-01
3.981072e-07 1.038506e-01 1.979279e+00 4.447128e-02 9.267103e-01
4.168694e-07 1.099194e-01 1.978068e+00 4.455726e-02 9.221610e-01
4.365158e-07 1.162634e-01 1.976803e+00 4.464715e-02 9.173718e-01
4.570882e-07 1.228865e-01 1.975482e+00 4.474098e-02 9.123350e-01
4.786301e-07 1.297912e-01 1.974104e+00 4.483881e-02 9.070434e-01
5.011872e-07 1.369795e-01 1.972670e+00 4.494066e-02 9.014898e-01
5.248075e-07 1.444520e-01 1.971180e+00 4.504653e-02 8.956678e-01
5.495409e-07 1.522081e-01 1.969633e+00 4.515642e-02 8.895715e-01
5.754399e-07 1.602462e-01 1.968030e+00 4.527031e-02 8.831954e-01
6.025596e-07 1.685634e-01 1.966371e+00 4.538815e-02 8.765347e-01
6.309573e-07 1.771552e-01 1.964658e+00 4.550989e-02 8.695857e-01
6.606934e-07 1.860161e-01 1.962891e+00 4.563544e-02 8.623452e-01
6.918310e-07 1.951390e-01 1.961071e+00 4.576470e-02 8.548108e-01
7.244360e-07 2.045155e-01 1.959202e+00 4.589756e-02 8.469814e-01
7.585776e-07 2.141358e-01 1.957284e+00 4.603387e-02 8.388567e-01
7.943282e-07 2.239888e-01 1.955319e+00 4.617349e-02 8.304374e-01
8.317638e-07 2.340621e-01 1.953311e+00 4.631622e-02 8.217255e-01
8.709636e-07 2.443423e-01 1.951262e+00 4.646189e-02 8.127239e-01
9.120108e-07 2.548145e-01 1.949174e+00 4.661029e-02 8.034369e-01
9.549926e-07 2.654631e-01 1.947052e+00 4.676118e-02 7.938698e-01
1.000000e-06 2.762714e-01 1.944898e+00 4.691435e-02 7.840291e-01
1.047129e-06 2.872221e-01 1.942715e+00 4.706953e-02 7.739224e-01
1.096478e-06 2.982967e-01 1.940509e+00 4.722647e-02 7.635588e-01
1.148154e-06 3.094772e-01 1.938281e+00 4.738492e-02 7.529478e-01
1.202264e-06 3.207439e-01 1.936036e+00 4.754459e-02 7.421008e-01
1.258925e-06 3.320782e-01 1.933779e+00 4.770523e-02 7.310292e-01
1.318257e-06 3.434606e-01 1.931512e+00 4.786655e-02 7.197461e-01
1.380384e-06 3.548716e-01 1.929239e+00 4.802828e-02 7.082655e-01
1.445440e-06 3.662926e-01 1.926966e+00 4.819016e-02 6.966015e-01
1.513561e-06 3.777044e-01 1.924694e+00 4.835191e-02 6.847696e-01
1.584893e-06 3.890891e-01 1.922428e+00 4.851329e-02 6.727853e-01
1.659587e-06 4.004289e-01 1.920171e+00 4.867403e-02 6.606648e-01
1.737801e-06 4.117067e-01 1.917927e+00 4.883390e-02 6.484249e-01
1.819701e-06 4.229062e-01 1.915700e+00 4.899268e-02 6.360825e-01
1.905461e-06 4.340121e-01 1.913491e+00 4.915013e-02 6.236545e-01
1.995262e-06 4.450096e-01 1.911305e+00 4.930605e-02 6.111583e-01
2.089296e-06 4.558854e-01 1.909143e+00 4.946026e-02 5.986108e-01
2.187762e-06 4.666267e-01 1.907008e+00 4.961257e-02 5.860290e-01
2.290868e-06 4.772219e-01 1.904904e+00 4.976282e-02 5.734300e-01
2.398833e-06 4.876603e-01 1.902831e+00 4.991085e-02 5.608301e-01
2.511886e-06 4.979324e-01 1.900792e+00 5.005654e-02 5.482456e-01
2.630268e-06 5.080296e-01 1.898788e+00 5.019976e-02 5.356920e-01
2.754229e-06 5.179443e-01 1.896822e+00 5.034040e-02 5.231848e-01
2.884032e-06 5.276699e-01 1.894893e+00 5.047837e-02 5.107386e-01
3.019952e-06 5.372007e-01 1.893005e+00 5.061359e-02 4.983674e-01
3.162278e-06 5.465319e-01 1.891157e+00 5.074600e-02 4.860847e-01
3.311311e-06 5.556595e-01 1.889350e+00 5.087553e-02 4.739033e-01
3.467369e-06 5.645807e-01 1.887585e+00 5.100215e-02 4.618351e-01
3.630781e-06 5.732928e-01 1.885862e+00 5.112582e-02 4.498916e-01
3.801894e-06 5.817944e-01 1.884183e+00 5.124651e-02 4.380833e-01
3.981072e-06 5.900846e-01 1.882546e+00 5.136423e-02 4.264199e-01
4.168694e-06 5.981630e-01 1.880952e+00 5.147895e-02 4.149108e-01
4.365158e-06 6.060299e-01 1.879401e+00 5.159069e-02 4.035640e-01
4.570882e-06 6.136862e-01 1.877894e+00 5.169946e-02 3.923873e-01
4.786301e-06 6.211331e-01 1.876428e+00 5.180528e-02 3.813874e-01
5.011872e-06 6.283724e-01 1.875006e+00 5.190817e-02 3.705706e-01
5.248075e-06 6.354062e-01 1.873625e+00 5.200817e-02 3.599422e-01
5.495409e-06 6.422370e-01 1.872285e+00 5.210530e-02 3.495071e-01
5.754399e-06 6.488674e-01 1.870987e+00 5.219961e-02 3.392694e-01
6.025596e-06 6.553008e-01 1.869729e+00 5.229114e-02 3.292325e-01
6.309573e-06 6.615402e-01 1.868511e+00 5.237994e-02 3.193993e-01
6.606934e-06 6.675893e-01 1.867331e+00 5.246606e-02 3.097722e-01
6.918310e-06 6.734517e-01 1.866191e+00 5.254955e-02 3.003528e-01
7.244360e-06 6.791312e-01 1.865087e+00 5.263047e-02 2.911424e-01
7.585776e-06 6.846318e-01 1.864021e+00 5.270888e-02 2.821419e-01
7.943282e-06 6.899576e-01 1.862991e+00 5.278482e-02 2.733515e-01
8.317638e-06 6.951126e-01 1.861996e+00 5.285837e-02 2.647710e-01
8.709636e-06 7.001011e-01 1.861036e+00 5.292958e-02 2.564000e-01
9.120108e-06 7.049273e-01 1.860109e+00 5.299850e-02 2.482375e-01
9.549926e-06 7.095953e-01 1.859216e+00 5.306521e-02 2.402824e-01
1.000000e-05 7.141095e-01 1.858354e+00 5.312976e-02 2.325330e-01
1.047129e-05 7.184742e-01 1.857524e+00 5.319222e-02 2.249875e-01
1.096478e-05 7.226933e-01 1.856725e+00 5.325264e-02 2.176440e-01
1.148154e-05 7.267714e-01 1.855955e+00 5.331108e-02 2.104998e-01
1.202264e-05 7.307123e-01 1.855214e+00 5.336760e-02 2.035527e-01
1.258925e-05 7.345203e-01 1.854502e+00 5.342227e-02 1.967996e-01
1.318257e-05 7.381994e-01 1.853817e+00 5.347514e-02 1.902378e-01
1.380384e-05 7.417535e-01 1.853159e+00 5.352627e-02 1.838642e-01
1.445440e-05 7.451867e-01 1.852526e+00 5.357571e-02 1.776754e-01
1.513561e-05 7.485028e-01 1.851919e+00 5.362352e-02 1.716684e-01
1.584893e-05 7.517055e-01 1.851337e+00 5.366975e-02 1.658396e-01
1.659587e-05 7.547986e-01 1.850779e+00 5.371447e-02 1.601854e-01
1.737801e-05 7.577857e-01 1.850244e+00 5.375771e-02 1.547023e-01
1.819701e-05 7.606703e-01 1.849731e+00 5.379954e-02 1.493868e-01
1.905461e-05 7.634560e-01 1.849241e+00 5.384000e-02 1.442350e-01
1.995262e-05 7.661460e-01 1.848772e+00 5.387914e-02 1.392434e-01
2.089296e-05 7.687438e-01 1.848324e+00 5.391702e-02 1.344081e-01
2.187762e-05 7.712525e-01 1.847896e+00 5.395366e-02 1.297255e-01
2.290868e-05 7.736753e-01 1.847488e+00 5.398913e-02 1.251918e-01
2.398833e-05 7.760152e-01 1.847099e+00 5.402347e-02 1.208033e-01
2.511886e-05 7.782752e-01 1.846729e+00 5.405672e-02 1.165563e-01
2.630268e-05 7.804582e-01 1.846378e+00 5.408892e-02 1.124471e-01
2.754229e-05 7.825670e-01 1.846044e+00 5.412012e-02 1.084721e-01
2.884032e-05 7.846044e-01 1.845727e+00 5.415035e-02 1.046276e-01
3.019952e-05 7.865731e-01 1.845428e+00 5.417966e-02 1.009100e-01
3.162278e-05 7.884755e-01 1.845145e+00 5.420808e-02 9.731587e-02
3.311311e-05 7.903142e-01 1.844878e+00 5.423565e-02 9.384167e-02
3.467369e-05 7.920918e-01 1.844627e+00 5.426240e-02 9.048394e-02
3.630781e-05 7.938104e-01 1.844391e+00 5.428838e-02 8.723935e-02
3.801894e-05 7.954724e-01 1.844170e+00 5.431362e-02 8.410456e-02
3.981072e-05 7.970802e-01 1.843964e+00 5.433814e-02 8.107629e-02
4.168694e-05 7.986357e-01 1.843773e+00 5.436199e-02 7.815138e-02
4.365158e-05 8.001412e-01 1.843596e+00 5.438519e-02 7.532668e-02
4.570882e-05 8.015986e-01 1.843433e+00 5.440778e-02 7.259912e-02
4.786301e-05 8.030100e-01 1.843283e+00 5.442978e-02 6.996570e-02
5.011872e-05 8.043772e-01 1.843147e+00 5.445123e-02 6.742349e-02
5.248075e-05 8.057022e-01 1.843025e+00 5.447216e-02 6.496962e-02
5.495409e-05 8.069868e-01 1.842915e+00 5.449258e-02 6.260131e-02
5.754399e-05 8.082326e-01 1.842818e+00 5.451254e-02 6.031581e-02
6.025596e-05 8.094415e-01 1.842734e+00 5.453206e-02 5.811046e-02
6.309573e-05 8.106151e-01 1.842663e+00 5.455116e-02 5.598269e-02
6.606934e-05 8.117549e-01 1.842604e+00 5.456987e-02 5.392995e-02
6.918310e-05 8.128627e-01 1.842557e+00 5.458822e-02 5.194978e-02
7.244360e-05 8.139398e-01 1.842523e+00 5.460622e-02 5.003981e-02
7.585776e-05 8.149879e-01 1.842501e+00 5.462391e-02 4.819770e-02
7.943282e-05 8.160082e-01 1.842491e+00 5.464131e-02 4.642120e-02
8.317638e-05 8.170023e-01 1.842493e+00 5.465844e-02 4.470810e-02
8.709636e-05 8.179715e-01 1.842507e+00 5.467533e-02 4.305627e-02
9.120108e-05 8.189172e-01 1.842533e+00 5.469199e-02 4.146365e-02
9.549926e-05 8.198406e-01 1.842571e+00 5.470845e-02 3.992821e-02
1.000000e-04 8.207430e-01 1.842622e+00 5.472474e-02 3.844802e-02
1.047129e-04 8.216258e-01 1.842684e+00 5.474086e-02 3.702117e-02
1.096478e-04 8.224899e-01 1.842758e+00 5.475686e-02 3.564587e-02
1.148154e-04 8.233368e-01 1.842844e+00 5.477274e-02 3.432027e-02
1.202264e-04 8.241675e-01 1.842943e+00 5.478852e-02 3.304273e-02
1.258925e-04 8.249831e-01 1.843054e+00 5.480424e-02 3.181151e-02
1.318257e-04 8.257849e-01 1.843177e+00 5.481990e-02 3.062502e-02
1.380384e-04 8.265738e-01 1.843313e+00 5.483554e-02 2.948173e-02
1.445440e-04 8.273510e-01 1.843462e+00 5.485116e-02 2.838008e-02
1.513561e-04 8.281174e-01 1.843623e+00 5.486680e-02 2.731863e-02
1.584893e-04 8.288742e-01 1.843797e+00 5.488247e-02 2.629596e-02
1.659587e-04 8.296224e-01 1.843985e+00 5.489818e-02 2.531069e-02
1.737801e-04 8.303630e-01 1.844186e+00 5.491397e-02 2.436151e-02
1.819701e-04 8.310970e-01 1.844400e+00 5.492986e-02 2.344712e-02
1.905461e-04 8.318253e-01 1.844628e+00 5.494585e-02 2.256629e-02
1.995262e-04 8.325489e-01 1.844871e+00 5.496198e-02 2.171784e-02
2.089296e-04 8.332689e-01 1.845127e+00 5.497827e-02 2.090058e-02
2.187762e-04 8.339861e-01 1.845399e+00 5.499473e-02 2.011341e-02
2.290868e-04 8.347016e-01 1.845685e+00 5.501138e-02 1.935525e-02
2.398833e-04 8.354161e-01 1.845986e+00 5.502826e-02 1.862506e-02
2.511886e-04 8.361308e-01 1.846303e+00 5.504537e-02 1.792183e-02
2.630268e-04 8.368465e-01 1.846636e+00 5.506274e-02 1.724458e-02
2.754229e-04 8.375642e-01 1.846985e+00 5.508039e-02 1.659237e-02
2.884032e-04 8.382848e-01 1.847351e+00 5.509835e-02 1.596430e-02
3.019952e-04 8.390092e-01 1.847734e+00 5.511663e-02 1.535950e-02
3.162278e-04 8.397385e-01 1.848135e+00 5.513526e-02 1.477711e-02
3.311311e-04 8.404734e-01 1.848554e+00 5.515427e-02 1.421633e-02
3.467369e-04 8.412150e-01 1.848991e+00 5.517367e-02 1.367636e-02
3.630781e-04 8.419642e-01 1.849448e+00 5.519350e-02 1.315645e-02
3.801894e-04 8.427220e-01 1.849923e+00 5.521376e-02 1.265587e-02
3.981072e-04 8.434893e-01 1.850419e+00 5.523450e-02 1.217390e-02
4.168694e-04 8.442671e-01 1.850936e+00 5.525573e-02 1.170988e-02
4.365158e-04 8.450564e-01 1.851474e+00 5.527749e-02 1.126313e-02
4.570882e-04 8.458582e-01 1.852034e+00 5.529979e-02 1.083303e-02
4.786301e-04 8.466735e-01 1.852616e+00 5.532266e-02 1.041897e-02
5.011872e-04 8.475033e-01 1.853222e+00 5.534614e-02 1.002035e-02
5.248075e-04 8.483487e-01 1.853852e+00 5.537026e-02 9.636612e-03
5.495409e-04 8.492106e-01 1.854506e+00 5.539503e-02 9.267206e-03
5.754399e-04 8.500903e-01 1.855186e+00 5.542049e-02 8.911604e-03
6.025596e-04 8.509887e-01 1.855892e+00 5.544668e-02 8.569295e-03
6.309573e-04 8.519069e-01 1.856625e+00 5.547362e-02 8.239792e-03
6.606934e-04 8.528462e-01 1.857387e+00 5.550134e-02 7.922618e-03
6.918310e-04 8.538076e-01 1.858177e+00 5.552989e-02 7.617320e-03
7.244360e-04 8.547923e-01 1.858996e+00 5.555928e-02 7.323459e-03
7.585776e-04 8.558015e-01 1.859847e+00 5.558957e-02 7.040611e-03
7.943282e-04 8.568365e-01 1.860729e+00 5.562078e-02 6.768369e-03
8.317638e-04 8.578985e-01 1.861644e+00 5.565296e-02 6.506339e-03
8.709636e-04 8.589888e-01 1.862593e+00 5.568613e-02 6.254144e-03
9.120108e-04 8.601088e-01 1.863577e+00 5.572035e-02 6.011419e-03
9.549926e-04 8.612597e-01 1.864596e+00 5.575564e-02 5.777811e-03
1.000000e-03 8.624429e-01 1.865653e+00 5.579206e-02 5.552983e-03
1.047129e-03 8.636599e-01 1.866749e+00 5.582965e-02 5.336607e-03
1.096478e-03 8.649121e-01 1.867884e+00 5.586844e-02 5.128375e-03
1.148154e-03 8.662011e-01 1.869061e+00 5.590850e-02 4.927975e-03
1.202264e-03 8.675282e-01 1.870280e+00 5.594985e-02 4.735126e-03
1.258925e-03 8.688953e-01 1.871543e+00 5.599256e-02 4.549539e-03
1.318257e-03 8.703037e-01 1.872851e+00 5.603667e-02 4.370944e-03
1.380384e-03 8.717553e-01 1.874206e+00 5.608223e-02 4.199087e-03
1.445440e-03 8.732517e-01 1.875609e+00 5.612931e-02 4.033711e-03
1.513561e-03 8.747946e-01 1.877063e+00 5.617794e-02 3.874579e-03
1.584893e-03 8.763859e-01 1.878568e+00 5.622819e-02 3.721455e-03
1.659587e-03 8.780275e-01 1.880127e+00 5.628012e-02 3.574116e-03
1.737801e-03 8.797212e-01 1.881741e+00 5.633379e-02 3.432347e-03
1.819701e-03 8.814691e-01 1.883412e+00 5.638925e-02 3.295941e-03
1.905461e-03 8.832730e-01 1.885142e+00 5.644658e-02 3.164697e-03
1.995262e-03 8.851352e-01 1.886934e+00 5.650583e-02 3.038423e-03
2.089296e-03 8.870577e-01 1.888788e+00 5.656708e-02 2.916932e-03
2.187762e-03 8.890428e-01 1.890707e+00 5.663040e-02 2.800047e-03
2.290868e-03 8.910926e-01 1.892694e+00 5.669585e-02 2.687597e-03
2.398833e-03 8.932096e-01 1.894750e+00 5.676351e-02 2.579415e-03
2.511886e-03 8.953961e-01 1.896877e+00 5.683346e-02 2.475343e-03
2.630268e-03 8.976545e-01 1.899079e+00 5.690578e-02 2.375226e-03
2.754229e-03 8.999874e-01 1.901358e+00 5.698054e-02 2.278918e-03
2.884032e-03 9.023974e-01 1.903716e+00 5.705783e-02 2.186275e-03
3.019952e-03 9.048872e-01 1.906155e+00 5.713773e-02 2.097163e-03
3.162278e-03 9.074593e-01 1.908679e+00 5.722033e-02 2.011448e-03
3.311311e-03 9.101167e-01 1.911289e+00 5.730573e-02 1.929005e-03
3.467369e-03 9.128623e-01 1.913990e+00 5.739400e-02 1.849710e-03
3.630781e-03 9.156989e-01 1.916783e+00 5.748525e-02 1.773447e-03
3.801894e-03 9.186296e-01 1.919673e+00 5.757957e-02 1.700102e-03
3.981072e-03 9.216574e-01 1.922660e+00 5.767706e-02 1.629567e-03
4.168694e-03 9.247855e-01 1.925750e+00 5.777783e-02 1.561738e-03
4.365158e-03 9.280171e-01 1.928944e+00 5.788197e-02 1.496512e-03
4.570882e-03 9.313556e-01 1.932247e+00 5.798959e-02 1.433794e-03
4.786301e-03 9.348043e-01 1.935661e+00 5.810081e-02 1.373489e-03
5.011872e-03 9.383665e-01 1.939191e+00 5.821572e-02 1.315509e-03
5.248075e-03 9.420459e-01 1.942838e+00 5.833445e-02 1.259766e-03
5.495409e-03 9.458458e-01 1.946607e+00 5.845710e-02 1.206177e-03
5.754399e-03 9.497700e-01 1.950502e+00 5.858380e-02 1.154663e-03
6.025596e-03 9.538221e-01 1.954526e+00 5.871465e-02 1.105146e-03
6.309573e-03 9.580057e-01 1.958682e+00 5.884979e-02 1.057551e-03
6.606934e-03 9.623246e-01 1.962974e+00 5.898932e-02 1.011809e-03
6.918310e-03 9.667826e-01 1.967407e+00 5.913337e-02 9.678488e-04
7.244360e-03 9.713834e-01 1.971983e+00 5.928207e-02 9.256058e-04
7.585776e-03 9.761309e-01 1.976707e+00 5.943553e-02 8.850161e-04
7.943282e-03 9.810288e-01 1.981583e+00 5.959388e-02 8.460185e-04
8.317638e-03 9.860809e-01 1.986613e+00 5.975724e-02 8.085540e-04
8.709636e-03 9.912911e-01 1.991802e+00 5.992573e-02 7.725660e-04
9.120108e-03 9.966630e-01 1.997154e+00 6.009947e-02 7.379999e-04
9.549926e-03 1.002200e+00 2.002672e+00 6.027858e-02 7.048033e-04
1.000000e-02 1.007907e+00 2.008359e+00 6.046318e-02 6.729258e-04
1.047129e-02 1.013786e+00 2.014220e+00 6.065339e-02 6.423184e-04
1.096478e-02 1.019840e+00 2.020257e+00 6.084930e-02 6.129353e-04
1.148154e-02 1.026074e+00 2.026475e+00 6.105103e-02 5.847303e-04
1.202264e-02 1.032491e+00 2.032875e+00 6.125867e-02 5.576613e-04
1.258925e-02 1.039092e+00 2.039461e+00 6.147233e-02 5.316857e-04
1.318257e-02 1.045882e+00 2.046236e+00 6.169209e-02 5.067635e-04
1.380384e-02 1.052862e+00 2.053201e+00 6.191803e-02 4.828568e-04
1.445440e-02 1.060035e+00 2.060360e+00 6.215021e-02 4.599277e-04
1.513561e-02 1.067402e+00 2.067714e+00 6.238870e-02 4.379411e-04
1.584893e-02 1.074965e+00 2.075264e+00 6.263355e-02 4.168620e-04
1.659587e-02 1.082725e+00 2.083011e+00 6.288479e-02 3.966575e-04
1.737801e-02 1.090683e+00 2.090957e+00 6.314244e-02 3.772957e-04
1.819701e-02 1.098838e+00 2.099101e+00 6.340650e-02 3.587460e-04
1.905461e-02 1.107191e+00 2.107443e+00 6.367697e-02 3.409785e-04
1.995262e-02 1.115741e+00 2.115982e+00 6.395382e-02 3.239651e-04
2.089296e-02 1.124486e+00 2.124717e+00 6.423699e-02 3.076778e-04
2.187762e-02 1.133423e+00 2.133644e+00 6.452642e-02 2.920904e-04
2.290868e-02 1.142551e+00 2.142762e+00 6.482201e-02 2.771774e-04
2.398833e-02 1.151865e+00 2.152067e+00 6.512363e-02 2.629142e-04
2.511886e-02 1.161360e+00 2.161553e+00 6.543115e-02 2.492770e-04
2.630268e-02 1.171032e+00 2.171217e+00 6.574440e-02 2.362428e-04
2.754229e-02 1.180875e+00 2.181051e+00 6.606317e-02 2.237895e-04
2.884032e-02 1.190880e+00 2.191049e+00 6.638724e-02 2.118958e-04
3.019952e-02 1.201042e+00 2.201202e+00 6.671635e-02 2.005411e-04
3.162278e-02 1.211349e+00 2.211502e+00 6.705020e-02 1.897054e-04
3.311311e-02 1.221793e+00 2.221940e+00 6.738849e-02 1.793695e-04
3.467369e-02 1.232364e+00 2.232503e+00 6.773086e-02 1.695146e-04
3.630781e-02 1.243048e+00 2.243180e+00 6.807692e-02 1.601228e-04
3.801894e-02 1.253833e+00 2.253960e+00 6.842628e-02 1.511766e-04
3.981072e-02 1.264707e+00 2.264827e+00 6.877849e-02 1.426591e-04
4.168694e-02 1.275654e+00 2.275768e+00 6.913308e-02 1.345538e-04
4.365158e-02 1.286659e+00 2.286768e+00 6.948957e-02 1.268449e-04
4.570882e-02 1.297706e+00 2.297810e+00 6.984743e-02 1.195169e-04
4.786301e-02 1.308780e+00 2.308878e+00 7.020612e-02 1.125549e-04
5.011872e-02 1.319862e+00 2.319955e+00 7.056510e-02 1.059444e-04
5.248075e-02 1.330935e+00 2.331023e+00 7.092380e-02 9.967127e-05
5.495409e-02 1.341981e+00 2.342064e+00 7.128162e-02 9.372183e-05
5.754399e-02 1.352981e+00 2.353061e+00 7.163798e-02 8.808281e-05
6.025596e-02 1.363919e+00 2.363994e+00 7.199230e-02 8.274123e-05
6.309573e-02 1.374775e+00 2.374846e+00 7.234397e-02 7.768460e-05
6.606934e-02 1.385531e+00 2.385599e+00 7.269241e-02 7.290070e-05
6.918310e-02 1.396170e+00 2.396234e+00 7.303706e-02 6.837768e-05
7.244360e-02 1.406674e+00 2.406734e+00 7.337734e-02 6.410408e-05
7.585776e-02 1.417027e+00 2.417083e+00 7.371271e-02 6.006873e-05
7.943282e-02 1.427212e+00 2.427265e+00 7.404266e-02 5.626079e-05
8.317638e-02 1.437214e+00 2.437265e+00 7.436669e-02 5.266974e-05
8.709636e-02 1.447020e+00 2.447067e+00 7.468435e-02 4.928543e-05
9.120108e-02 1.456615e+00 2.456660e+00 7.499519e-02 4.609798e-05
9.549926e-02 1.465988e+00 2.466030e+00 7.529884e-02 4.309783e-05
1.000000e-01 1.475128e+00 2.475167e+00 7.559494e-02 4.027577e-05
1.047129e-01 1.484025e+00 2.484062e+00 7.588317e-02 3.762285e-05
1.096478e-01 1.492671e+00 2.492706e+00 7.616325e-02 3.513053e-05
1.148154e-01 1.501058e+00 2.501091e+00 7.643498e-02 3.279039e-05
1.202264e-01 1.509182e+00 2.509212e+00 7.669815e-02 3.059456e-05
1.258925e-01 1.517036e+00 2.517065e+00 7.695262e-02 2.853524e-05
1.318257e-01 1.524620e+00 2.524647e+00 7.719829e-02 2.660506e-05
1.380384e-01 1.531929e+00 2.531954e+00 7.743508e-02 2.479696e-05
1.445440e-01 1.538964e+00 2.538988e+00 7.766299e-02 2.310409e-05
1.513561e-01 1.545724e+00 2.545747e+00 7.788201e-02 2.151998e-05
1.584893e-01 1.552212e+00 2.552233e+00 7.809220e-02 2.003835e-05
1.659587e-01 1.558430e+00 2.558449e+00 7.829362e-02 1.865327e-05
1.737801e-01 1.564380e+00 2.564398e+00 7.848640e-02 1.735907e-05
1.819701e-01 1.570068e+00 2.570084e+00 7.867065e-02 1.615033e-05
1.905461e-01 1.575497e+00 2.575513e+00 7.884654e-02 1.502192e-05
1.995262e-01 1.580673e+00 2.580688e+00 7.901425e-02 1.396894e-05
2.089296e-01 1.585604e+00 2.585617e+00 7.917397e-02 1.298674e-05
2.187762e-01 1.590294e+00 2.590307e+00 7.932592e-02 1.207093e-05
2.290868e-01 1.594751e+00 2.594763e+00 7.947032e-02 1.121734e-05
2.398833e-01 1.598982e+00 2.598994e+00 7.960741e-02 1.042203e-05
2.511886e-01 1.602996e+00 2.603006e+00 7.973743e-02 9.681268e-06
2.630268e-01 1.606799e+00 2.606808e+00 7.986063e-02 8.991534e-06
2.754229e-01 1.610399e+00 2.610408e+00 7.997728e-02 8.349518e-06
2.884032e-01 1.613805e+00 2.613813e+00 8.008762e-02 7.752094e-06
3.019952e-01 1.617024e+00 2.617032e+00 8.019191e-02 7.196320e-06
3.162278e-01 1.620065e+00 2.620072e+00 8.029042e-02 6.679428e-06
3.311311e-01 1.622935e+00 2.622941e+00 8.038339e-02 6.198822e-06
3.467369e-01 1.625641e+00 2.625648e+00 8.047109e-02 5.752054e-06
3.630781e-01 1.628193e+00 2.628198e+00 8.055374e-02 5.336843e-06
3.801894e-01 1.630596e+00 2.630602e+00 8.063161e-02 4.951039e-06
3.981072e-01 1.632859e+00 2.632864e+00 8.070492e-02 4.592631e-06
4.168694e-01 1.634988e+00 2.634993e+00 8.077390e-02 4.259738e-06
4.365158e-01 1.636991e+00 2.636995e+00 8.083877e-02 3.950599e-06
4.570882e-01 1.638873e+00 2.638877e+00 8.089976e-02 3.663566e-06
4.786301e-01 1.640642e+00 2.640646e+00 8.095707e-02 3.397103e-06
5.011872e-01 1.642303e+00 2.642307e+00 8.101089e-02 3.149772e-06
5.248075e-01 1.643863e+00 2.643866e+00 8.106142e-02 2.920231e-06
5.495409e-01 1.645327e+00 2.645330e+00 8.110884e-02 2.707230e-06
5.754399e-01 1.646700e+00 2.646703e+00 8.115333e-02 2.509602e-06
6.025596e-01 1.647988e+00 2.647990e+00 8.119505e-02 2.326258e-06
6.309573e-01 1.649195e+00 2.649197e+00 8.123417e-02 2.156184e-06
6.606934e-01 1.650327e+00 2.650329e+00 8.127083e-02 1.998437e-06
6.918310e-01 1.651387e+00 2.651389e+00 8.130519e-02 1.852137e-06
7.244360e-01 1.652381e+00 2.652382e+00 8.133737e-02 1.716467e-06
7.585776e-01 1.653311e+00 2.653313e+00 8.136751e-02 1.590664e-06
7.943282e-01 1.654182e+00 2.654184e+00 8.139574e-02 1.474020e-06
8.317638e-01 1.654997e+00 2.654999e+00 8.142216e-02 1.365877e-06
8.709636e-01 1.655761e+00 2.655762e+00 8.144688e-02 1.265622e-06
9.120108e-01 1.656475e+00 2.656476e+00 8.147002e-02 1.172685e-06
9.549926e-01 1.657143e+00 2.657144e+00 8.149167e-02 1.086539e-06
1.000000e+00 1.657768e+00 2.657769e+00 8.151192e-02 1.006691e-06
