#
  0.000000e+00         0.000000e+00       
  1.000000e-02         5.075884e-01       
  2.000000e-02         6.848377e-01       
  3.000000e-02         7.790387e-01       
  4.000000e-02         8.400538e-01       
  5.000000e-02         8.845644e-01       
  6.000000e-02         9.197376e-01       
  7.000000e-02         9.491654e-01       
  8.000000e-02         9.748489e-01       
  9.000000e-02         9.979929e-01       
  1.000000e-01         1.019368e+00       
  1.100000e-01         1.039491e+00       
  1.200000e-01         1.058724e+00       
  1.300000e-01         1.077327e+00       
  1.400000e-01         1.095496e+00       
  1.500000e-01         1.113379e+00       
  1.600000e-01         1.131094e+00       
  1.700000e-01         1.148734e+00       
  1.800000e-01         1.166377e+00       
  1.900000e-01         1.184088e+00       
  2.000000e-01         1.201923e+00       
  2.100000e-01         1.219930e+00       
  2.200000e-01         1.238153e+00       
  2.300000e-01         1.256631e+00       
  2.400000e-01         1.275402e+00       
  2.500000e-01         1.294498e+00       
  2.600000e-01         1.313954e+00       
  2.700000e-01         1.333801e+00       
  2.800000e-01         1.354070e+00       
  2.900000e-01         1.374792e+00       
  3.000000e-01         1.395998e+00       
  3.100000e-01         1.417720e+00       
  3.200000e-01         1.439988e+00       
  3.300000e-01         1.462837e+00       
  3.400000e-01         1.486300e+00       
  3.500000e-01         1.510411e+00       
  3.600000e-01         1.535207e+00       
  3.700000e-01         1.560727e+00       
  3.800000e-01         1.587010e+00       
  3.900000e-01         1.614098e+00       
  4.000000e-01         1.642036e+00       
  4.100000e-01         1.670871e+00       
  4.200000e-01         1.700653e+00       
  4.300000e-01         1.731434e+00       
  4.400000e-01         1.763273e+00       
  4.500000e-01         1.796228e+00       
  4.600000e-01         1.830365e+00       
  4.700000e-01         1.865753e+00       
  4.800000e-01         1.902467e+00       
  4.900000e-01         1.940586e+00       
  5.000000e-01         1.980198e+00       
  5.100000e-01         2.021395e+00       
  5.200000e-01         2.064278e+00       
  5.300000e-01         2.108957e+00       
  5.400000e-01         2.155551e+00       
  5.500000e-01         2.204188e+00       
  5.600000e-01         2.255009e+00       
  5.700000e-01         2.308169e+00       
  5.800000e-01         2.363835e+00       
  5.900000e-01         2.422192e+00       
  6.000000e-01         2.483444e+00       
  6.100000e-01         2.547813e+00       
  6.200000e-01         2.615548e+00       
  6.300000e-01         2.686922e+00       
  6.400000e-01         2.762240e+00       
  6.500000e-01         2.841841e+00       
  6.600000e-01         2.926103e+00       
  6.700000e-01         3.015451e+00       
  6.800000e-01         3.110363e+00       
  6.900000e-01         3.211379e+00       
  7.000000e-01         3.319109e+00       
  7.100000e-01         3.434249e+00       
  7.200000e-01         3.557593e+00       
  7.300000e-01         3.690056e+00       
  7.400000e-01         3.832688e+00       
  7.500000e-01         3.986711e+00       
  7.600000e-01         4.153550e+00       
  7.700000e-01         4.334878e+00       
  7.800000e-01         4.532670e+00       
  7.900000e-01         4.749280e+00       
  8.000000e-01         4.987531e+00       
  8.100000e-01         5.250841e+00       
  8.200000e-01         5.543387e+00       
  8.300000e-01         5.870329e+00       
  8.400000e-01         6.238118e+00       
  8.500000e-01         6.654923e+00       
  8.600000e-01         7.131248e+00       
  8.700000e-01         7.680831e+00       
  8.800000e-01         8.321985e+00       
  8.900000e-01         9.079687e+00       
  9.000000e-01         9.988901e+00       
  9.100000e-01         1.110013e+01       
  9.200000e-01         1.248914e+01       
  9.300000e-01         1.427497e+01       
  9.400000e-01         1.665604e+01       
  9.500000e-01         1.998948e+01       
  9.600000e-01         2.498959e+01       
  9.700000e-01         3.332303e+01       
  9.800000e-01         4.998980e+01       
  9.900000e-01         9.998990e+01       
