# Models: X-axis(1) Expressions(2)
# Labels: x(1) v_csh(2)
0.000000e+00 5.440000e-02
8.500000e-03 5.467000e-02
1.700000e-02 5.494000e-02
2.550000e-02 5.521000e-02
3.400000e-02 5.548000e-02
4.250000e-02 5.575000e-02
5.100000e-02 5.602000e-02
5.950000e-02 5.629000e-02
6.800000e-02 5.656000e-02
7.650000e-02 5.683000e-02
8.500000e-02 5.710000e-02
9.350000e-02 5.737000e-02
1.020000e-01 5.764000e-02
1.105000e-01 5.791000e-02
1.190000e-01 5.818000e-02
1.275000e-01 5.845000e-02
1.360000e-01 5.872000e-02
1.445000e-01 5.899000e-02
1.530000e-01 5.926000e-02
1.615000e-01 5.953000e-02
1.700000e-01 5.980000e-02
1.785000e-01 6.007000e-02
1.870000e-01 6.034000e-02
1.955000e-01 6.061000e-02
2.040000e-01 6.088000e-02
2.125000e-01 6.115000e-02
2.210000e-01 6.142000e-02
2.295000e-01 6.169000e-02
2.380000e-01 6.196000e-02
2.465000e-01 6.223000e-02
2.550000e-01 6.250000e-02
2.635000e-01 6.277000e-02
2.720000e-01 6.304000e-02
2.805000e-01 6.331000e-02
2.890000e-01 6.358000e-02
2.975000e-01 6.385000e-02
3.060000e-01 6.412000e-02
3.145000e-01 6.439000e-02
3.230000e-01 6.466000e-02
3.315000e-01 6.493000e-02
3.400000e-01 6.520000e-02
3.485000e-01 6.547000e-02
3.570000e-01 6.574000e-02
3.655000e-01 6.601000e-02
3.740000e-01 6.628000e-02
3.825000e-01 6.655000e-02
3.910000e-01 6.682000e-02
3.995000e-01 6.709000e-02
4.080000e-01 6.736000e-02
4.165000e-01 6.763000e-02
4.250000e-01 6.790000e-02
4.335000e-01 6.817000e-02
4.420000e-01 6.844000e-02
4.505000e-01 6.871000e-02
4.590000e-01 6.898000e-02
4.675000e-01 6.925000e-02
4.760000e-01 6.952000e-02
4.845000e-01 6.979000e-02
4.930000e-01 7.006000e-02
5.015000e-01 7.033000e-02
5.100000e-01 7.060000e-02
5.185000e-01 7.087000e-02
5.270000e-01 7.114000e-02
5.355000e-01 7.141000e-02
5.440000e-01 7.168000e-02
5.525000e-01 7.195000e-02
5.610000e-01 7.222000e-02
5.695000e-01 7.249000e-02
5.780000e-01 7.276000e-02
5.865000e-01 7.303000e-02
5.950000e-01 7.330000e-02
6.035000e-01 7.357000e-02
6.120000e-01 7.384000e-02
6.205000e-01 7.411000e-02
6.290000e-01 7.438000e-02
6.375000e-01 7.465000e-02
6.460000e-01 7.492000e-02
6.545000e-01 7.519000e-02
6.630000e-01 7.546000e-02
6.715000e-01 7.573000e-02
6.800000e-01 7.600000e-02
6.885000e-01 7.627000e-02
6.970000e-01 7.654000e-02
7.055000e-01 7.681000e-02
7.140000e-01 7.708000e-02
7.225000e-01 7.735000e-02
7.310000e-01 7.762000e-02
7.395000e-01 7.789000e-02
7.480000e-01 7.816000e-02
7.565000e-01 7.843000e-02
7.650000e-01 7.870000e-02
7.735000e-01 7.897000e-02
7.820000e-01 7.924000e-02
7.905000e-01 7.951000e-02
7.990000e-01 7.978000e-02
8.075000e-01 8.005000e-02
8.160000e-01 8.032000e-02
8.245000e-01 8.059000e-02
8.330000e-01 8.086000e-02
8.415000e-01 8.113000e-02
8.500000e-01 8.140000e-02
