DIME
1 plan
MAIL
3 0. 0. 0.05 
2.e-4
1 250 
1 1 
MATE
70
porosite = 0.121
D_Cl =  2.6e-12 
r_d = 1.
T = 293.
s_caoh2 = 1640.
s_c3ah6 = 8.43
s_sel = 50.
s_aloh3 = 10.
s_csh = 635.
anpha =  0.12 
beta = 2.66
CHMP
15
0.0000100000000000000	0.0	0.0
1.0000000000000000000	0.0	0.0
1.0000000000000000000	0.0	0.0
-0.9997496471330030000	0.0	0.0
120.0000000000000000000	0.0	0.0
229.4719228034990000000	0.0	0.0
-0.9983774485150610000	0.0	0.0
523.2000000000000000000	0.0	0.0
-0.9983273682110610000	0.0	0.0
-0.9999982818780170000	0.0	0.0
-0.9999997619464690000	0.0	0.0
620.0000000000000000000	0.0	0.0
3.1999899998650200000	0.0	0.0
-0.9999989764585470000	0.0	0.0
0. 0. 0.
INIT
8
2 1 1
2 2 2
2 3 3
2 4 4
2 5 5
2 6 6
2 7 7
2 8 15
FONC
0
COND
8
1 1 8 0
1 2 9 0
1 3 10 0
1 4 11 0
1 5 12 0
1 6 13 0
1 7 14 0
1 8 15 0
CHAR
0
POIN
1
1.e-4
TEMP
2
0. 2678400.
ALGO
100 1.e-6 4
1.e-1 1.e6 10. 1.e-1 1.e-1 1.e-1 10. 10. 1.e-1 1.e3