# Models: X-axis(1) VanGenuchten(2) MualemVanGenuchten(3)
# Labels: p_c(1) s_l(2) k_rl(3)
0.000000e+00 1.000000e+00 1.000000e+00
2.500000e+06 9.969933e-01 8.122122e-01
5.000000e+06 9.892505e-01 6.750637e-01
7.500000e+06 9.776117e-01 5.616685e-01
1.000000e+07 9.627369e-01 4.667828e-01
1.250000e+07 9.452477e-01 3.874298e-01
1.500000e+07 9.257303e-01 3.213169e-01
1.750000e+07 9.047225e-01 2.664680e-01
2.000000e+07 8.827016e-01 2.211304e-01
2.250000e+07 8.600789e-01 1.837580e-01
2.500000e+07 8.371979e-01 1.530041e-01
2.750000e+07 8.143377e-01 1.277145e-01
3.000000e+07 7.917190e-01 1.069148e-01
3.250000e+07 7.695111e-01 8.979140e-02
3.500000e+07 7.478398e-01 7.567176e-02
3.750000e+07 7.267944e-01 6.400388e-02
4.000000e+07 7.064353e-01 5.433731e-02
4.250000e+07 6.867991e-01 4.630549e-02
4.500000e+07 6.679043e-01 3.961094e-02
4.750000e+07 6.497553e-01 3.401246e-02
5.000000e+07 6.323460e-01 2.931446e-02
5.250000e+07 6.156623e-01 2.535822e-02
5.500000e+07 5.996848e-01 2.201482e-02
5.750000e+07 5.843900e-01 1.917926e-02
6.000000e+07 5.697520e-01 1.676592e-02
6.250000e+07 5.557434e-01 1.470473e-02
6.500000e+07 5.423363e-01 1.293830e-02
6.750000e+07 5.295025e-01 1.141935e-02
7.000000e+07 5.172141e-01 1.010890e-02
7.250000e+07 5.054440e-01 8.974699e-03
7.500000e+07 4.941659e-01 7.989976e-03
7.750000e+07 4.833545e-01 7.132427e-03
8.000000e+07 4.729855e-01 6.383415e-03
8.250000e+07 4.630358e-01 5.727327e-03
8.500000e+07 4.534836e-01 5.151044e-03
8.750000e+07 4.443080e-01 4.643491e-03
9.000000e+07 4.354894e-01 4.195306e-03
9.250000e+07 4.270093e-01 3.798548e-03
9.500000e+07 4.188501e-01 3.446455e-03
9.750000e+07 4.109953e-01 3.133259e-03
1.000000e+08 4.034295e-01 2.854030e-03
1.025000e+08 3.961379e-01 2.604527e-03
1.050000e+08 3.891070e-01 2.381116e-03
1.075000e+08 3.823236e-01 2.180645e-03
1.100000e+08 3.757756e-01 2.000401e-03
1.125000e+08 3.694516e-01 1.838029e-03
1.150000e+08 3.633408e-01 1.691481e-03
1.175000e+08 3.574330e-01 1.558973e-03
1.200000e+08 3.517185e-01 1.438946e-03
1.225000e+08 3.461886e-01 1.330045e-03
1.250000e+08 3.408345e-01 1.231067e-03
1.275000e+08 3.356484e-01 1.140969e-03
1.300000e+08 3.306226e-01 1.058824e-03
1.325000e+08 3.257500e-01 9.838154e-04
1.350000e+08 3.210239e-01 9.152244e-04
1.375000e+08 3.164379e-01 8.524119e-04
1.400000e+08 3.119860e-01 7.948115e-04
1.425000e+08 3.076625e-01 7.419196e-04
1.450000e+08 3.034621e-01 6.932889e-04
1.475000e+08 2.993796e-01 6.485181e-04
1.500000e+08 2.954102e-01 6.072504e-04
1.525000e+08 2.915493e-01 5.691657e-04
1.550000e+08 2.877926e-01 5.339779e-04
1.575000e+08 2.841359e-01 5.014291e-04
1.600000e+08 2.805755e-01 4.712896e-04
1.625000e+08 2.771074e-01 4.433490e-04
1.650000e+08 2.737283e-01 4.174213e-04
1.675000e+08 2.704347e-01 3.933359e-04
1.700000e+08 2.672235e-01 3.709404e-04
1.725000e+08 2.640916e-01 3.500955e-04
1.750000e+08 2.610362e-01 3.306761e-04
1.775000e+08 2.580544e-01 3.125673e-04
1.800000e+08 2.551437e-01 2.956661e-04
1.825000e+08 2.523015e-01 2.798776e-04
1.850000e+08 2.495255e-01 2.651165e-04
1.875000e+08 2.468133e-01 2.513038e-04
1.900000e+08 2.441628e-01 2.383683e-04
1.925000e+08 2.415719e-01 2.262447e-04
1.950000e+08 2.390387e-01 2.148735e-04
1.975000e+08 2.365611e-01 2.041992e-04
2.000000e+08 2.341374e-01 1.941720e-04
2.025000e+08 2.317658e-01 1.847457e-04
2.050000e+08 2.294447e-01 1.758782e-04
2.075000e+08 2.271724e-01 1.675303e-04
2.100000e+08 2.249475e-01 1.596666e-04
2.125000e+08 2.227684e-01 1.522537e-04
2.150000e+08 2.206338e-01 1.452615e-04
2.175000e+08 2.185422e-01 1.386616e-04
2.200000e+08 2.164925e-01 1.324286e-04
2.225000e+08 2.144833e-01 1.265381e-04
2.250000e+08 2.125134e-01 1.209680e-04
2.275000e+08 2.105816e-01 1.156976e-04
2.300000e+08 2.086870e-01 1.107084e-04
2.325000e+08 2.068284e-01 1.059826e-04
2.350000e+08 2.050047e-01 1.015034e-04
2.375000e+08 2.032151e-01 9.725624e-05
2.400000e+08 2.014584e-01 9.322635e-05
2.425000e+08 1.997339e-01 8.940110e-05
2.450000e+08 1.980407e-01 8.576821e-05
2.475000e+08 1.963778e-01 8.231598e-05
2.500000e+08 1.947445e-01 7.903405e-05
2.525000e+08 1.931400e-01 7.591250e-05
2.550000e+08 1.915635e-01 7.294202e-05
2.575000e+08 1.900143e-01 7.011404e-05
2.600000e+08 1.884917e-01 6.742053e-05
2.625000e+08 1.869949e-01 6.485374e-05
2.650000e+08 1.855234e-01 6.240692e-05
2.675000e+08 1.840765e-01 6.007334e-05
2.700000e+08 1.826535e-01 5.784670e-05
2.725000e+08 1.812538e-01 5.572122e-05
2.750000e+08 1.798770e-01 5.369171e-05
2.775000e+08 1.785224e-01 5.175287e-05
2.800000e+08 1.771895e-01 4.989998e-05
2.825000e+08 1.758777e-01 4.812843e-05
2.850000e+08 1.745866e-01 4.643414e-05
2.875000e+08 1.733156e-01 4.481300e-05
2.900000e+08 1.720644e-01 4.326148e-05
2.925000e+08 1.708323e-01 4.177578e-05
2.950000e+08 1.696191e-01 4.035287e-05
2.975000e+08 1.684241e-01 3.898933e-05
3.000000e+08 1.672472e-01 3.768256e-05
3.025000e+08 1.660877e-01 3.642947e-05
3.050000e+08 1.649454e-01 3.522766e-05
3.075000e+08 1.638198e-01 3.407451e-05
3.100000e+08 1.627105e-01 3.296768e-05
3.125000e+08 1.616173e-01 3.190512e-05
3.150000e+08 1.605398e-01 3.088468e-05
3.175000e+08 1.594776e-01 2.990434e-05
3.200000e+08 1.584303e-01 2.896217e-05
3.225000e+08 1.573978e-01 2.805660e-05
3.250000e+08 1.563796e-01 2.718580e-05
3.275000e+08 1.553754e-01 2.634818e-05
3.300000e+08 1.543850e-01 2.554232e-05
3.325000e+08 1.534081e-01 2.476680e-05
3.350000e+08 1.524444e-01 2.402023e-05
3.375000e+08 1.514937e-01 2.330140e-05
3.400000e+08 1.505556e-01 2.260898e-05
3.425000e+08 1.496299e-01 2.194187e-05
3.450000e+08 1.487163e-01 2.129893e-05
3.475000e+08 1.478147e-01 2.067922e-05
3.500000e+08 1.469248e-01 2.008172e-05
3.525000e+08 1.460463e-01 1.950542e-05
3.550000e+08 1.451791e-01 1.894952e-05
3.575000e+08 1.443228e-01 1.841305e-05
3.600000e+08 1.434774e-01 1.789534e-05
3.625000e+08 1.426426e-01 1.739555e-05
3.650000e+08 1.418181e-01 1.691288e-05
3.675000e+08 1.410039e-01 1.644677e-05
3.700000e+08 1.401996e-01 1.599641e-05
3.725000e+08 1.394052e-01 1.556128e-05
3.750000e+08 1.386204e-01 1.514071e-05
3.775000e+08 1.378450e-01 1.473411e-05
3.800000e+08 1.370790e-01 1.434101e-05
3.825000e+08 1.363220e-01 1.396077e-05
3.850000e+08 1.355740e-01 1.359297e-05
3.875000e+08 1.348348e-01 1.323711e-05
3.900000e+08 1.341042e-01 1.289271e-05
3.925000e+08 1.333822e-01 1.255941e-05
3.950000e+08 1.326684e-01 1.223666e-05
3.975000e+08 1.319628e-01 1.192414e-05
4.000000e+08 1.312653e-01 1.162147e-05
4.025000e+08 1.305756e-01 1.132823e-05
4.050000e+08 1.298937e-01 1.104413e-05
4.075000e+08 1.292195e-01 1.076882e-05
4.100000e+08 1.285528e-01 1.050198e-05
4.125000e+08 1.278934e-01 1.024326e-05
4.150000e+08 1.272413e-01 9.992405e-06
4.175000e+08 1.265963e-01 9.749115e-06
4.200000e+08 1.259583e-01 9.513122e-06
4.225000e+08 1.253272e-01 9.284172e-06
4.250000e+08 1.247029e-01 9.062021e-06
4.275000e+08 1.240853e-01 8.846432e-06
4.300000e+08 1.234743e-01 8.637180e-06
4.325000e+08 1.228696e-01 8.433979e-06
4.350000e+08 1.222714e-01 8.236720e-06
4.375000e+08 1.216794e-01 8.045133e-06
4.400000e+08 1.210935e-01 7.859025e-06
4.425000e+08 1.205137e-01 7.678240e-06
4.450000e+08 1.199399e-01 7.502596e-06
4.475000e+08 1.193719e-01 7.331888e-06
4.500000e+08 1.188097e-01 7.165978e-06
4.525000e+08 1.182532e-01 7.004702e-06
4.550000e+08 1.177022e-01 6.847876e-06
4.575000e+08 1.171568e-01 6.695405e-06
4.600000e+08 1.166168e-01 6.547114e-06
4.625000e+08 1.160822e-01 6.402889e-06
4.650000e+08 1.155528e-01 6.262567e-06
4.675000e+08 1.150286e-01 6.126042e-06
4.700000e+08 1.145095e-01 5.993187e-06
4.725000e+08 1.139955e-01 5.863903e-06
4.750000e+08 1.134864e-01 5.738047e-06
4.775000e+08 1.129822e-01 5.615527e-06
4.800000e+08 1.124828e-01 5.496231e-06
4.825000e+08 1.119881e-01 5.380053e-06
4.850000e+08 1.114981e-01 5.266911e-06
4.875000e+08 1.110127e-01 5.156703e-06
4.900000e+08 1.105319e-01 5.049354e-06
4.925000e+08 1.100555e-01 4.944746e-06
4.950000e+08 1.095836e-01 4.842832e-06
4.975000e+08 1.091160e-01 4.743499e-06
5.000000e+08 1.086527e-01 4.646684e-06
5.025000e+08 1.081936e-01 4.552301e-06
5.050000e+08 1.077387e-01 4.460291e-06
5.075000e+08 1.072879e-01 4.370573e-06
5.100000e+08 1.068412e-01 4.283092e-06
5.125000e+08 1.063984e-01 4.197754e-06
5.150000e+08 1.059596e-01 4.114524e-06
5.175000e+08 1.055247e-01 4.033333e-06
5.200000e+08 1.050936e-01 3.954113e-06
5.225000e+08 1.046664e-01 3.876834e-06
5.250000e+08 1.042428e-01 3.801396e-06
5.275000e+08 1.038230e-01 3.727790e-06
5.300000e+08 1.034067e-01 3.655920e-06
5.325000e+08 1.029941e-01 3.585780e-06
5.350000e+08 1.025850e-01 3.517294e-06
5.375000e+08 1.021794e-01 3.450423e-06
5.400000e+08 1.017773e-01 3.385131e-06
5.425000e+08 1.013785e-01 3.321348e-06
5.450000e+08 1.009832e-01 3.259070e-06
5.475000e+08 1.005911e-01 3.198217e-06
5.500000e+08 1.002023e-01 3.138770e-06
5.525000e+08 9.981675e-02 3.080691e-06
5.550000e+08 9.943439e-02 3.023938e-06
5.575000e+08 9.905519e-02 2.968478e-06
5.600000e+08 9.867909e-02 2.914272e-06
5.625000e+08 9.830607e-02 2.861289e-06
5.650000e+08 9.793608e-02 2.809496e-06
5.675000e+08 9.756909e-02 2.758861e-06
5.700000e+08 9.720506e-02 2.709353e-06
5.725000e+08 9.684396e-02 2.660944e-06
5.750000e+08 9.648574e-02 2.613602e-06
5.775000e+08 9.613038e-02 2.567301e-06
5.800000e+08 9.577783e-02 2.522012e-06
5.825000e+08 9.542807e-02 2.477712e-06
5.850000e+08 9.508105e-02 2.434371e-06
5.875000e+08 9.473676e-02 2.391969e-06
5.900000e+08 9.439514e-02 2.350477e-06
5.925000e+08 9.405618e-02 2.309875e-06
5.950000e+08 9.371985e-02 2.270141e-06
5.975000e+08 9.338610e-02 2.231250e-06
6.000000e+08 9.305491e-02 2.193183e-06
6.025000e+08 9.272625e-02 2.155917e-06
6.050000e+08 9.240009e-02 2.119435e-06
6.075000e+08 9.207640e-02 2.083715e-06
6.100000e+08 9.175516e-02 2.048740e-06
6.125000e+08 9.143633e-02 2.014489e-06
6.150000e+08 9.111988e-02 1.980946e-06
6.175000e+08 9.080580e-02 1.948094e-06
6.200000e+08 9.049404e-02 1.915914e-06
6.225000e+08 9.018459e-02 1.884391e-06
6.250000e+08 8.987743e-02 1.853510e-06
6.275000e+08 8.957251e-02 1.823253e-06
6.300000e+08 8.926983e-02 1.793608e-06
6.325000e+08 8.896935e-02 1.764558e-06
6.350000e+08 8.867104e-02 1.736089e-06
6.375000e+08 8.837490e-02 1.708189e-06
6.400000e+08 8.808088e-02 1.680842e-06
6.425000e+08 8.778897e-02 1.654036e-06
6.450000e+08 8.749915e-02 1.627759e-06
6.475000e+08 8.721139e-02 1.601998e-06
6.500000e+08 8.692567e-02 1.576741e-06
6.525000e+08 8.664196e-02 1.551975e-06
6.550000e+08 8.636025e-02 1.527691e-06
6.575000e+08 8.608052e-02 1.503877e-06
6.600000e+08 8.580274e-02 1.480522e-06
6.625000e+08 8.552689e-02 1.457614e-06
6.650000e+08 8.525295e-02 1.435145e-06
6.675000e+08 8.498090e-02 1.413104e-06
6.700000e+08 8.471073e-02 1.391482e-06
6.725000e+08 8.444240e-02 1.370268e-06
6.750000e+08 8.417591e-02 1.349455e-06
6.775000e+08 8.391123e-02 1.329032e-06
6.800000e+08 8.364835e-02 1.308991e-06
6.825000e+08 8.338724e-02 1.289324e-06
6.850000e+08 8.312789e-02 1.270023e-06
6.875000e+08 8.287028e-02 1.251079e-06
6.900000e+08 8.261438e-02 1.232483e-06
6.925000e+08 8.236020e-02 1.214230e-06
6.950000e+08 8.210770e-02 1.196311e-06
6.975000e+08 8.185686e-02 1.178719e-06
7.000000e+08 8.160768e-02 1.161446e-06
7.025000e+08 8.136014e-02 1.144487e-06
7.050000e+08 8.111422e-02 1.127835e-06
7.075000e+08 8.086989e-02 1.111481e-06
7.100000e+08 8.062716e-02 1.095421e-06
7.125000e+08 8.038600e-02 1.079648e-06
7.150000e+08 8.014639e-02 1.064155e-06
7.175000e+08 7.990832e-02 1.048938e-06
7.200000e+08 7.967178e-02 1.033989e-06
7.225000e+08 7.943675e-02 1.019305e-06
7.250000e+08 7.920321e-02 1.004878e-06
7.275000e+08 7.897116e-02 9.907034e-07
7.300000e+08 7.874057e-02 9.767762e-07
7.325000e+08 7.851143e-02 9.630910e-07
7.350000e+08 7.828373e-02 9.496430e-07
7.375000e+08 7.805746e-02 9.364275e-07
7.400000e+08 7.783259e-02 9.234389e-07
7.425000e+08 7.760913e-02 9.106738e-07
7.450000e+08 7.738705e-02 8.981268e-07
7.475000e+08 7.716634e-02 8.857935e-07
7.500000e+08 7.694698e-02 8.736693e-07
7.525000e+08 7.672898e-02 8.617511e-07
7.550000e+08 7.651230e-02 8.500333e-07
7.575000e+08 7.629695e-02 8.385131e-07
7.600000e+08 7.608290e-02 8.271857e-07
7.625000e+08 7.587015e-02 8.160477e-07
7.650000e+08 7.565868e-02 8.050951e-07
7.675000e+08 7.544848e-02 7.943243e-07
7.700000e+08 7.523955e-02 7.837321e-07
7.725000e+08 7.503186e-02 7.733143e-07
7.750000e+08 7.482541e-02 7.630679e-07
7.775000e+08 7.462018e-02 7.529892e-07
7.800000e+08 7.441617e-02 7.430754e-07
7.825000e+08 7.421337e-02 7.333234e-07
7.850000e+08 7.401175e-02 7.237292e-07
7.875000e+08 7.381132e-02 7.142905e-07
7.900000e+08 7.361206e-02 7.050041e-07
7.925000e+08 7.341396e-02 6.958671e-07
7.950000e+08 7.321701e-02 6.868765e-07
7.975000e+08 7.302121e-02 6.780300e-07
8.000000e+08 7.282653e-02 6.693241e-07
8.025000e+08 7.263297e-02 6.607564e-07
8.050000e+08 7.244052e-02 6.523244e-07
8.075000e+08 7.224917e-02 6.440255e-07
8.100000e+08 7.205892e-02 6.358577e-07
8.125000e+08 7.186974e-02 6.278175e-07
8.150000e+08 7.168164e-02 6.199034e-07
8.175000e+08 7.149460e-02 6.121127e-07
8.200000e+08 7.130861e-02 6.044430e-07
8.225000e+08 7.112367e-02 5.968924e-07
8.250000e+08 7.093976e-02 5.894583e-07
8.275000e+08 7.075688e-02 5.821388e-07
8.300000e+08 7.057502e-02 5.749320e-07
8.325000e+08 7.039416e-02 5.678352e-07
8.350000e+08 7.021431e-02 5.608471e-07
8.375000e+08 7.003545e-02 5.539654e-07
8.400000e+08 6.985757e-02 5.471880e-07
8.425000e+08 6.968067e-02 5.405134e-07
8.450000e+08 6.950473e-02 5.339393e-07
8.475000e+08 6.932976e-02 5.274646e-07
8.500000e+08 6.915573e-02 5.210866e-07
8.525000e+08 6.898265e-02 5.148043e-07
8.550000e+08 6.881050e-02 5.086155e-07
8.575000e+08 6.863929e-02 5.025192e-07
8.600000e+08 6.846899e-02 4.965130e-07
8.625000e+08 6.829960e-02 4.905956e-07
8.650000e+08 6.813112e-02 4.847657e-07
8.675000e+08 6.796353e-02 4.790212e-07
8.700000e+08 6.779684e-02 4.733613e-07
8.725000e+08 6.763103e-02 4.677840e-07
8.750000e+08 6.746609e-02 4.622879e-07
8.775000e+08 6.730202e-02 4.568718e-07
8.800000e+08 6.713882e-02 4.515344e-07
8.825000e+08 6.697646e-02 4.462738e-07
8.850000e+08 6.681496e-02 4.410894e-07
8.875000e+08 6.665430e-02 4.359795e-07
8.900000e+08 6.649447e-02 4.309428e-07
8.925000e+08 6.633547e-02 4.259781e-07
8.950000e+08 6.617729e-02 4.210842e-07
8.975000e+08 6.601992e-02 4.162598e-07
9.000000e+08 6.586337e-02 4.115041e-07
9.025000e+08 6.570761e-02 4.068153e-07
9.050000e+08 6.555265e-02 4.021928e-07
9.075000e+08 6.539848e-02 3.976353e-07
9.100000e+08 6.524510e-02 3.931419e-07
9.125000e+08 6.509249e-02 3.887112e-07
9.150000e+08 6.494065e-02 3.843423e-07
9.175000e+08 6.478957e-02 3.800340e-07
9.200000e+08 6.463926e-02 3.757857e-07
9.225000e+08 6.448969e-02 3.715959e-07
9.250000e+08 6.434088e-02 3.674643e-07
9.275000e+08 6.419281e-02 3.633895e-07
9.300000e+08 6.404547e-02 3.593704e-07
9.325000e+08 6.389886e-02 3.554064e-07
9.350000e+08 6.375298e-02 3.514966e-07
9.375000e+08 6.360782e-02 3.476401e-07
9.400000e+08 6.346337e-02 3.438358e-07
9.425000e+08 6.331963e-02 3.400832e-07
9.450000e+08 6.317660e-02 3.363814e-07
9.475000e+08 6.303426e-02 3.327292e-07
9.500000e+08 6.289261e-02 3.291261e-07
9.525000e+08 6.275166e-02 3.255716e-07
9.550000e+08 6.261138e-02 3.220644e-07
9.575000e+08 6.247178e-02 3.186039e-07
9.600000e+08 6.233286e-02 3.151897e-07
9.625000e+08 6.219460e-02 3.118206e-07
9.650000e+08 6.205701e-02 3.084962e-07
9.675000e+08 6.192007e-02 3.052156e-07
9.700000e+08 6.178378e-02 3.019780e-07
9.725000e+08 6.164815e-02 2.987833e-07
9.750000e+08 6.151315e-02 2.956301e-07
9.775000e+08 6.137880e-02 2.925183e-07
9.800000e+08 6.124508e-02 2.894471e-07
9.825000e+08 6.111198e-02 2.864155e-07
9.850000e+08 6.097952e-02 2.834236e-07
9.875000e+08 6.084767e-02 2.804701e-07
9.900000e+08 6.071644e-02 2.775548e-07
9.925000e+08 6.058582e-02 2.746770e-07
9.950000e+08 6.045581e-02 2.718363e-07
9.975000e+08 6.032640e-02 2.690318e-07
1.000000e+09 6.019759e-02 2.662632e-07
