# Models: X-axis(1) Expressions(2)
# Labels: r(1) S_r(2)
1.000000e-08 1.831248e-01
1.006935e-08 1.835502e-01
1.013918e-08 1.839767e-01
1.020950e-08 1.844041e-01
1.028031e-08 1.848326e-01
1.035160e-08 1.852620e-01
1.042339e-08 1.856924e-01
1.049568e-08 1.861238e-01
1.056847e-08 1.865562e-01
1.064176e-08 1.869896e-01
1.071556e-08 1.874240e-01
1.078988e-08 1.878594e-01
1.086471e-08 1.882959e-01
1.094006e-08 1.887333e-01
1.101593e-08 1.891717e-01
1.109232e-08 1.896111e-01
1.116925e-08 1.900516e-01
1.124671e-08 1.904931e-01
1.132471e-08 1.909356e-01
1.140325e-08 1.913791e-01
1.148233e-08 1.918237e-01
1.156196e-08 1.922692e-01
1.164215e-08 1.927159e-01
1.172289e-08 1.931635e-01
1.180419e-08 1.936122e-01
1.188605e-08 1.940619e-01
1.196848e-08 1.945126e-01
1.205148e-08 1.949644e-01
1.213506e-08 1.954172e-01
1.221922e-08 1.958711e-01
1.230396e-08 1.963260e-01
1.238929e-08 1.967820e-01
1.247521e-08 1.972390e-01
1.256173e-08 1.976971e-01
1.264885e-08 1.981562e-01
1.273657e-08 1.986164e-01
1.282490e-08 1.990777e-01
1.291384e-08 1.995400e-01
1.300340e-08 2.000033e-01
1.309358e-08 2.004678e-01
1.318439e-08 2.009333e-01
1.327583e-08 2.014000e-01
1.336790e-08 2.018676e-01
1.346060e-08 2.023364e-01
1.355395e-08 2.028062e-01
1.364795e-08 2.032771e-01
1.374260e-08 2.037491e-01
1.383791e-08 2.042222e-01
1.393388e-08 2.046964e-01
1.403051e-08 2.051717e-01
1.412782e-08 2.056481e-01
1.422579e-08 2.061255e-01
1.432445e-08 2.066041e-01
1.442379e-08 2.070838e-01
1.452383e-08 2.075646e-01
1.462455e-08 2.080464e-01
1.472597e-08 2.085294e-01
1.482810e-08 2.090135e-01
1.493094e-08 2.094988e-01
1.503448e-08 2.099851e-01
1.513875e-08 2.104726e-01
1.524374e-08 2.109612e-01
1.534946e-08 2.114509e-01
1.545591e-08 2.119417e-01
1.556310e-08 2.124337e-01
1.567103e-08 2.129268e-01
1.577971e-08 2.134210e-01
1.588915e-08 2.139164e-01
1.599934e-08 2.144129e-01
1.611030e-08 2.149105e-01
1.622202e-08 2.154093e-01
1.633453e-08 2.159093e-01
1.644781e-08 2.164104e-01
1.656188e-08 2.169126e-01
1.667674e-08 2.174160e-01
1.679239e-08 2.179206e-01
1.690885e-08 2.184263e-01
1.702611e-08 2.189331e-01
1.714419e-08 2.194412e-01
1.726309e-08 2.199504e-01
1.738281e-08 2.204608e-01
1.750337e-08 2.209724e-01
1.762475e-08 2.214851e-01
1.774698e-08 2.219990e-01
1.787006e-08 2.225141e-01
1.799399e-08 2.230303e-01
1.811878e-08 2.235478e-01
1.824444e-08 2.240665e-01
1.837097e-08 2.245863e-01
1.849837e-08 2.251073e-01
1.862666e-08 2.256295e-01
1.875584e-08 2.261530e-01
1.888592e-08 2.266776e-01
1.901689e-08 2.272034e-01
1.914878e-08 2.277305e-01
1.928158e-08 2.282587e-01
1.941530e-08 2.287882e-01
1.954995e-08 2.293189e-01
1.968553e-08 2.298507e-01
1.982205e-08 2.303838e-01
1.995952e-08 2.309182e-01
2.009794e-08 2.314537e-01
2.023732e-08 2.319905e-01
2.037767e-08 2.325285e-01
2.051899e-08 2.330677e-01
2.066130e-08 2.336083e-01
2.080459e-08 2.341500e-01
2.094887e-08 2.346929e-01
2.109415e-08 2.352371e-01
2.124044e-08 2.357825e-01
2.138775e-08 2.363293e-01
2.153608e-08 2.368772e-01
2.168543e-08 2.374264e-01
2.183582e-08 2.379768e-01
2.198726e-08 2.385286e-01
2.213974e-08 2.390815e-01
2.229329e-08 2.396358e-01
2.244789e-08 2.401913e-01
2.260357e-08 2.407481e-01
2.276033e-08 2.413061e-01
2.291818e-08 2.418655e-01
2.307712e-08 2.424261e-01
2.323716e-08 2.429879e-01
2.339832e-08 2.435511e-01
2.356059e-08 2.441156e-01
2.372398e-08 2.446813e-01
2.388851e-08 2.452483e-01
2.405418e-08 2.458167e-01
2.422100e-08 2.463863e-01
2.438898e-08 2.469572e-01
2.455812e-08 2.475295e-01
2.472843e-08 2.481030e-01
2.489993e-08 2.486778e-01
2.507261e-08 2.492540e-01
2.524650e-08 2.498315e-01
2.542158e-08 2.504102e-01
2.559789e-08 2.509904e-01
2.577541e-08 2.515718e-01
2.595417e-08 2.521545e-01
2.613416e-08 2.527386e-01
2.631541e-08 2.533240e-01
2.649791e-08 2.539107e-01
2.668168e-08 2.544988e-01
2.686672e-08 2.550882e-01
2.705304e-08 2.556790e-01
2.724066e-08 2.562711e-01
2.742958e-08 2.568645e-01
2.761981e-08 2.574593e-01
2.781135e-08 2.580555e-01
2.800423e-08 2.586530e-01
2.819844e-08 2.592518e-01
2.839400e-08 2.598520e-01
2.859092e-08 2.604536e-01
2.878920e-08 2.610566e-01
2.898886e-08 2.616609e-01
2.918990e-08 2.622666e-01
2.939234e-08 2.628737e-01
2.959618e-08 2.634821e-01
2.980143e-08 2.640919e-01
3.000811e-08 2.647031e-01
3.021622e-08 2.653157e-01
3.042577e-08 2.659297e-01
3.063678e-08 2.665451e-01
3.084925e-08 2.671618e-01
3.106320e-08 2.677800e-01
3.127862e-08 2.683996e-01
3.149554e-08 2.690205e-01
3.171397e-08 2.696429e-01
3.193391e-08 2.702667e-01
3.215538e-08 2.708919e-01
3.237838e-08 2.715185e-01
3.260293e-08 2.721465e-01
3.282904e-08 2.727759e-01
3.305671e-08 2.734068e-01
3.328596e-08 2.740391e-01
3.351681e-08 2.746728e-01
3.374925e-08 2.753079e-01
3.398331e-08 2.759445e-01
3.421899e-08 2.765826e-01
3.445630e-08 2.772220e-01
3.469526e-08 2.778629e-01
3.493588e-08 2.785053e-01
3.517816e-08 2.791490e-01
3.542213e-08 2.797943e-01
3.566778e-08 2.804410e-01
3.591515e-08 2.810891e-01
3.616422e-08 2.817387e-01
3.641503e-08 2.823898e-01
3.666757e-08 2.830424e-01
3.692187e-08 2.836964e-01
3.717792e-08 2.843518e-01
3.743576e-08 2.850088e-01
3.769538e-08 2.856672e-01
3.795680e-08 2.863271e-01
3.822004e-08 2.869885e-01
3.848510e-08 2.876514e-01
3.875200e-08 2.883157e-01
3.902075e-08 2.889816e-01
3.929137e-08 2.896490e-01
3.956386e-08 2.903178e-01
3.983824e-08 2.909881e-01
4.011452e-08 2.916600e-01
4.039272e-08 2.923333e-01
4.067285e-08 2.930082e-01
4.095493e-08 2.936845e-01
4.123896e-08 2.943624e-01
4.152495e-08 2.950418e-01
4.181294e-08 2.957227e-01
4.210291e-08 2.964051e-01
4.239490e-08 2.970891e-01
4.268892e-08 2.977746e-01
4.298497e-08 2.984616e-01
4.328308e-08 2.991502e-01
4.358325e-08 2.998402e-01
4.388551e-08 3.005319e-01
4.418986e-08 3.012250e-01
4.449633e-08 3.019198e-01
4.480492e-08 3.026160e-01
4.511564e-08 3.033138e-01
4.542853e-08 3.040132e-01
4.574358e-08 3.047141e-01
4.606082e-08 3.054166e-01
4.638026e-08 3.061206e-01
4.670191e-08 3.068262e-01
4.702580e-08 3.075334e-01
4.735193e-08 3.082421e-01
4.768032e-08 3.089524e-01
4.801099e-08 3.096643e-01
4.834395e-08 3.103777e-01
4.867923e-08 3.110928e-01
4.901682e-08 3.118094e-01
4.935676e-08 3.125276e-01
4.969906e-08 3.132474e-01
5.004373e-08 3.139688e-01
5.039079e-08 3.146918e-01
5.074026e-08 3.154164e-01
5.109215e-08 3.161425e-01
5.144648e-08 3.168703e-01
5.180327e-08 3.175997e-01
5.216253e-08 3.183307e-01
5.252429e-08 3.190633e-01
5.288855e-08 3.197975e-01
5.325534e-08 3.205334e-01
5.362468e-08 3.212708e-01
5.399657e-08 3.220099e-01
5.437105e-08 3.227506e-01
5.474812e-08 3.234930e-01
5.512780e-08 3.242369e-01
5.551012e-08 3.249825e-01
5.589509e-08 3.257297e-01
5.628273e-08 3.264786e-01
5.667306e-08 3.272291e-01
5.706610e-08 3.279813e-01
5.746186e-08 3.287350e-01
5.786037e-08 3.294905e-01
5.826164e-08 3.302476e-01
5.866569e-08 3.310063e-01
5.907255e-08 3.317667e-01
5.948222e-08 3.325288e-01
5.989474e-08 3.332925e-01
6.031012e-08 3.340579e-01
6.072838e-08 3.348250e-01
6.114954e-08 3.355937e-01
6.157362e-08 3.363641e-01
6.200064e-08 3.371362e-01
6.243063e-08 3.379099e-01
6.286359e-08 3.386854e-01
6.329956e-08 3.394625e-01
6.373855e-08 3.402413e-01
6.418059e-08 3.410218e-01
6.462569e-08 3.418039e-01
6.507388e-08 3.425878e-01
6.552518e-08 3.433734e-01
6.597960e-08 3.441606e-01
6.643718e-08 3.449496e-01
6.689793e-08 3.457402e-01
6.736188e-08 3.465326e-01
6.782905e-08 3.473267e-01
6.829945e-08 3.481225e-01
6.877312e-08 3.489200e-01
6.925007e-08 3.497192e-01
6.973033e-08 3.505201e-01
7.021392e-08 3.513227e-01
7.070086e-08 3.521271e-01
7.119118e-08 3.529332e-01
7.168490e-08 3.537410e-01
7.218205e-08 3.545506e-01
7.268264e-08 3.553618e-01
7.318671e-08 3.561748e-01
7.369427e-08 3.569896e-01
7.420535e-08 3.578061e-01
7.471998e-08 3.586243e-01
7.523817e-08 3.594443e-01
7.575996e-08 3.602660e-01
7.628536e-08 3.610894e-01
7.681441e-08 3.619146e-01
7.734713e-08 3.627416e-01
7.788355e-08 3.635703e-01
7.842368e-08 3.644008e-01
7.896756e-08 3.652330e-01
7.951521e-08 3.660670e-01
8.006666e-08 3.669027e-01
8.062194e-08 3.677402e-01
8.118106e-08 3.685795e-01
8.174406e-08 3.694205e-01
8.231097e-08 3.702634e-01
8.288181e-08 3.711080e-01
8.345661e-08 3.719543e-01
8.403539e-08 3.728025e-01
8.461819e-08 3.736524e-01
8.520503e-08 3.745041e-01
8.579594e-08 3.753575e-01
8.639095e-08 3.762128e-01
8.699008e-08 3.770699e-01
8.759337e-08 3.779287e-01
8.820084e-08 3.787893e-01
8.881253e-08 3.796517e-01
8.942846e-08 3.805160e-01
9.004866e-08 3.813820e-01
9.067316e-08 3.822498e-01
9.130199e-08 3.831194e-01
9.193518e-08 3.839908e-01
9.257277e-08 3.848640e-01
9.321477e-08 3.857390e-01
9.386123e-08 3.866158e-01
9.451217e-08 3.874944e-01
9.516763e-08 3.883749e-01
9.582763e-08 3.892571e-01
9.649221e-08 3.901411e-01
9.716140e-08 3.910270e-01
9.783522e-08 3.919147e-01
9.851373e-08 3.928042e-01
9.919693e-08 3.936955e-01
9.988488e-08 3.945886e-01
1.005776e-07 3.954836e-01
1.012751e-07 3.963803e-01
1.019775e-07 3.972790e-01
1.026847e-07 3.981794e-01
1.033968e-07 3.990816e-01
1.041139e-07 3.999857e-01
1.048360e-07 4.008917e-01
1.055630e-07 4.017994e-01
1.062951e-07 4.027089e-01
1.070323e-07 4.036204e-01
1.077746e-07 4.045336e-01
1.085220e-07 4.054486e-01
1.092746e-07 4.063655e-01
1.100324e-07 4.072842e-01
1.107955e-07 4.082048e-01
1.115639e-07 4.091273e-01
1.123376e-07 4.100515e-01
1.131167e-07 4.109776e-01
1.139012e-07 4.119056e-01
1.146911e-07 4.128353e-01
1.154865e-07 4.137670e-01
1.162874e-07 4.147004e-01
1.170939e-07 4.156357e-01
1.179060e-07 4.165729e-01
1.187237e-07 4.175120e-01
1.195470e-07 4.184527e-01
1.203761e-07 4.193954e-01
1.212109e-07 4.203400e-01
1.220515e-07 4.212863e-01
1.228980e-07 4.222346e-01
1.237503e-07 4.231847e-01
1.246085e-07 4.241366e-01
1.254727e-07 4.250904e-01
1.263429e-07 4.260461e-01
1.272191e-07 4.270036e-01
1.281014e-07 4.279629e-01
1.289898e-07 4.289241e-01
1.298843e-07 4.298871e-01
1.307851e-07 4.308520e-01
1.316921e-07 4.318187e-01
1.326054e-07 4.327873e-01
1.335251e-07 4.337578e-01
1.344511e-07 4.347301e-01
1.353835e-07 4.357042e-01
1.363224e-07 4.366802e-01
1.372678e-07 4.376580e-01
1.382198e-07 4.386377e-01
1.391784e-07 4.396193e-01
1.401436e-07 4.406027e-01
1.411155e-07 4.415879e-01
1.420942e-07 4.425750e-01
1.430796e-07 4.435639e-01
1.440719e-07 4.445547e-01
1.450711e-07 4.455474e-01
1.460772e-07 4.465419e-01
1.470902e-07 4.475382e-01
1.481103e-07 4.485364e-01
1.491375e-07 4.495364e-01
1.501718e-07 4.505383e-01
1.512132e-07 4.515419e-01
1.522619e-07 4.525475e-01
1.533179e-07 4.535549e-01
1.543812e-07 4.545642e-01
1.554518e-07 4.555752e-01
1.565299e-07 4.565881e-01
1.576155e-07 4.576029e-01
1.587085e-07 4.586193e-01
1.598092e-07 4.596378e-01
1.609175e-07 4.606580e-01
1.620335e-07 4.616801e-01
1.631572e-07 4.627040e-01
1.642887e-07 4.637297e-01
1.654281e-07 4.647573e-01
1.665754e-07 4.657867e-01
1.677306e-07 4.668178e-01
1.688938e-07 4.678508e-01
1.700651e-07 4.688857e-01
1.712446e-07 4.699224e-01
1.724322e-07 4.709608e-01
1.736280e-07 4.720011e-01
1.748322e-07 4.730432e-01
1.760446e-07 4.740870e-01
1.772655e-07 4.751327e-01
1.784949e-07 4.761803e-01
1.797328e-07 4.772296e-01
1.809793e-07 4.782807e-01
1.822344e-07 4.793336e-01
1.834982e-07 4.803883e-01
1.847708e-07 4.814448e-01
1.860522e-07 4.825031e-01
1.873425e-07 4.835631e-01
1.886418e-07 4.846250e-01
1.899500e-07 4.856886e-01
1.912673e-07 4.867539e-01
1.925938e-07 4.878211e-01
1.939295e-07 4.888901e-01
1.952744e-07 4.899608e-01
1.966287e-07 4.910333e-01
1.979923e-07 4.921075e-01
1.993654e-07 4.931835e-01
2.007480e-07 4.942612e-01
2.021403e-07 4.953407e-01
2.035421e-07 4.964219e-01
2.049537e-07 4.975049e-01
2.063751e-07 4.985896e-01
2.078064e-07 4.996761e-01
2.092475e-07 5.007642e-01
2.106987e-07 5.018541e-01
2.121599e-07 5.029457e-01
2.136313e-07 5.040391e-01
2.151128e-07 5.051340e-01
2.166047e-07 5.062308e-01
2.181069e-07 5.073293e-01
2.196195e-07 5.084294e-01
2.211426e-07 5.095313e-01
2.226762e-07 5.106348e-01
2.242205e-07 5.117400e-01
2.257755e-07 5.128469e-01
2.273413e-07 5.139555e-01
2.289179e-07 5.150657e-01
2.305055e-07 5.161776e-01
2.321041e-07 5.172911e-01
2.337138e-07 5.184064e-01
2.353346e-07 5.195232e-01
2.369667e-07 5.206417e-01
2.386101e-07 5.217618e-01
2.402649e-07 5.228835e-01
2.419312e-07 5.240069e-01
2.436090e-07 5.251319e-01
2.452985e-07 5.262585e-01
2.469997e-07 5.273867e-01
2.487126e-07 5.285165e-01
2.504375e-07 5.296479e-01
2.521743e-07 5.307809e-01
2.539232e-07 5.319154e-01
2.556842e-07 5.330516e-01
2.574574e-07 5.341892e-01
2.592429e-07 5.353285e-01
2.610408e-07 5.364693e-01
2.628511e-07 5.376116e-01
2.646740e-07 5.387554e-01
2.665096e-07 5.399009e-01
2.683579e-07 5.410478e-01
2.702190e-07 5.421962e-01
2.720930e-07 5.433461e-01
2.739800e-07 5.444976e-01
2.758801e-07 5.456505e-01
2.777934e-07 5.468049e-01
2.797199e-07 5.479607e-01
2.816598e-07 5.491181e-01
2.836131e-07 5.502768e-01
2.855800e-07 5.514370e-01
2.875606e-07 5.525988e-01
2.895549e-07 5.537619e-01
2.915630e-07 5.549264e-01
2.935850e-07 5.560923e-01
2.956211e-07 5.572596e-01
2.976712e-07 5.584283e-01
2.997356e-07 5.595984e-01
3.018143e-07 5.607699e-01
3.039075e-07 5.619428e-01
3.060151e-07 5.631170e-01
3.081374e-07 5.642925e-01
3.102743e-07 5.654694e-01
3.124261e-07 5.666476e-01
3.145929e-07 5.678271e-01
3.167746e-07 5.690079e-01
3.189715e-07 5.701900e-01
3.211836e-07 5.713734e-01
3.234111e-07 5.725581e-01
3.256540e-07 5.737440e-01
3.279124e-07 5.749312e-01
3.301866e-07 5.761196e-01
3.324764e-07 5.773092e-01
3.347822e-07 5.785001e-01
3.371040e-07 5.796922e-01
3.394418e-07 5.808854e-01
3.417959e-07 5.820798e-01
3.441663e-07 5.832754e-01
3.465532e-07 5.844722e-01
3.489566e-07 5.856701e-01
3.513766e-07 5.868691e-01
3.538135e-07 5.880693e-01
3.562672e-07 5.892705e-01
3.587380e-07 5.904729e-01
3.612259e-07 5.916764e-01
3.637311e-07 5.928809e-01
3.662536e-07 5.940864e-01
3.687936e-07 5.952930e-01
3.713513e-07 5.965007e-01
3.739266e-07 5.977093e-01
3.765199e-07 5.989190e-01
3.791311e-07 6.001296e-01
3.817604e-07 6.013412e-01
3.844080e-07 6.025538e-01
3.870739e-07 6.037674e-01
3.897583e-07 6.049818e-01
3.924614e-07 6.061972e-01
3.951831e-07 6.074134e-01
3.979238e-07 6.086306e-01
4.006834e-07 6.098486e-01
4.034622e-07 6.110675e-01
4.062603e-07 6.122873e-01
4.090778e-07 6.135079e-01
4.119148e-07 6.147293e-01
4.147715e-07 6.159514e-01
4.176480e-07 6.171744e-01
4.205445e-07 6.183981e-01
4.234610e-07 6.196226e-01
4.263978e-07 6.208478e-01
4.293549e-07 6.220737e-01
4.323325e-07 6.233003e-01
4.353308e-07 6.245277e-01
4.383499e-07 6.257556e-01
4.413899e-07 6.269843e-01
4.444510e-07 6.282135e-01
4.475334e-07 6.294434e-01
4.506371e-07 6.306739e-01
4.537623e-07 6.319050e-01
4.569092e-07 6.331366e-01
4.600779e-07 6.343687e-01
4.632687e-07 6.356015e-01
4.664815e-07 6.368347e-01
4.697166e-07 6.380684e-01
4.729742e-07 6.393026e-01
4.762543e-07 6.405372e-01
4.795572e-07 6.417723e-01
4.828830e-07 6.430078e-01
4.862319e-07 6.442437e-01
4.896040e-07 6.454800e-01
4.929994e-07 6.467167e-01
4.964185e-07 6.479537e-01
4.998612e-07 6.491910e-01
5.033278e-07 6.504286e-01
5.068185e-07 6.516666e-01
5.103333e-07 6.529047e-01
5.138726e-07 6.541432e-01
5.174363e-07 6.553818e-01
5.210248e-07 6.566207e-01
5.246382e-07 6.578597e-01
5.282767e-07 6.590990e-01
5.319403e-07 6.603383e-01
5.356294e-07 6.615778e-01
5.393441e-07 6.628175e-01
5.430845e-07 6.640571e-01
5.468509e-07 6.652969e-01
5.506434e-07 6.665367e-01
5.544622e-07 6.677765e-01
5.583075e-07 6.690164e-01
5.621794e-07 6.702562e-01
5.660782e-07 6.714959e-01
5.700040e-07 6.727356e-01
5.739571e-07 6.739753e-01
5.779376e-07 6.752148e-01
5.819457e-07 6.764542e-01
5.859815e-07 6.776934e-01
5.900454e-07 6.789325e-01
5.941375e-07 6.801713e-01
5.982579e-07 6.814100e-01
6.024069e-07 6.826484e-01
6.065847e-07 6.838866e-01
6.107914e-07 6.851244e-01
6.150274e-07 6.863620e-01
6.192927e-07 6.875992e-01
6.235876e-07 6.888361e-01
6.279122e-07 6.900726e-01
6.322669e-07 6.913087e-01
6.366518e-07 6.925444e-01
6.410670e-07 6.937796e-01
6.455129e-07 6.950144e-01
6.499897e-07 6.962487e-01
6.544974e-07 6.974824e-01
6.590365e-07 6.987157e-01
6.636070e-07 6.999483e-01
6.682092e-07 7.011804e-01
6.728433e-07 7.024119e-01
6.775096e-07 7.036427e-01
6.822082e-07 7.048729e-01
6.869395e-07 7.061024e-01
6.917035e-07 7.073311e-01
6.965005e-07 7.085592e-01
7.013309e-07 7.097865e-01
7.061947e-07 7.110130e-01
7.110923e-07 7.122387e-01
7.160238e-07 7.134636e-01
7.209895e-07 7.146876e-01
7.259897e-07 7.159107e-01
7.310246e-07 7.171330e-01
7.360943e-07 7.183543e-01
7.411992e-07 7.195747e-01
7.463396e-07 7.207941e-01
7.515155e-07 7.220124e-01
7.567274e-07 7.232298e-01
7.619754e-07 7.244461e-01
7.672598e-07 7.256613e-01
7.725809e-07 7.268755e-01
7.779389e-07 7.280885e-01
7.833340e-07 7.293003e-01
7.887665e-07 7.305110e-01
7.942367e-07 7.317204e-01
7.997449e-07 7.329287e-01
8.052912e-07 7.341356e-01
8.108761e-07 7.353413e-01
8.164996e-07 7.365457e-01
8.221621e-07 7.377488e-01
8.278640e-07 7.389505e-01
8.336053e-07 7.401508e-01
8.393865e-07 7.413498e-01
8.452078e-07 7.425473e-01
8.510694e-07 7.437433e-01
8.569717e-07 7.449378e-01
8.629149e-07 7.461309e-01
8.688994e-07 7.473224e-01
8.749253e-07 7.485123e-01
8.809931e-07 7.497007e-01
8.871029e-07 7.508875e-01
8.932551e-07 7.520726e-01
8.994499e-07 7.532561e-01
9.056877e-07 7.544379e-01
9.119688e-07 7.556179e-01
9.182935e-07 7.567963e-01
9.246620e-07 7.579729e-01
9.310746e-07 7.591477e-01
9.375318e-07 7.603207e-01
9.440337e-07 7.614918e-01
9.505807e-07 7.626611e-01
9.571731e-07 7.638285e-01
9.638113e-07 7.649940e-01
9.704954e-07 7.661575e-01
9.772260e-07 7.673191e-01
9.840032e-07 7.684788e-01
9.908274e-07 7.696364e-01
9.976989e-07 7.707919e-01
1.004618e-06 7.719454e-01
1.011585e-06 7.730968e-01
1.018601e-06 7.742462e-01
1.025665e-06 7.753934e-01
1.032778e-06 7.765384e-01
1.039941e-06 7.776813e-01
1.047153e-06 7.788219e-01
1.054415e-06 7.799603e-01
1.061727e-06 7.810964e-01
1.069091e-06 7.822304e-01
1.076505e-06 7.833619e-01
1.083971e-06 7.844912e-01
1.091488e-06 7.856181e-01
1.099058e-06 7.867426e-01
1.106680e-06 7.878648e-01
1.114355e-06 7.889845e-01
1.122083e-06 7.901017e-01
1.129865e-06 7.912166e-01
1.137701e-06 7.923290e-01
1.145591e-06 7.934388e-01
1.153536e-06 7.945461e-01
1.161536e-06 7.956508e-01
1.169591e-06 7.967529e-01
1.177702e-06 7.978524e-01
1.185870e-06 7.989494e-01
1.194094e-06 8.000437e-01
1.202375e-06 8.011353e-01
1.210714e-06 8.022243e-01
1.219110e-06 8.033105e-01
1.227565e-06 8.043940e-01
1.236078e-06 8.054747e-01
1.244651e-06 8.065528e-01
1.253283e-06 8.076280e-01
1.261974e-06 8.087003e-01
1.270726e-06 8.097698e-01
1.279539e-06 8.108365e-01
1.288413e-06 8.119004e-01
1.297348e-06 8.129612e-01
1.306345e-06 8.140192e-01
1.315405e-06 8.150743e-01
1.324528e-06 8.161265e-01
1.333713e-06 8.171755e-01
1.342963e-06 8.182217e-01
1.352277e-06 8.192649e-01
1.361655e-06 8.203049e-01
1.371098e-06 8.213420e-01
1.380607e-06 8.223760e-01
1.390182e-06 8.234069e-01
1.399823e-06 8.244347e-01
1.409531e-06 8.254593e-01
1.419306e-06 8.264808e-01
1.429149e-06 8.274992e-01
1.439060e-06 8.285143e-01
1.449041e-06 8.295264e-01
1.459090e-06 8.305352e-01
1.469209e-06 8.315408e-01
1.479398e-06 8.325431e-01
1.489658e-06 8.335421e-01
1.499989e-06 8.345379e-01
1.510392e-06 8.355305e-01
1.520866e-06 8.365196e-01
1.531414e-06 8.375055e-01
1.542034e-06 8.384880e-01
1.552729e-06 8.394673e-01
1.563497e-06 8.404431e-01
1.574340e-06 8.414155e-01
1.585258e-06 8.423846e-01
1.596252e-06 8.433502e-01
1.607323e-06 8.443125e-01
1.618470e-06 8.452713e-01
1.629694e-06 8.462266e-01
1.640996e-06 8.471785e-01
1.652377e-06 8.481270e-01
1.663836e-06 8.490719e-01
1.675375e-06 8.500133e-01
1.686994e-06 8.509512e-01
1.698694e-06 8.518857e-01
1.710474e-06 8.528165e-01
1.722337e-06 8.537438e-01
1.734281e-06 8.546676e-01
1.746309e-06 8.555878e-01
1.758420e-06 8.565044e-01
1.770615e-06 8.574175e-01
1.782894e-06 8.583269e-01
1.795259e-06 8.592327e-01
1.807709e-06 8.601349e-01
1.820246e-06 8.610335e-01
1.832870e-06 8.619285e-01
1.845581e-06 8.628198e-01
1.858380e-06 8.637074e-01
1.871268e-06 8.645914e-01
1.884246e-06 8.654718e-01
1.897313e-06 8.663484e-01
1.910472e-06 8.672214e-01
1.923721e-06 8.680907e-01
1.937062e-06 8.689562e-01
1.950496e-06 8.698181e-01
1.964023e-06 8.706763e-01
1.977644e-06 8.715307e-01
1.991359e-06 8.723814e-01
2.005169e-06 8.732284e-01
2.019076e-06 8.740717e-01
2.033078e-06 8.749112e-01
2.047178e-06 8.757470e-01
2.061375e-06 8.765789e-01
2.075671e-06 8.774072e-01
2.090066e-06 8.782317e-01
2.104561e-06 8.790524e-01
2.119157e-06 8.798694e-01
2.133853e-06 8.806826e-01
2.148652e-06 8.814921e-01
2.163553e-06 8.822977e-01
2.178558e-06 8.830996e-01
2.193666e-06 8.838976e-01
2.208880e-06 8.846920e-01
2.224199e-06 8.854825e-01
2.239624e-06 8.862692e-01
2.255156e-06 8.870521e-01
2.270796e-06 8.878313e-01
2.286544e-06 8.886066e-01
2.302402e-06 8.893782e-01
2.318369e-06 8.901459e-01
2.334447e-06 8.909099e-01
2.350637e-06 8.916701e-01
2.366939e-06 8.924264e-01
2.383354e-06 8.931790e-01
2.399883e-06 8.939278e-01
2.416527e-06 8.946728e-01
2.433286e-06 8.954140e-01
2.450161e-06 8.961514e-01
2.467153e-06 8.968850e-01
2.484263e-06 8.976149e-01
2.501492e-06 8.983409e-01
2.518840e-06 8.990632e-01
2.536309e-06 8.997817e-01
2.553898e-06 9.004964e-01
2.571610e-06 9.012073e-01
2.589444e-06 9.019145e-01
2.607403e-06 9.026179e-01
2.625485e-06 9.033175e-01
2.643694e-06 9.040134e-01
2.662028e-06 9.047055e-01
2.680489e-06 9.053938e-01
2.699079e-06 9.060784e-01
2.717798e-06 9.067593e-01
2.736646e-06 9.074364e-01
2.755625e-06 9.081098e-01
2.774736e-06 9.087794e-01
2.793979e-06 9.094453e-01
2.813355e-06 9.101075e-01
2.832867e-06 9.107660e-01
2.852513e-06 9.114208e-01
2.872295e-06 9.120718e-01
2.892215e-06 9.127192e-01
2.912273e-06 9.133629e-01
2.932470e-06 9.140029e-01
2.952807e-06 9.146392e-01
2.973286e-06 9.152719e-01
2.993906e-06 9.159009e-01
3.014669e-06 9.165263e-01
3.035576e-06 9.171479e-01
3.056628e-06 9.177660e-01
3.077826e-06 9.183804e-01
3.099172e-06 9.189912e-01
3.120665e-06 9.195984e-01
3.142307e-06 9.202020e-01
3.164099e-06 9.208019e-01
3.186043e-06 9.213983e-01
3.208139e-06 9.219911e-01
3.230388e-06 9.225803e-01
3.252791e-06 9.231660e-01
3.275349e-06 9.237481e-01
3.298064e-06 9.243266e-01
3.320937e-06 9.249017e-01
3.343968e-06 9.254732e-01
3.367159e-06 9.260412e-01
3.390511e-06 9.266056e-01
3.414024e-06 9.271666e-01
3.437701e-06 9.277241e-01
3.461542e-06 9.282781e-01
3.485549e-06 9.288287e-01
3.509721e-06 9.293758e-01
3.534062e-06 9.299194e-01
3.558571e-06 9.304596e-01
3.583250e-06 9.309964e-01
3.608101e-06 9.315298e-01
3.633123e-06 9.320598e-01
3.658320e-06 9.325864e-01
3.683691e-06 9.331096e-01
3.709238e-06 9.336295e-01
3.734962e-06 9.341460e-01
3.760864e-06 9.346591e-01
3.786946e-06 9.351689e-01
3.813209e-06 9.356754e-01
3.839654e-06 9.361786e-01
3.866283e-06 9.366785e-01
3.893096e-06 9.371751e-01
3.920096e-06 9.376685e-01
3.947282e-06 9.381586e-01
3.974657e-06 9.386454e-01
4.002222e-06 9.391290e-01
4.029978e-06 9.396094e-01
4.057926e-06 9.400866e-01
4.086069e-06 9.405606e-01
4.114406e-06 9.410314e-01
4.142940e-06 9.414990e-01
4.171672e-06 9.419635e-01
4.200603e-06 9.424249e-01
4.229735e-06 9.428831e-01
4.259069e-06 9.433382e-01
4.288606e-06 9.437901e-01
4.318348e-06 9.442390e-01
4.348297e-06 9.446849e-01
4.378453e-06 9.451276e-01
4.408818e-06 9.455673e-01
4.439394e-06 9.460040e-01
4.470182e-06 9.464377e-01
4.501183e-06 9.468683e-01
4.532399e-06 9.472959e-01
4.563832e-06 9.477206e-01
4.595483e-06 9.481423e-01
4.627353e-06 9.485610e-01
4.659445e-06 9.489768e-01
4.691759e-06 9.493897e-01
4.724297e-06 9.497997e-01
4.757060e-06 9.502067e-01
4.790051e-06 9.506109e-01
4.823271e-06 9.510122e-01
4.856721e-06 9.514107e-01
4.890403e-06 9.518063e-01
4.924319e-06 9.521990e-01
4.958470e-06 9.525890e-01
4.992858e-06 9.529762e-01
5.027484e-06 9.533606e-01
5.062350e-06 9.537422e-01
5.097458e-06 9.541210e-01
5.132810e-06 9.544971e-01
5.168407e-06 9.548705e-01
5.204250e-06 9.552412e-01
5.240343e-06 9.556091e-01
5.276685e-06 9.559744e-01
5.313280e-06 9.563370e-01
5.350128e-06 9.566970e-01
5.387232e-06 9.570543e-01
5.424593e-06 9.574090e-01
5.462214e-06 9.577610e-01
5.500095e-06 9.581105e-01
5.538239e-06 9.584574e-01
5.576647e-06 9.588017e-01
5.615322e-06 9.591434e-01
5.654265e-06 9.594826e-01
5.693479e-06 9.598193e-01
5.732964e-06 9.601535e-01
5.772723e-06 9.604852e-01
5.812757e-06 9.608143e-01
5.853070e-06 9.611410e-01
5.893662e-06 9.614653e-01
5.934535e-06 9.617871e-01
5.975692e-06 9.621065e-01
6.017134e-06 9.624234e-01
6.058864e-06 9.627380e-01
6.100883e-06 9.630502e-01
6.143194e-06 9.633600e-01
6.185797e-06 9.636674e-01
6.228697e-06 9.639725e-01
6.271894e-06 9.642753e-01
6.315390e-06 9.645757e-01
6.359189e-06 9.648739e-01
6.403290e-06 9.651698e-01
6.447698e-06 9.654634e-01
6.492414e-06 9.657547e-01
6.537440e-06 9.660438e-01
6.582778e-06 9.663306e-01
6.628430e-06 9.666153e-01
6.674400e-06 9.668977e-01
6.720688e-06 9.671779e-01
6.767297e-06 9.674560e-01
6.814229e-06 9.677319e-01
6.861486e-06 9.680056e-01
6.909072e-06 9.682773e-01
6.956987e-06 9.685467e-01
7.005235e-06 9.688141e-01
7.053817e-06 9.690794e-01
7.102737e-06 9.693426e-01
7.151995e-06 9.696038e-01
7.201595e-06 9.698628e-01
7.251539e-06 9.701199e-01
7.301830e-06 9.703749e-01
7.352469e-06 9.706279e-01
7.403460e-06 9.708789e-01
7.454804e-06 9.711279e-01
7.506504e-06 9.713749e-01
7.558563e-06 9.716200e-01
7.610982e-06 9.718631e-01
7.663766e-06 9.721043e-01
7.716915e-06 9.723436e-01
7.770433e-06 9.725809e-01
7.824322e-06 9.728164e-01
7.878585e-06 9.730499e-01
7.933224e-06 9.732816e-01
7.988242e-06 9.735115e-01
8.043642e-06 9.737395e-01
8.099426e-06 9.739656e-01
8.155596e-06 9.741900e-01
8.212157e-06 9.744125e-01
8.269109e-06 9.746332e-01
8.326457e-06 9.748522e-01
8.384202e-06 9.750694e-01
8.442348e-06 9.752848e-01
8.500897e-06 9.754984e-01
8.559852e-06 9.757104e-01
8.619215e-06 9.759206e-01
8.678991e-06 9.761291e-01
8.739181e-06 9.763359e-01
8.799789e-06 9.765411e-01
8.860816e-06 9.767445e-01
8.922267e-06 9.769463e-01
8.984145e-06 9.771464e-01
9.046451e-06 9.773449e-01
9.109190e-06 9.775418e-01
9.172363e-06 9.777371e-01
9.235975e-06 9.779307e-01
9.300028e-06 9.781228e-01
9.364525e-06 9.783133e-01
9.429469e-06 9.785022e-01
9.494864e-06 9.786895e-01
9.560712e-06 9.788753e-01
9.627017e-06 9.790596e-01
9.693782e-06 9.792424e-01
9.761010e-06 9.794236e-01
9.828704e-06 9.796033e-01
9.896867e-06 9.797816e-01
9.965504e-06 9.799584e-01
1.003462e-05 9.801337e-01
1.010421e-05 9.803075e-01
1.017428e-05 9.804799e-01
1.024484e-05 9.806509e-01
1.031589e-05 9.808204e-01
1.038743e-05 9.809885e-01
1.045947e-05 9.811552e-01
1.053201e-05 9.813206e-01
1.060505e-05 9.814845e-01
1.067860e-05 9.816471e-01
1.075266e-05 9.818083e-01
1.082723e-05 9.819681e-01
1.090232e-05 9.821267e-01
1.097793e-05 9.822838e-01
1.105406e-05 9.824397e-01
1.113072e-05 9.825942e-01
1.120791e-05 9.827475e-01
1.128564e-05 9.828994e-01
1.136391e-05 9.830501e-01
1.144272e-05 9.831995e-01
1.152208e-05 9.833477e-01
1.160198e-05 9.834945e-01
1.168245e-05 9.836402e-01
1.176347e-05 9.837846e-01
1.184505e-05 9.839278e-01
1.192719e-05 9.840698e-01
1.200991e-05 9.842105e-01
1.209320e-05 9.843501e-01
1.217707e-05 9.844885e-01
1.226152e-05 9.846257e-01
1.234655e-05 9.847618e-01
1.243218e-05 9.848967e-01
1.251840e-05 9.850304e-01
1.260522e-05 9.851630e-01
1.269263e-05 9.852945e-01
1.278066e-05 9.854248e-01
1.286930e-05 9.855541e-01
1.295855e-05 9.856822e-01
1.304842e-05 9.858092e-01
1.313891e-05 9.859351e-01
1.323003e-05 9.860600e-01
1.332178e-05 9.861838e-01
1.341417e-05 9.863065e-01
1.350720e-05 9.864282e-01
1.360087e-05 9.865489e-01
1.369520e-05 9.866685e-01
1.379018e-05 9.867870e-01
1.388581e-05 9.869046e-01
1.398211e-05 9.870211e-01
1.407908e-05 9.871367e-01
1.417672e-05 9.872512e-01
1.427504e-05 9.873647e-01
1.437404e-05 9.874773e-01
1.447372e-05 9.875889e-01
1.457410e-05 9.876996e-01
1.467518e-05 9.878092e-01
1.477695e-05 9.879180e-01
1.487943e-05 9.880258e-01
1.498262e-05 9.881326e-01
1.508653e-05 9.882385e-01
1.519116e-05 9.883436e-01
1.529651e-05 9.884477e-01
1.540259e-05 9.885509e-01
1.550941e-05 9.886532e-01
1.561697e-05 9.887546e-01
1.572528e-05 9.888551e-01
1.583433e-05 9.889548e-01
1.594415e-05 9.890536e-01
1.605472e-05 9.891515e-01
1.616606e-05 9.892486e-01
1.627818e-05 9.893448e-01
1.639107e-05 9.894402e-01
1.650474e-05 9.895348e-01
1.661921e-05 9.896285e-01
1.673446e-05 9.897215e-01
1.685052e-05 9.898136e-01
1.696738e-05 9.899049e-01
1.708505e-05 9.899954e-01
1.720354e-05 9.900851e-01
1.732285e-05 9.901740e-01
1.744299e-05 9.902622e-01
1.756395e-05 9.903496e-01
1.768576e-05 9.904362e-01
1.780842e-05 9.905221e-01
1.793192e-05 9.906072e-01
1.805628e-05 9.906915e-01
1.818150e-05 9.907751e-01
1.830760e-05 9.908580e-01
1.843456e-05 9.909402e-01
1.856241e-05 9.910216e-01
1.869114e-05 9.911023e-01
1.882077e-05 9.911824e-01
1.895129e-05 9.912617e-01
1.908272e-05 9.913403e-01
1.921506e-05 9.914182e-01
1.934832e-05 9.914954e-01
1.948251e-05 9.915720e-01
1.961762e-05 9.916478e-01
1.975367e-05 9.917230e-01
1.989067e-05 9.917976e-01
2.002861e-05 9.918715e-01
2.016751e-05 9.919447e-01
2.030738e-05 9.920173e-01
2.044821e-05 9.920892e-01
2.059002e-05 9.921606e-01
2.073282e-05 9.922312e-01
2.087660e-05 9.923013e-01
2.102139e-05 9.923707e-01
2.116717e-05 9.924395e-01
2.131397e-05 9.925078e-01
2.146178e-05 9.925754e-01
2.161063e-05 9.926424e-01
2.176050e-05 9.927088e-01
2.191141e-05 9.927746e-01
2.206337e-05 9.928399e-01
2.221638e-05 9.929045e-01
2.237046e-05 9.929686e-01
2.252560e-05 9.930321e-01
2.268182e-05 9.930951e-01
2.283912e-05 9.931575e-01
2.299751e-05 9.932193e-01
2.315700e-05 9.932806e-01
2.331760e-05 9.933414e-01
2.347931e-05 9.934016e-01
2.364214e-05 9.934613e-01
2.380610e-05 9.935204e-01
2.397120e-05 9.935790e-01
2.413745e-05 9.936371e-01
2.430484e-05 9.936947e-01
2.447340e-05 9.937517e-01
2.464313e-05 9.938083e-01
2.481403e-05 9.938644e-01
2.498612e-05 9.939199e-01
2.515940e-05 9.939750e-01
2.533389e-05 9.940295e-01
2.550958e-05 9.940836e-01
2.568650e-05 9.941372e-01
2.586463e-05 9.941903e-01
2.604401e-05 9.942430e-01
2.622463e-05 9.942951e-01
2.640650e-05 9.943468e-01
2.658963e-05 9.943981e-01
2.677404e-05 9.944489e-01
2.695972e-05 9.944992e-01
2.714669e-05 9.945491e-01
2.733495e-05 9.945985e-01
2.752453e-05 9.946475e-01
2.771541e-05 9.946961e-01
2.790762e-05 9.947442e-01
2.810117e-05 9.947919e-01
2.829605e-05 9.948391e-01
2.849229e-05 9.948860e-01
2.868989e-05 9.949324e-01
2.888886e-05 9.949784e-01
2.908921e-05 9.950240e-01
2.929094e-05 9.950692e-01
2.949408e-05 9.951140e-01
2.969863e-05 9.951583e-01
2.990459e-05 9.952023e-01
3.011198e-05 9.952459e-01
3.032081e-05 9.952891e-01
3.053109e-05 9.953319e-01
3.074283e-05 9.953743e-01
3.095604e-05 9.954163e-01
3.117072e-05 9.954580e-01
3.138690e-05 9.954993e-01
3.160457e-05 9.955402e-01
3.182375e-05 9.955807e-01
3.204445e-05 9.956209e-01
3.226669e-05 9.956607e-01
3.249046e-05 9.957002e-01
3.271579e-05 9.957393e-01
3.294268e-05 9.957781e-01
3.317114e-05 9.958165e-01
3.340119e-05 9.958545e-01
3.363283e-05 9.958923e-01
3.386608e-05 9.959296e-01
3.410094e-05 9.959667e-01
3.433744e-05 9.960034e-01
3.457557e-05 9.960398e-01
3.481536e-05 9.960758e-01
3.505681e-05 9.961115e-01
3.529993e-05 9.961469e-01
3.554474e-05 9.961820e-01
3.579125e-05 9.962168e-01
3.603947e-05 9.962512e-01
3.628941e-05 9.962854e-01
3.654108e-05 9.963192e-01
3.679450e-05 9.963527e-01
3.704967e-05 9.963860e-01
3.730662e-05 9.964189e-01
3.756535e-05 9.964515e-01
3.782587e-05 9.964839e-01
3.808820e-05 9.965159e-01
3.835234e-05 9.965477e-01
3.861832e-05 9.965791e-01
3.888615e-05 9.966103e-01
3.915583e-05 9.966412e-01
3.942738e-05 9.966718e-01
3.970081e-05 9.967022e-01
3.997614e-05 9.967322e-01
4.025338e-05 9.967620e-01
4.053255e-05 9.967916e-01
4.081365e-05 9.968208e-01
4.109670e-05 9.968498e-01
4.138171e-05 9.968785e-01
4.166870e-05 9.969070e-01
4.195767e-05 9.969352e-01
4.224866e-05 9.969632e-01
4.254166e-05 9.969909e-01
4.283669e-05 9.970184e-01
4.313377e-05 9.970456e-01
4.343291e-05 9.970725e-01
4.373412e-05 9.970992e-01
4.403742e-05 9.971257e-01
4.434283e-05 9.971519e-01
4.465035e-05 9.971779e-01
4.496001e-05 9.972037e-01
4.527182e-05 9.972292e-01
4.558578e-05 9.972545e-01
4.590193e-05 9.972796e-01
4.622026e-05 9.973044e-01
4.654081e-05 9.973290e-01
4.686358e-05 9.973534e-01
4.718858e-05 9.973776e-01
4.751584e-05 9.974016e-01
4.784537e-05 9.974253e-01
4.817719e-05 9.974488e-01
4.851130e-05 9.974721e-01
4.884773e-05 9.974952e-01
4.918650e-05 9.975181e-01
4.952762e-05 9.975408e-01
4.987110e-05 9.975632e-01
5.021696e-05 9.975855e-01
5.056522e-05 9.976076e-01
5.091590e-05 9.976294e-01
5.126901e-05 9.976511e-01
5.162457e-05 9.976725e-01
5.198259e-05 9.976938e-01
5.234310e-05 9.977149e-01
5.270611e-05 9.977358e-01
5.307163e-05 9.977565e-01
5.343969e-05 9.977770e-01
5.381030e-05 9.977973e-01
5.418348e-05 9.978174e-01
5.455926e-05 9.978374e-01
5.493763e-05 9.978572e-01
5.531863e-05 9.978768e-01
5.570228e-05 9.978962e-01
5.608858e-05 9.979154e-01
5.647756e-05 9.979345e-01
5.686924e-05 9.979534e-01
5.726364e-05 9.979721e-01
5.766077e-05 9.979906e-01
5.806066e-05 9.980090e-01
5.846332e-05 9.980272e-01
5.886877e-05 9.980453e-01
5.927703e-05 9.980632e-01
5.968813e-05 9.980809e-01
6.010207e-05 9.980984e-01
6.051889e-05 9.981158e-01
6.093860e-05 9.981331e-01
6.136121e-05 9.981502e-01
6.178676e-05 9.981671e-01
6.221526e-05 9.981839e-01
6.264674e-05 9.982005e-01
6.308120e-05 9.982169e-01
6.351868e-05 9.982333e-01
6.395919e-05 9.982494e-01
6.440276e-05 9.982655e-01
6.484940e-05 9.982813e-01
6.529914e-05 9.982971e-01
6.575200e-05 9.983127e-01
6.620800e-05 9.983281e-01
6.666716e-05 9.983434e-01
6.712951e-05 9.983586e-01
6.759506e-05 9.983736e-01
6.806384e-05 9.983885e-01
6.853587e-05 9.984032e-01
6.901118e-05 9.984179e-01
6.948978e-05 9.984323e-01
6.997171e-05 9.984467e-01
7.045697e-05 9.984609e-01
7.094560e-05 9.984750e-01
7.143762e-05 9.984890e-01
7.193305e-05 9.985028e-01
7.243191e-05 9.985165e-01
7.293424e-05 9.985301e-01
7.344005e-05 9.985436e-01
7.394937e-05 9.985569e-01
7.446222e-05 9.985701e-01
7.497862e-05 9.985832e-01
7.549861e-05 9.985962e-01
7.602221e-05 9.986091e-01
7.654943e-05 9.986218e-01
7.708031e-05 9.986344e-01
7.761488e-05 9.986470e-01
7.815315e-05 9.986593e-01
7.869515e-05 9.986716e-01
7.924091e-05 9.986838e-01
7.979046e-05 9.986959e-01
8.034382e-05 9.987078e-01
8.090102e-05 9.987196e-01
8.146208e-05 9.987314e-01
8.202703e-05 9.987430e-01
8.259590e-05 9.987545e-01
8.316871e-05 9.987659e-01
8.374550e-05 9.987772e-01
8.432629e-05 9.987885e-01
8.491110e-05 9.987996e-01
8.549997e-05 9.988106e-01
8.609293e-05 9.988215e-01
8.669000e-05 9.988323e-01
8.729120e-05 9.988430e-01
8.789658e-05 9.988536e-01
8.850616e-05 9.988641e-01
8.911996e-05 9.988745e-01
8.973802e-05 9.988848e-01
9.036037e-05 9.988950e-01
9.098703e-05 9.989052e-01
9.161804e-05 9.989152e-01
9.225342e-05 9.989251e-01
9.289321e-05 9.989350e-01
9.353744e-05 9.989448e-01
9.418614e-05 9.989544e-01
9.483933e-05 9.989640e-01
9.549706e-05 9.989735e-01
9.615934e-05 9.989829e-01
9.682622e-05 9.989923e-01
9.749773e-05 9.990015e-01
9.817389e-05 9.990107e-01
9.885474e-05 9.990197e-01
9.954031e-05 9.990287e-01
1.002306e-04 9.990376e-01
1.009258e-04 9.990464e-01
1.016257e-04 9.990552e-01
1.023305e-04 9.990639e-01
1.030402e-04 9.990724e-01
1.037548e-04 9.990809e-01
1.044743e-04 9.990894e-01
1.051989e-04 9.990977e-01
1.059284e-04 9.991060e-01
1.066631e-04 9.991142e-01
1.074028e-04 9.991223e-01
1.081476e-04 9.991304e-01
1.088977e-04 9.991384e-01
1.096529e-04 9.991463e-01
1.104133e-04 9.991541e-01
1.111791e-04 9.991619e-01
1.119501e-04 9.991695e-01
1.127265e-04 9.991772e-01
1.135083e-04 9.991847e-01
1.142955e-04 9.991922e-01
1.150881e-04 9.991996e-01
1.158863e-04 9.992069e-01
1.166900e-04 9.992142e-01
1.174992e-04 9.992214e-01
1.183141e-04 9.992286e-01
1.191346e-04 9.992356e-01
1.199608e-04 9.992427e-01
1.207928e-04 9.992496e-01
1.216305e-04 9.992565e-01
1.224740e-04 9.992633e-01
1.233234e-04 9.992701e-01
1.241787e-04 9.992768e-01
1.250399e-04 9.992834e-01
1.259070e-04 9.992900e-01
1.267802e-04 9.992965e-01
1.276595e-04 9.993030e-01
1.285448e-04 9.993093e-01
1.294363e-04 9.993157e-01
1.303339e-04 9.993220e-01
1.312378e-04 9.993282e-01
1.321480e-04 9.993344e-01
1.330644e-04 9.993405e-01
1.339873e-04 9.993465e-01
1.349165e-04 9.993525e-01
1.358522e-04 9.993585e-01
1.367943e-04 9.993643e-01
1.377430e-04 9.993702e-01
1.386983e-04 9.993760e-01
1.396602e-04 9.993817e-01
1.406287e-04 9.993874e-01
1.416040e-04 9.993930e-01
1.425861e-04 9.993986e-01
1.435749e-04 9.994041e-01
1.445706e-04 9.994095e-01
1.455732e-04 9.994150e-01
1.465828e-04 9.994203e-01
1.475994e-04 9.994257e-01
1.486230e-04 9.994309e-01
1.496537e-04 9.994361e-01
1.506916e-04 9.994413e-01
1.517367e-04 9.994465e-01
1.527890e-04 9.994515e-01
1.538486e-04 9.994566e-01
1.549156e-04 9.994616e-01
1.559899e-04 9.994665e-01
1.570717e-04 9.994714e-01
1.581611e-04 9.994763e-01
1.592579e-04 9.994811e-01
1.603624e-04 9.994858e-01
1.614745e-04 9.994905e-01
1.625944e-04 9.994952e-01
1.637220e-04 9.994999e-01
1.648574e-04 9.995044e-01
1.660008e-04 9.995090e-01
1.671520e-04 9.995135e-01
1.683112e-04 9.995180e-01
1.694785e-04 9.995224e-01
1.706538e-04 9.995268e-01
1.718373e-04 9.995311e-01
1.730291e-04 9.995354e-01
1.742290e-04 9.995397e-01
1.754374e-04 9.995439e-01
1.766540e-04 9.995481e-01
1.778792e-04 9.995523e-01
1.791128e-04 9.995564e-01
1.803549e-04 9.995604e-01
1.816057e-04 9.995645e-01
1.828652e-04 9.995685e-01
1.841334e-04 9.995724e-01
1.854104e-04 9.995764e-01
1.866962e-04 9.995803e-01
1.879910e-04 9.995841e-01
1.892948e-04 9.995879e-01
1.906075e-04 9.995917e-01
1.919294e-04 9.995955e-01
1.932605e-04 9.995992e-01
1.946008e-04 9.996029e-01
1.959504e-04 9.996065e-01
1.973093e-04 9.996101e-01
1.986777e-04 9.996137e-01
2.000555e-04 9.996172e-01
2.014430e-04 9.996208e-01
2.028400e-04 9.996242e-01
2.042467e-04 9.996277e-01
2.056632e-04 9.996311e-01
2.070895e-04 9.996345e-01
2.085257e-04 9.996379e-01
2.099719e-04 9.996412e-01
2.114280e-04 9.996445e-01
2.128943e-04 9.996477e-01
2.143708e-04 9.996510e-01
2.158575e-04 9.996542e-01
2.173545e-04 9.996574e-01
2.188619e-04 9.996605e-01
2.203797e-04 9.996636e-01
2.219081e-04 9.996667e-01
2.234470e-04 9.996698e-01
2.249967e-04 9.996728e-01
2.265571e-04 9.996758e-01
2.281283e-04 9.996788e-01
2.297104e-04 9.996817e-01
2.313034e-04 9.996847e-01
2.329076e-04 9.996876e-01
2.345228e-04 9.996904e-01
2.361493e-04 9.996933e-01
2.377870e-04 9.996961e-01
2.394361e-04 9.996989e-01
2.410966e-04 9.997017e-01
2.427686e-04 9.997044e-01
2.444523e-04 9.997071e-01
2.461476e-04 9.997098e-01
2.478547e-04 9.997125e-01
2.495736e-04 9.997151e-01
2.513044e-04 9.997177e-01
2.530472e-04 9.997203e-01
2.548022e-04 9.997229e-01
2.565692e-04 9.997254e-01
2.583486e-04 9.997280e-01
2.601403e-04 9.997305e-01
2.619444e-04 9.997329e-01
2.637610e-04 9.997354e-01
2.655902e-04 9.997378e-01
2.674321e-04 9.997402e-01
2.692868e-04 9.997426e-01
2.711544e-04 9.997450e-01
2.730349e-04 9.997473e-01
2.749284e-04 9.997496e-01
2.768351e-04 9.997519e-01
2.787550e-04 9.997542e-01
2.806882e-04 9.997565e-01
2.826348e-04 9.997587e-01
2.845949e-04 9.997609e-01
2.865686e-04 9.997631e-01
2.885560e-04 9.997653e-01
2.905572e-04 9.997675e-01
2.925722e-04 9.997696e-01
2.946013e-04 9.997717e-01
2.966444e-04 9.997738e-01
2.987016e-04 9.997759e-01
3.007732e-04 9.997779e-01
3.028591e-04 9.997800e-01
3.049595e-04 9.997820e-01
3.070744e-04 9.997840e-01
3.092040e-04 9.997860e-01
3.113484e-04 9.997880e-01
3.135076e-04 9.997899e-01
3.156819e-04 9.997918e-01
3.178712e-04 9.997937e-01
3.200756e-04 9.997956e-01
3.222954e-04 9.997975e-01
3.245306e-04 9.997994e-01
3.267812e-04 9.998012e-01
3.290475e-04 9.998030e-01
3.313295e-04 9.998049e-01
3.336273e-04 9.998067e-01
3.359411e-04 9.998084e-01
3.382709e-04 9.998102e-01
3.406169e-04 9.998119e-01
3.429791e-04 9.998137e-01
3.453577e-04 9.998154e-01
3.477528e-04 9.998171e-01
3.501645e-04 9.998187e-01
3.525930e-04 9.998204e-01
3.550382e-04 9.998221e-01
3.575005e-04 9.998237e-01
3.599798e-04 9.998253e-01
3.624763e-04 9.998269e-01
3.649901e-04 9.998285e-01
3.675214e-04 9.998301e-01
3.700702e-04 9.998317e-01
3.726367e-04 9.998332e-01
3.752210e-04 9.998347e-01
3.778232e-04 9.998362e-01
3.804435e-04 9.998378e-01
3.830819e-04 9.998392e-01
3.857386e-04 9.998407e-01
3.884138e-04 9.998422e-01
3.911075e-04 9.998436e-01
3.938199e-04 9.998451e-01
3.965511e-04 9.998465e-01
3.993012e-04 9.998479e-01
4.020704e-04 9.998493e-01
4.048589e-04 9.998507e-01
4.076666e-04 9.998521e-01
4.104938e-04 9.998534e-01
4.133407e-04 9.998548e-01
4.162073e-04 9.998561e-01
4.190937e-04 9.998574e-01
4.220002e-04 9.998587e-01
4.249268e-04 9.998600e-01
4.278738e-04 9.998613e-01
4.308411e-04 9.998626e-01
4.338291e-04 9.998639e-01
4.368377e-04 9.998651e-01
4.398673e-04 9.998663e-01
4.429178e-04 9.998676e-01
4.459895e-04 9.998688e-01
4.490825e-04 9.998700e-01
4.521970e-04 9.998712e-01
4.553330e-04 9.998724e-01
4.584908e-04 9.998735e-01
4.616705e-04 9.998747e-01
4.648723e-04 9.998759e-01
4.680963e-04 9.998770e-01
4.713426e-04 9.998781e-01
4.746114e-04 9.998793e-01
4.779029e-04 9.998804e-01
4.812172e-04 9.998815e-01
4.845545e-04 9.998826e-01
4.879150e-04 9.998836e-01
4.912988e-04 9.998847e-01
4.947060e-04 9.998858e-01
4.981369e-04 9.998868e-01
5.015915e-04 9.998878e-01
5.050701e-04 9.998889e-01
5.085729e-04 9.998899e-01
5.120999e-04 9.998909e-01
5.156514e-04 9.998919e-01
5.192275e-04 9.998929e-01
5.228284e-04 9.998939e-01
5.264543e-04 9.998949e-01
5.301053e-04 9.998958e-01
5.337817e-04 9.998968e-01
5.374836e-04 9.998977e-01
5.412111e-04 9.998987e-01
5.449645e-04 9.998996e-01
5.487439e-04 9.999005e-01
5.525495e-04 9.999014e-01
5.563815e-04 9.999024e-01
5.602401e-04 9.999032e-01
5.641254e-04 9.999041e-01
5.680377e-04 9.999050e-01
5.719772e-04 9.999059e-01
5.759439e-04 9.999068e-01
5.799382e-04 9.999076e-01
5.839601e-04 9.999085e-01
5.880100e-04 9.999093e-01
5.920879e-04 9.999101e-01
5.961941e-04 9.999110e-01
6.003288e-04 9.999118e-01
6.044922e-04 9.999126e-01
6.086844e-04 9.999134e-01
6.129058e-04 9.999142e-01
6.171563e-04 9.999150e-01
6.214364e-04 9.999158e-01
6.257462e-04 9.999165e-01
6.300858e-04 9.999173e-01
6.344555e-04 9.999181e-01
6.388556e-04 9.999188e-01
6.432862e-04 9.999196e-01
6.477474e-04 9.999203e-01
6.522397e-04 9.999210e-01
6.567630e-04 9.999218e-01
6.613178e-04 9.999225e-01
6.659041e-04 9.999232e-01
6.705223e-04 9.999239e-01
6.751724e-04 9.999246e-01
6.798549e-04 9.999253e-01
6.845698e-04 9.999260e-01
6.893173e-04 9.999267e-01
6.940979e-04 9.999273e-01
6.989115e-04 9.999280e-01
7.037586e-04 9.999287e-01
7.086393e-04 9.999293e-01
7.135538e-04 9.999300e-01
7.185024e-04 9.999306e-01
7.234853e-04 9.999312e-01
7.285028e-04 9.999319e-01
7.335551e-04 9.999325e-01
7.386424e-04 9.999331e-01
7.437650e-04 9.999337e-01
7.489231e-04 9.999343e-01
7.541170e-04 9.999350e-01
7.593469e-04 9.999355e-01
7.646131e-04 9.999361e-01
7.699158e-04 9.999367e-01
7.752553e-04 9.999373e-01
7.806318e-04 9.999379e-01
7.860456e-04 9.999385e-01
7.914969e-04 9.999390e-01
7.969861e-04 9.999396e-01
8.025133e-04 9.999401e-01
8.080788e-04 9.999407e-01
8.136830e-04 9.999412e-01
8.193260e-04 9.999418e-01
8.250081e-04 9.999423e-01
8.307297e-04 9.999428e-01
8.364909e-04 9.999434e-01
8.422921e-04 9.999439e-01
8.481335e-04 9.999444e-01
8.540155e-04 9.999449e-01
8.599382e-04 9.999454e-01
8.659020e-04 9.999459e-01
8.719071e-04 9.999464e-01
8.779539e-04 9.999469e-01
8.840427e-04 9.999474e-01
8.901737e-04 9.999479e-01
8.963471e-04 9.999484e-01
9.025634e-04 9.999488e-01
9.088229e-04 9.999493e-01
9.151257e-04 9.999498e-01
9.214722e-04 9.999502e-01
9.278628e-04 9.999507e-01
9.342976e-04 9.999511e-01
9.407771e-04 9.999516e-01
9.473015e-04 9.999520e-01
9.538712e-04 9.999525e-01
9.604865e-04 9.999529e-01
9.671476e-04 9.999533e-01
9.738549e-04 9.999538e-01
9.806087e-04 9.999542e-01
9.874094e-04 9.999546e-01
9.942572e-04 9.999550e-01
1.001153e-03 9.999555e-01
1.008096e-03 9.999559e-01
1.015087e-03 9.999563e-01
1.022127e-03 9.999567e-01
1.029215e-03 9.999571e-01
1.036353e-03 9.999575e-01
1.043540e-03 9.999579e-01
1.050777e-03 9.999582e-01
1.058065e-03 9.999586e-01
1.065403e-03 9.999590e-01
1.072791e-03 9.999594e-01
1.080231e-03 9.999598e-01
1.087723e-03 9.999601e-01
1.095266e-03 9.999605e-01
1.102862e-03 9.999609e-01
1.110511e-03 9.999612e-01
1.118212e-03 9.999616e-01
1.125967e-03 9.999619e-01
1.133776e-03 9.999623e-01
1.141639e-03 9.999626e-01
1.149556e-03 9.999630e-01
1.157529e-03 9.999633e-01
1.165556e-03 9.999636e-01
1.173640e-03 9.999640e-01
1.181779e-03 9.999643e-01
1.189975e-03 9.999646e-01
1.198227e-03 9.999650e-01
1.206537e-03 9.999653e-01
1.214905e-03 9.999656e-01
1.223330e-03 9.999659e-01
1.231814e-03 9.999662e-01
1.240357e-03 9.999665e-01
1.248959e-03 9.999668e-01
1.257621e-03 9.999672e-01
1.266343e-03 9.999675e-01
1.275125e-03 9.999678e-01
1.283968e-03 9.999681e-01
1.292873e-03 9.999683e-01
1.301839e-03 9.999686e-01
1.310867e-03 9.999689e-01
1.319959e-03 9.999692e-01
1.329113e-03 9.999695e-01
1.338330e-03 9.999698e-01
1.347612e-03 9.999701e-01
1.356958e-03 9.999703e-01
1.366368e-03 9.999706e-01
1.375844e-03 9.999709e-01
1.385386e-03 9.999711e-01
1.394994e-03 9.999714e-01
1.404668e-03 9.999717e-01
1.414410e-03 9.999719e-01
1.424219e-03 9.999722e-01
1.434096e-03 9.999724e-01
1.444042e-03 9.999727e-01
1.454057e-03 9.999729e-01
1.464141e-03 9.999732e-01
1.474295e-03 9.999734e-01
1.484519e-03 9.999737e-01
1.494814e-03 9.999739e-01
1.505181e-03 9.999742e-01
1.515620e-03 9.999744e-01
1.526131e-03 9.999746e-01
1.536715e-03 9.999749e-01
1.547372e-03 9.999751e-01
1.558103e-03 9.999753e-01
1.568909e-03 9.999756e-01
1.579790e-03 9.999758e-01
1.590746e-03 9.999760e-01
1.601778e-03 9.999762e-01
1.612886e-03 9.999764e-01
1.624072e-03 9.999767e-01
1.635335e-03 9.999769e-01
1.646677e-03 9.999771e-01
1.658097e-03 9.999773e-01
1.669596e-03 9.999775e-01
1.681175e-03 9.999777e-01
1.692834e-03 9.999779e-01
1.704574e-03 9.999781e-01
1.716395e-03 9.999783e-01
1.728299e-03 9.999785e-01
1.740285e-03 9.999787e-01
1.752354e-03 9.999789e-01
1.764507e-03 9.999791e-01
1.776744e-03 9.999793e-01
1.789066e-03 9.999795e-01
1.801473e-03 9.999797e-01
1.813967e-03 9.999799e-01
1.826547e-03 9.999801e-01
1.839214e-03 9.999802e-01
1.851969e-03 9.999804e-01
1.864813e-03 9.999806e-01
1.877746e-03 9.999808e-01
1.890768e-03 9.999810e-01
1.903881e-03 9.999811e-01
1.917085e-03 9.999813e-01
1.930380e-03 9.999815e-01
1.943768e-03 9.999816e-01
1.957248e-03 9.999818e-01
1.970822e-03 9.999820e-01
1.984490e-03 9.999821e-01
1.998252e-03 9.999823e-01
2.012110e-03 9.999825e-01
2.026065e-03 9.999826e-01
2.040116e-03 9.999828e-01
2.054264e-03 9.999829e-01
2.068511e-03 9.999831e-01
2.082856e-03 9.999833e-01
2.097301e-03 9.999834e-01
2.111846e-03 9.999836e-01
2.126492e-03 9.999837e-01
2.141240e-03 9.999839e-01
2.156090e-03 9.999840e-01
2.171043e-03 9.999842e-01
2.186099e-03 9.999843e-01
2.201260e-03 9.999845e-01
2.216526e-03 9.999846e-01
2.231898e-03 9.999847e-01
2.247377e-03 9.999849e-01
2.262962e-03 9.999850e-01
2.278656e-03 9.999852e-01
2.294459e-03 9.999853e-01
2.310372e-03 9.999854e-01
2.326394e-03 9.999856e-01
2.342528e-03 9.999857e-01
2.358774e-03 9.999858e-01
2.375133e-03 9.999860e-01
2.391604e-03 9.999861e-01
2.408191e-03 9.999862e-01
2.424892e-03 9.999863e-01
2.441709e-03 9.999865e-01
2.458642e-03 9.999866e-01
2.475693e-03 9.999867e-01
2.492863e-03 9.999868e-01
2.510151e-03 9.999870e-01
2.527559e-03 9.999871e-01
2.545088e-03 9.999872e-01
2.562739e-03 9.999873e-01
2.580512e-03 9.999874e-01
2.598408e-03 9.999875e-01
2.616428e-03 9.999877e-01
2.634574e-03 9.999878e-01
2.652845e-03 9.999879e-01
2.671243e-03 9.999880e-01
2.689768e-03 9.999881e-01
2.708422e-03 9.999882e-01
2.727205e-03 9.999883e-01
2.746119e-03 9.999884e-01
2.765164e-03 9.999885e-01
2.784341e-03 9.999886e-01
2.803650e-03 9.999887e-01
2.823094e-03 9.999888e-01
2.842673e-03 9.999890e-01
2.862387e-03 9.999891e-01
2.882238e-03 9.999892e-01
2.902227e-03 9.999893e-01
2.922354e-03 9.999894e-01
2.942621e-03 9.999895e-01
2.963029e-03 9.999895e-01
2.983578e-03 9.999896e-01
3.004269e-03 9.999897e-01
3.025104e-03 9.999898e-01
3.046084e-03 9.999899e-01
3.067209e-03 9.999900e-01
3.088481e-03 9.999901e-01
3.109900e-03 9.999902e-01
3.131467e-03 9.999903e-01
3.153184e-03 9.999904e-01
3.175052e-03 9.999905e-01
3.197072e-03 9.999906e-01
3.219244e-03 9.999906e-01
3.241570e-03 9.999907e-01
3.264051e-03 9.999908e-01
3.286687e-03 9.999909e-01
3.309481e-03 9.999910e-01
3.332433e-03 9.999911e-01
3.355544e-03 9.999911e-01
3.378815e-03 9.999912e-01
3.402247e-03 9.999913e-01
3.425842e-03 9.999914e-01
3.449601e-03 9.999915e-01
3.473525e-03 9.999915e-01
3.497614e-03 9.999916e-01
3.521871e-03 9.999917e-01
3.546295e-03 9.999918e-01
3.570889e-03 9.999919e-01
3.595654e-03 9.999919e-01
3.620590e-03 9.999920e-01
3.645700e-03 9.999921e-01
3.670983e-03 9.999921e-01
3.696442e-03 9.999922e-01
3.722077e-03 9.999923e-01
3.747890e-03 9.999924e-01
3.773883e-03 9.999924e-01
3.800055e-03 9.999925e-01
3.826409e-03 9.999926e-01
3.852946e-03 9.999926e-01
3.879667e-03 9.999927e-01
3.906573e-03 9.999928e-01
3.933665e-03 9.999928e-01
3.960946e-03 9.999929e-01
3.988416e-03 9.999930e-01
4.016076e-03 9.999930e-01
4.043928e-03 9.999931e-01
4.071973e-03 9.999932e-01
4.100213e-03 9.999932e-01
4.128648e-03 9.999933e-01
4.157281e-03 9.999934e-01
4.186113e-03 9.999934e-01
4.215144e-03 9.999935e-01
4.244377e-03 9.999935e-01
4.273812e-03 9.999936e-01
4.303451e-03 9.999937e-01
4.333297e-03 9.999937e-01
4.363349e-03 9.999938e-01
4.393609e-03 9.999938e-01
4.424079e-03 9.999939e-01
4.454761e-03 9.999939e-01
4.485655e-03 9.999940e-01
4.516764e-03 9.999940e-01
4.548089e-03 9.999941e-01
4.579630e-03 9.999942e-01
4.611391e-03 9.999942e-01
4.643371e-03 9.999943e-01
4.675574e-03 9.999943e-01
4.708000e-03 9.999944e-01
4.740650e-03 9.999944e-01
4.773527e-03 9.999945e-01
4.806633e-03 9.999945e-01
4.839967e-03 9.999946e-01
4.873533e-03 9.999946e-01
4.907332e-03 9.999947e-01
4.941365e-03 9.999947e-01
4.975634e-03 9.999948e-01
5.010141e-03 9.999948e-01
5.044887e-03 9.999949e-01
5.079874e-03 9.999949e-01
5.115104e-03 9.999950e-01
5.150578e-03 9.999950e-01
5.186298e-03 9.999951e-01
5.222265e-03 9.999951e-01
5.258482e-03 9.999951e-01
5.294951e-03 9.999952e-01
5.331672e-03 9.999952e-01
5.368648e-03 9.999953e-01
5.405880e-03 9.999953e-01
5.443371e-03 9.999954e-01
5.481122e-03 9.999954e-01
5.519134e-03 9.999954e-01
5.557410e-03 9.999955e-01
5.595951e-03 9.999955e-01
5.634760e-03 9.999956e-01
5.673838e-03 9.999956e-01
5.713187e-03 9.999957e-01
5.752809e-03 9.999957e-01
5.792705e-03 9.999957e-01
5.832879e-03 9.999958e-01
5.873331e-03 9.999958e-01
5.914063e-03 9.999958e-01
5.955078e-03 9.999959e-01
5.996377e-03 9.999959e-01
6.037963e-03 9.999960e-01
6.079837e-03 9.999960e-01
6.122002e-03 9.999960e-01
6.164459e-03 9.999961e-01
6.207210e-03 9.999961e-01
6.250258e-03 9.999961e-01
6.293605e-03 9.999962e-01
6.337252e-03 9.999962e-01
6.381201e-03 9.999962e-01
6.425456e-03 9.999963e-01
6.470017e-03 9.999963e-01
6.514888e-03 9.999964e-01
6.560070e-03 9.999964e-01
6.605565e-03 9.999964e-01
6.651375e-03 9.999965e-01
6.697504e-03 9.999965e-01
6.743952e-03 9.999965e-01
6.790722e-03 9.999965e-01
6.837817e-03 9.999966e-01
6.885238e-03 9.999966e-01
6.932988e-03 9.999966e-01
6.981069e-03 9.999967e-01
7.029484e-03 9.999967e-01
7.078235e-03 9.999967e-01
7.127323e-03 9.999968e-01
7.176752e-03 9.999968e-01
7.226524e-03 9.999968e-01
7.276641e-03 9.999969e-01
7.327106e-03 9.999969e-01
7.377920e-03 9.999969e-01
7.429087e-03 9.999969e-01
7.480609e-03 9.999970e-01
7.532488e-03 9.999970e-01
7.584727e-03 9.999970e-01
7.637328e-03 9.999971e-01
7.690295e-03 9.999971e-01
7.743628e-03 9.999971e-01
7.797331e-03 9.999971e-01
7.851407e-03 9.999972e-01
7.905857e-03 9.999972e-01
7.960686e-03 9.999972e-01
8.015894e-03 9.999972e-01
8.071486e-03 9.999973e-01
8.127463e-03 9.999973e-01
8.183828e-03 9.999973e-01
8.240584e-03 9.999973e-01
8.297733e-03 9.999974e-01
8.355279e-03 9.999974e-01
8.413225e-03 9.999974e-01
8.471572e-03 9.999974e-01
8.530323e-03 9.999975e-01
8.589482e-03 9.999975e-01
8.649052e-03 9.999975e-01
8.709034e-03 9.999975e-01
8.769432e-03 9.999975e-01
8.830250e-03 9.999976e-01
8.891489e-03 9.999976e-01
8.953153e-03 9.999976e-01
9.015244e-03 9.999976e-01
9.077766e-03 9.999977e-01
9.140722e-03 9.999977e-01
9.204114e-03 9.999977e-01
9.267946e-03 9.999977e-01
9.332221e-03 9.999977e-01
9.396941e-03 9.999978e-01
9.462110e-03 9.999978e-01
9.527731e-03 9.999978e-01
9.593807e-03 9.999978e-01
9.660342e-03 9.999978e-01
9.727338e-03 9.999979e-01
9.794798e-03 9.999979e-01
9.862727e-03 9.999979e-01
9.931126e-03 9.999979e-01
1.000000e-02 9.999979e-01
