0.000000e+00 1.000000e+00 1.000000e+00 1.000000e+00 0.000000e+00
1.000000e+06 9.976386e-01 8.093092e-01 1.002367e+00 3.927623e-09
2.000000e+06 9.919250e-01 6.838765e-01 1.008138e+00 2.008451e-07
3.000000e+06 9.835615e-01 5.821955e-01 1.016667e+00 1.953250e-06
4.000000e+06 9.729933e-01 4.970982e-01 1.027415e+00 9.565489e-06
5.000000e+06 9.605979e-01 4.250905e-01 1.039452e+00 3.203765e-05
6.000000e+06 9.467148e-01 3.639087e-01 1.050989e+00 8.416682e-05
7.000000e+06 9.316518e-01 3.118562e-01 1.058920e+00 1.866928e-04
8.000000e+06 9.156856e-01 2.675605e-01 1.058640e+00 3.654984e-04
9.000000e+06 8.990619e-01 2.298700e-01 1.044505e+00 6.500936e-04
1.000000e+07 8.819952e-01 1.978022e-01 1.011238e+00 1.071714e-03
1.100000e+07 8.646698e-01 1.705146e-01 9.560844e-01 1.661357e-03
1.200000e+07 8.472417e-01 1.472848e-01 8.806051e-01 2.448022e-03
1.300000e+07 8.298408e-01 1.274948e-01 7.907339e-01 3.457303e-03
1.400000e+07 8.125734e-01 1.106179e-01 6.947898e-01 4.710419e-03
1.500000e+07 7.955253e-01 9.620620e-02 6.007197e-01 6.223668e-03
1.600000e+07 7.787641e-01 8.388045e-02 5.141940e-01 8.008261e-03
1.700000e+07 7.623418e-01 7.332005e-02 4.381481e-01 1.007046e-02
1.800000e+07 7.462975e-01 6.425453e-02 3.733196e-01 1.241192e-02
1.900000e+07 7.306595e-01 5.645603e-02 3.190887e-01 1.503022e-02
2.000000e+07 7.154467e-01 4.973270e-02 2.741908e-01 1.791941e-02
2.100000e+07 7.006708e-01 4.392305e-02 2.371806e-01 2.107060e-02
2.200000e+07 6.863375e-01 3.889112e-02 2.066781e-01 2.447261e-02
2.300000e+07 6.724475e-01 3.452240e-02 1.814749e-01 2.811245e-02
2.400000e+07 6.589980e-01 3.072033e-02 1.605604e-01 3.197587e-02
2.500000e+07 6.459828e-01 2.740339e-02 1.431111e-01 3.604774e-02
2.600000e+07 6.333937e-01 2.450270e-02 1.284658e-01 4.031249e-02
2.700000e+07 6.212208e-01 2.195992e-02 1.160969e-01 4.475437e-02
2.800000e+07 6.094528e-01 1.972560e-02 1.055844e-01 4.935773e-02
2.900000e+07 5.980776e-01 1.775769e-02 9.659404e-02 5.410719e-02
3.000000e+07 5.870825e-01 1.602043e-02 8.885860e-02 5.898783e-02
3.100000e+07 5.764545e-01 1.448329e-02 8.216403e-02 6.398530e-02
3.200000e+07 5.661804e-01 1.312018e-02 7.633789e-02 6.908588e-02
3.300000e+07 5.562471e-01 1.190876e-02 7.124054e-02 7.427657e-02
3.400000e+07 5.466416e-01 1.082985e-02 6.675834e-02 7.954509e-02
3.500000e+07 5.373511e-01 9.866939e-03 6.279825e-02 8.487992e-02
3.600000e+07 5.283631e-01 9.005810e-03 5.928370e-02 9.027029e-02
3.700000e+07 5.196655e-01 8.234168e-03 5.615130e-02 9.570619e-02
3.800000e+07 5.112466e-01 7.541372e-03 5.334832e-02 1.011783e-01
3.900000e+07 5.030949e-01 6.918189e-03 5.083064e-02 1.066781e-01
4.000000e+07 4.951995e-01 6.356592e-03 4.856119e-02 1.121975e-01
4.100000e+07 4.875499e-01 5.849586e-03 4.650863e-02 1.177294e-01
4.200000e+07 4.801361e-01 5.391065e-03 4.464636e-02 1.232670e-01
4.300000e+07 4.729483e-01 4.975687e-03 4.295170e-02 1.288043e-01
4.400000e+07 4.659773e-01 4.598771e-03 4.140524e-02 1.343356e-01
4.500000e+07 4.592143e-01 4.256204e-03 3.999026e-02 1.398559e-01
4.600000e+07 4.526507e-01 3.944368e-03 3.869233e-02 1.453605e-01
4.700000e+07 4.462786e-01 3.660072e-03 3.749897e-02 1.508454e-01
4.800000e+07 4.400902e-01 3.400502e-03 3.639928e-02 1.563068e-01
4.900000e+07 4.340782e-01 3.163163e-03 3.538376e-02 1.617412e-01
5.000000e+07 4.282355e-01 2.945847e-03 3.444411e-02 1.671456e-01
5.100000e+07 4.225555e-01 2.746592e-03 3.357299e-02 1.725173e-01
5.200000e+07 4.170318e-01 2.563654e-03 3.276396e-02 1.778539e-01
5.300000e+07 4.116584e-01 2.395479e-03 3.201133e-02 1.831533e-01
5.400000e+07 4.064293e-01 2.240680e-03 3.131001e-02 1.884134e-01
5.500000e+07 4.013392e-01 2.098019e-03 3.065553e-02 1.936326e-01
5.600000e+07 3.963828e-01 1.966386e-03 3.004386e-02 1.988095e-01
5.700000e+07 3.915549e-01 1.844788e-03 2.947142e-02 2.039428e-01
5.800000e+07 3.868509e-01 1.732331e-03 2.893499e-02 2.090314e-01
5.900000e+07 3.822661e-01 1.628213e-03 2.843168e-02 2.140743e-01
6.000000e+07 3.777962e-01 1.531712e-03 2.795890e-02 2.190708e-01
6.100000e+07 3.734370e-01 1.442176e-03 2.751429e-02 2.240202e-01
6.200000e+07 3.691846e-01 1.359018e-03 2.709574e-02 2.289219e-01
6.300000e+07 3.650351e-01 1.281705e-03 2.670132e-02 2.337756e-01
6.400000e+07 3.609849e-01 1.209757e-03 2.632928e-02 2.385808e-01
6.500000e+07 3.570306e-01 1.142738e-03 2.597804e-02 2.433375e-01
6.600000e+07 3.531687e-01 1.080252e-03 2.564615e-02 2.480454e-01
6.700000e+07 3.493963e-01 1.021939e-03 2.533229e-02 2.527045e-01
6.800000e+07 3.457101e-01 9.674736e-04 2.503525e-02 2.573148e-01
6.900000e+07 3.421074e-01 9.165565e-04 2.475392e-02 2.618762e-01
7.000000e+07 3.385852e-01 8.689169e-04 2.448729e-02 2.663891e-01
7.100000e+07 3.351411e-01 8.243070e-04 2.423442e-02 2.708534e-01
7.200000e+07 3.317724e-01 7.825004e-04 2.399446e-02 2.752695e-01
7.300000e+07 3.284767e-01 7.432901e-04 2.376661e-02 2.796376e-01
7.400000e+07 3.252516e-01 7.064865e-04 2.355015e-02 2.839579e-01
7.500000e+07 3.220949e-01 6.719160e-04 2.334440e-02 2.882308e-01
7.600000e+07 3.190045e-01 6.394190e-04 2.314873e-02 2.924567e-01
7.700000e+07 3.159782e-01 6.088493e-04 2.296257e-02 2.966359e-01
7.800000e+07 3.130142e-01 5.800722e-04 2.278538e-02 3.007688e-01
7.900000e+07 3.101104e-01 5.529640e-04 2.261667e-02 3.048559e-01
8.000000e+07 3.072652e-01 5.274107e-04 2.245596e-02 3.088976e-01
8.100000e+07 3.044766e-01 5.033071e-04 2.230282e-02 3.128943e-01
8.200000e+07 3.017430e-01 4.805564e-04 2.215687e-02 3.168465e-01
8.300000e+07 2.990629e-01 4.590690e-04 2.201771e-02 3.207546e-01
8.400000e+07 2.964346e-01 4.387622e-04 2.188500e-02 3.246193e-01
8.500000e+07 2.938566e-01 4.195595e-04 2.175841e-02 3.284409e-01
8.600000e+07 2.913276e-01 4.013900e-04 2.163764e-02 3.322199e-01
8.700000e+07 2.888460e-01 3.841881e-04 2.152240e-02 3.359570e-01
8.800000e+07 2.864106e-01 3.678930e-04 2.141242e-02 3.396525e-01
8.900000e+07 2.840201e-01 3.524483e-04 2.130745e-02 3.433070e-01
9.000000e+07 2.816733e-01 3.378015e-04 2.120724e-02 3.469209e-01
9.100000e+07 2.793688e-01 3.239039e-04 2.111158e-02 3.504949e-01
9.200000e+07 2.771057e-01 3.107103e-04 2.102027e-02 3.540295e-01
9.300000e+07 2.748827e-01 2.981785e-04 2.093309e-02 3.575251e-01
9.400000e+07 2.726988e-01 2.862693e-04 2.084986e-02 3.609822e-01
9.500000e+07 2.705530e-01 2.749461e-04 2.077042e-02 3.644014e-01
9.600000e+07 2.684442e-01 2.641747e-04 2.069459e-02 3.677832e-01
9.700000e+07 2.663715e-01 2.539235e-04 2.062221e-02 3.711280e-01
9.800000e+07 2.643340e-01 2.441626e-04 2.055315e-02 3.744365e-01
9.900000e+07 2.623308e-01 2.348644e-04 2.048725e-02 3.777090e-01
1.000000e+08 2.603609e-01 2.260028e-04 2.042439e-02 3.809461e-01
1.010000e+08 2.584236e-01 2.175537e-04 2.036445e-02 3.841483e-01
1.020000e+08 2.565180e-01 2.094942e-04 2.030729e-02 3.873160e-01
1.030000e+08 2.546434e-01 2.018030e-04 2.025282e-02 3.904498e-01
1.040000e+08 2.527989e-01 1.944604e-04 2.020093e-02 3.935500e-01
1.050000e+08 2.509839e-01 1.874475e-04 2.015150e-02 3.966173e-01
1.060000e+08 2.491977e-01 1.807468e-04 2.010445e-02 3.996520e-01
1.070000e+08 2.474394e-01 1.743418e-04 2.005969e-02 4.026546e-01
1.080000e+08 2.457086e-01 1.682172e-04 2.001713e-02 4.056255e-01
1.090000e+08 2.440045e-01 1.623582e-04 1.997668e-02 4.085653e-01
1.100000e+08 2.423265e-01 1.567513e-04 1.993826e-02 4.114743e-01
1.110000e+08 2.406740e-01 1.513837e-04 1.990181e-02 4.143530e-01
1.120000e+08 2.390464e-01 1.462431e-04 1.986724e-02 4.172018e-01
1.130000e+08 2.374432e-01 1.413183e-04 1.983450e-02 4.200211e-01
1.140000e+08 2.358637e-01 1.365984e-04 1.980351e-02 4.228114e-01
1.150000e+08 2.343075e-01 1.320734e-04 1.977422e-02 4.255731e-01
1.160000e+08 2.327740e-01 1.277337e-04 1.974656e-02 4.283065e-01
1.170000e+08 2.312627e-01 1.235703e-04 1.972048e-02 4.310121e-01
1.180000e+08 2.297732e-01 1.195748e-04 1.969592e-02 4.336903e-01
1.190000e+08 2.283049e-01 1.157390e-04 1.967283e-02 4.363414e-01
1.200000e+08 2.268574e-01 1.120554e-04 1.965116e-02 4.389659e-01
1.210000e+08 2.254303e-01 1.085168e-04 1.963087e-02 4.415640e-01
1.220000e+08 2.240230e-01 1.051165e-04 1.961190e-02 4.441363e-01
1.230000e+08 2.226353e-01 1.018480e-04 1.959422e-02 4.466830e-01
1.240000e+08 2.212666e-01 9.870527e-05 1.957778e-02 4.492046e-01
1.250000e+08 2.199166e-01 9.568257e-05 1.956255e-02 4.517013e-01
1.260000e+08 2.185849e-01 9.277445e-05 1.954848e-02 4.541735e-01
1.270000e+08 2.172711e-01 8.997574e-05 1.953553e-02 4.566215e-01
1.280000e+08 2.159748e-01 8.728155e-05 1.952368e-02 4.590458e-01
1.290000e+08 2.146957e-01 8.468725e-05 1.951289e-02 4.614466e-01
1.300000e+08 2.134335e-01 8.218844e-05 1.950312e-02 4.638242e-01
1.310000e+08 2.121877e-01 7.978093e-05 1.949434e-02 4.661790e-01
1.320000e+08 2.109582e-01 7.746077e-05 1.948653e-02 4.685113e-01
1.330000e+08 2.097444e-01 7.522418e-05 1.947965e-02 4.708214e-01
1.340000e+08 2.085462e-01 7.306760e-05 1.947368e-02 4.731096e-01
1.350000e+08 2.073632e-01 7.098761e-05 1.946859e-02 4.753762e-01
1.360000e+08 2.061952e-01 6.898098e-05 1.946436e-02 4.776215e-01
1.370000e+08 2.050418e-01 6.704464e-05 1.946095e-02 4.798458e-01
1.380000e+08 2.039028e-01 6.517565e-05 1.945834e-02 4.820494e-01
1.390000e+08 2.027778e-01 6.337124e-05 1.945652e-02 4.842326e-01
1.400000e+08 2.016667e-01 6.162874e-05 1.945546e-02 4.863955e-01
1.410000e+08 2.005692e-01 5.994563e-05 1.945514e-02 4.885386e-01
1.420000e+08 1.994849e-01 5.831951e-05 1.945553e-02 4.906621e-01
1.430000e+08 1.984137e-01 5.674807e-05 1.945662e-02 4.927662e-01
1.440000e+08 1.973554e-01 5.522914e-05 1.945839e-02 4.948512e-01
1.450000e+08 1.963096e-01 5.376061e-05 1.946081e-02 4.969173e-01
1.460000e+08 1.952762e-01 5.234051e-05 1.946388e-02 4.989649e-01
1.470000e+08 1.942549e-01 5.096693e-05 1.946757e-02 5.009941e-01
1.480000e+08 1.932455e-01 4.963805e-05 1.947187e-02 5.030052e-01
1.490000e+08 1.922478e-01 4.835215e-05 1.947676e-02 5.049984e-01
1.500000e+08 1.912616e-01 4.710758e-05 1.948223e-02 5.069740e-01
1.510000e+08 1.902868e-01 4.590274e-05 1.948825e-02 5.089323e-01
1.520000e+08 1.893230e-01 4.473613e-05 1.949482e-02 5.108733e-01
1.530000e+08 1.883701e-01 4.360631e-05 1.950193e-02 5.127974e-01
1.540000e+08 1.874279e-01 4.251189e-05 1.950955e-02 5.147047e-01
1.550000e+08 1.864962e-01 4.145156e-05 1.951767e-02 5.165956e-01
1.560000e+08 1.855749e-01 4.042405e-05 1.952628e-02 5.184701e-01
1.570000e+08 1.846637e-01 3.942814e-05 1.953538e-02 5.203285e-01
1.580000e+08 1.837626e-01 3.846269e-05 1.954494e-02 5.221711e-01
1.590000e+08 1.828712e-01 3.752658e-05 1.955495e-02 5.239979e-01
1.600000e+08 1.819896e-01 3.661875e-05 1.956541e-02 5.258093e-01
1.610000e+08 1.811174e-01 3.573819e-05 1.957630e-02 5.276054e-01
1.620000e+08 1.802546e-01 3.488391e-05 1.958762e-02 5.293864e-01
1.630000e+08 1.794009e-01 3.405498e-05 1.959934e-02 5.311525e-01
1.640000e+08 1.785563e-01 3.325051e-05 1.961147e-02 5.329039e-01
1.650000e+08 1.777206e-01 3.246964e-05 1.962399e-02 5.346407e-01
1.660000e+08 1.768937e-01 3.171153e-05 1.963689e-02 5.363632e-01
1.670000e+08 1.760753e-01 3.097541e-05 1.965017e-02 5.380715e-01
1.680000e+08 1.752655e-01 3.026051e-05 1.966381e-02 5.397658e-01
1.690000e+08 1.744639e-01 2.956610e-05 1.967780e-02 5.414463e-01
1.700000e+08 1.736706e-01 2.889149e-05 1.969215e-02 5.431131e-01
1.710000e+08 1.728853e-01 2.823599e-05 1.970683e-02 5.447664e-01
1.720000e+08 1.721080e-01 2.759897e-05 1.972185e-02 5.464064e-01
1.730000e+08 1.713385e-01 2.697979e-05 1.973718e-02 5.480332e-01
1.740000e+08 1.705767e-01 2.637788e-05 1.975284e-02 5.496470e-01
1.750000e+08 1.698225e-01 2.579265e-05 1.976881e-02 5.512480e-01
1.760000e+08 1.690758e-01 2.522355e-05 1.978507e-02 5.528363e-01
1.770000e+08 1.683364e-01 2.467005e-05 1.980164e-02 5.544120e-01
1.780000e+08 1.676043e-01 2.413165e-05 1.981849e-02 5.559753e-01
1.790000e+08 1.668793e-01 2.360784e-05 1.983562e-02 5.575264e-01
1.800000e+08 1.661613e-01 2.309817e-05 1.985303e-02 5.590654e-01
1.810000e+08 1.654502e-01 2.260217e-05 1.987072e-02 5.605924e-01
1.820000e+08 1.647460e-01 2.211940e-05 1.988866e-02 5.621076e-01
1.830000e+08 1.640484e-01 2.164945e-05 1.990686e-02 5.636111e-01
1.840000e+08 1.633575e-01 2.119192e-05 1.992532e-02 5.651031e-01
1.850000e+08 1.626732e-01 2.074640e-05 1.994402e-02 5.665837e-01
1.860000e+08 1.619952e-01 2.031252e-05 1.996297e-02 5.680529e-01
1.870000e+08 1.613236e-01 1.988992e-05 1.998215e-02 5.695111e-01
1.880000e+08 1.606582e-01 1.947825e-05 2.000156e-02 5.709582e-01
1.890000e+08 1.599990e-01 1.907718e-05 2.002120e-02 5.723944e-01
1.900000e+08 1.593458e-01 1.868637e-05 2.004106e-02 5.738199e-01
1.910000e+08 1.586987e-01 1.830552e-05 2.006114e-02 5.752347e-01
1.920000e+08 1.580574e-01 1.793432e-05 2.008143e-02 5.766390e-01
1.930000e+08 1.574219e-01 1.757247e-05 2.010193e-02 5.780329e-01
1.940000e+08 1.567922e-01 1.721971e-05 2.012263e-02 5.794164e-01
1.950000e+08 1.561681e-01 1.687575e-05 2.014353e-02 5.807899e-01
1.960000e+08 1.555496e-01 1.654033e-05 2.016463e-02 5.821532e-01
1.970000e+08 1.549366e-01 1.621321e-05 2.018591e-02 5.835066e-01
1.980000e+08 1.543290e-01 1.589413e-05 2.020739e-02 5.848502e-01
1.990000e+08 1.537267e-01 1.558286e-05 2.022905e-02 5.861841e-01
2.000000e+08 1.531298e-01 1.527918e-05 2.025089e-02 5.875083e-01
2.010000e+08 1.525380e-01 1.498285e-05 2.027290e-02 5.888230e-01
2.020000e+08 1.519514e-01 1.469368e-05 2.029509e-02 5.901283e-01
2.030000e+08 1.513698e-01 1.441144e-05 2.031745e-02 5.914243e-01
2.040000e+08 1.507932e-01 1.413595e-05 2.033997e-02 5.927111e-01
2.050000e+08 1.502216e-01 1.386701e-05 2.036265e-02 5.939888e-01
2.060000e+08 1.496548e-01 1.360444e-05 2.038550e-02 5.952574e-01
2.070000e+08 1.490928e-01 1.334805e-05 2.040850e-02 5.965172e-01
2.080000e+08 1.485356e-01 1.309767e-05 2.043165e-02 5.977681e-01
2.090000e+08 1.479831e-01 1.285314e-05 2.045495e-02 5.990104e-01
2.100000e+08 1.474351e-01 1.261428e-05 2.047840e-02 6.002440e-01
2.110000e+08 1.468917e-01 1.238095e-05 2.050200e-02 6.014690e-01
2.120000e+08 1.463529e-01 1.215299e-05 2.052573e-02 6.026856e-01
2.130000e+08 1.458184e-01 1.193026e-05 2.054960e-02 6.038939e-01
2.140000e+08 1.452884e-01 1.171260e-05 2.057361e-02 6.050939e-01
2.150000e+08 1.447627e-01 1.149988e-05 2.059776e-02 6.062857e-01
2.160000e+08 1.442412e-01 1.129197e-05 2.062203e-02 6.074694e-01
2.170000e+08 1.437240e-01 1.108874e-05 2.064643e-02 6.086450e-01
2.180000e+08 1.432109e-01 1.089007e-05 2.067096e-02 6.098128e-01
2.190000e+08 1.427020e-01 1.069582e-05 2.069561e-02 6.109727e-01
2.200000e+08 1.421971e-01 1.050588e-05 2.072038e-02 6.121249e-01
2.210000e+08 1.416963e-01 1.032015e-05 2.074527e-02 6.132693e-01
2.220000e+08 1.411994e-01 1.013850e-05 2.077028e-02 6.144061e-01
2.230000e+08 1.407064e-01 9.960826e-06 2.079540e-02 6.155355e-01
2.240000e+08 1.402173e-01 9.787031e-06 2.082063e-02 6.166573e-01
2.250000e+08 1.397320e-01 9.617012e-06 2.084597e-02 6.177718e-01
2.260000e+08 1.392505e-01 9.450669e-06 2.087142e-02 6.188790e-01
2.270000e+08 1.387727e-01 9.287907e-06 2.089698e-02 6.199789e-01
2.280000e+08 1.382986e-01 9.128636e-06 2.092264e-02 6.210717e-01
2.290000e+08 1.378282e-01 8.972765e-06 2.094840e-02 6.221574e-01
2.300000e+08 1.373613e-01 8.820207e-06 2.097427e-02 6.232361e-01
2.310000e+08 1.368980e-01 8.670878e-06 2.100023e-02 6.243078e-01
2.320000e+08 1.364382e-01 8.524698e-06 2.102629e-02 6.253726e-01
2.330000e+08 1.359819e-01 8.381586e-06 2.105244e-02 6.264307e-01
2.340000e+08 1.355291e-01 8.241465e-06 2.107868e-02 6.274820e-01
2.350000e+08 1.350796e-01 8.104261e-06 2.110502e-02 6.285266e-01
2.360000e+08 1.346335e-01 7.969902e-06 2.113145e-02 6.295646e-01
2.370000e+08 1.341907e-01 7.838316e-06 2.115796e-02 6.305960e-01
2.380000e+08 1.337511e-01 7.709436e-06 2.118456e-02 6.316210e-01
2.390000e+08 1.333148e-01 7.583194e-06 2.121125e-02 6.326396e-01
2.400000e+08 1.328818e-01 7.459527e-06 2.123802e-02 6.336517e-01
2.410000e+08 1.324518e-01 7.338372e-06 2.126487e-02 6.346576e-01
2.420000e+08 1.320250e-01 7.219667e-06 2.129180e-02 6.356573e-01
2.430000e+08 1.316013e-01 7.103353e-06 2.131881e-02 6.366508e-01
2.440000e+08 1.311807e-01 6.989374e-06 2.134590e-02 6.376381e-01
2.450000e+08 1.307631e-01 6.877672e-06 2.137306e-02 6.386194e-01
2.460000e+08 1.303485e-01 6.768194e-06 2.140030e-02 6.395947e-01
2.470000e+08 1.299368e-01 6.660886e-06 2.142761e-02 6.405640e-01
2.480000e+08 1.295281e-01 6.555698e-06 2.145499e-02 6.415274e-01
2.490000e+08 1.291223e-01 6.452578e-06 2.148245e-02 6.424850e-01
2.500000e+08 1.287193e-01 6.351479e-06 2.150997e-02 6.434369e-01
2.510000e+08 1.283191e-01 6.252354e-06 2.153756e-02 6.443829e-01
2.520000e+08 1.279218e-01 6.155155e-06 2.156522e-02 6.453234e-01
2.530000e+08 1.275272e-01 6.059839e-06 2.159295e-02 6.462582e-01
2.540000e+08 1.271354e-01 5.966361e-06 2.162074e-02 6.471874e-01
2.550000e+08 1.267463e-01 5.874680e-06 2.164859e-02 6.481111e-01
2.560000e+08 1.263598e-01 5.784754e-06 2.167651e-02 6.490293e-01
2.570000e+08 1.259760e-01 5.696543e-06 2.170449e-02 6.499421e-01
2.580000e+08 1.255949e-01 5.610008e-06 2.173253e-02 6.508495e-01
2.590000e+08 1.252163e-01 5.525110e-06 2.176063e-02 6.517516e-01
2.600000e+08 1.248403e-01 5.441814e-06 2.178878e-02 6.526485e-01
2.610000e+08 1.244669e-01 5.360082e-06 2.181699e-02 6.535401e-01
2.620000e+08 1.240960e-01 5.279879e-06 2.184526e-02 6.544265e-01
2.630000e+08 1.237275e-01 5.201172e-06 2.187359e-02 6.553078e-01
2.640000e+08 1.233615e-01 5.123926e-06 2.190197e-02 6.561840e-01
2.650000e+08 1.229980e-01 5.048111e-06 2.193040e-02 6.570552e-01
2.660000e+08 1.226369e-01 4.973692e-06 2.195888e-02 6.579214e-01
2.670000e+08 1.222781e-01 4.900642e-06 2.198742e-02 6.587826e-01
2.680000e+08 1.219218e-01 4.828928e-06 2.201601e-02 6.596389e-01
2.690000e+08 1.215677e-01 4.758521e-06 2.204464e-02 6.604904e-01
2.700000e+08 1.212160e-01 4.689394e-06 2.207333e-02 6.613370e-01
2.710000e+08 1.208666e-01 4.621519e-06 2.210206e-02 6.621788e-01
2.720000e+08 1.205194e-01 4.554868e-06 2.213084e-02 6.630159e-01
2.730000e+08 1.201745e-01 4.489414e-06 2.215967e-02 6.638483e-01
2.740000e+08 1.198319e-01 4.425133e-06 2.218854e-02 6.646761e-01
2.750000e+08 1.194914e-01 4.362000e-06 2.221746e-02 6.654992e-01
2.760000e+08 1.191531e-01 4.299988e-06 2.224642e-02 6.663178e-01
2.770000e+08 1.188169e-01 4.239076e-06 2.227543e-02 6.671318e-01
2.780000e+08 1.184829e-01 4.179238e-06 2.230448e-02 6.679413e-01
2.790000e+08 1.181511e-01 4.120454e-06 2.233357e-02 6.687464e-01
2.800000e+08 1.178213e-01 4.062700e-06 2.236270e-02 6.695470e-01
2.810000e+08 1.174936e-01 4.005956e-06 2.239187e-02 6.703432e-01
2.820000e+08 1.171679e-01 3.950199e-06 2.242108e-02 6.711351e-01
2.830000e+08 1.168443e-01 3.895409e-06 2.245033e-02 6.719227e-01
2.840000e+08 1.165227e-01 3.841567e-06 2.247961e-02 6.727060e-01
2.850000e+08 1.162030e-01 3.788652e-06 2.250894e-02 6.734851e-01
2.860000e+08 1.158854e-01 3.736646e-06 2.253830e-02 6.742600e-01
2.870000e+08 1.155697e-01 3.685530e-06 2.256770e-02 6.750307e-01
2.880000e+08 1.152560e-01 3.635286e-06 2.259713e-02 6.757973e-01
2.890000e+08 1.149442e-01 3.585895e-06 2.262660e-02 6.765597e-01
2.900000e+08 1.146342e-01 3.537341e-06 2.265611e-02 6.773181e-01
2.910000e+08 1.143262e-01 3.489606e-06 2.268565e-02 6.780725e-01
2.920000e+08 1.140200e-01 3.442675e-06 2.271522e-02 6.788229e-01
2.930000e+08 1.137157e-01 3.396531e-06 2.274482e-02 6.795693e-01
2.940000e+08 1.134132e-01 3.351157e-06 2.277446e-02 6.803117e-01
2.950000e+08 1.131126e-01 3.306539e-06 2.280413e-02 6.810503e-01
2.960000e+08 1.128137e-01 3.262662e-06 2.283383e-02 6.817850e-01
2.970000e+08 1.125166e-01 3.219511e-06 2.286355e-02 6.825159e-01
2.980000e+08 1.122213e-01 3.177072e-06 2.289331e-02 6.832429e-01
2.990000e+08 1.119277e-01 3.135330e-06 2.292310e-02 6.839662e-01
3.000000e+08 1.116358e-01 3.094271e-06 2.295292e-02 6.846857e-01
3.010000e+08 1.113457e-01 3.053883e-06 2.298277e-02 6.854016e-01
3.020000e+08 1.110573e-01 3.014153e-06 2.301264e-02 6.861137e-01
3.030000e+08 1.107705e-01 2.975067e-06 2.304254e-02 6.868222e-01
3.040000e+08 1.104855e-01 2.936613e-06 2.307247e-02 6.875270e-01
3.050000e+08 1.102020e-01 2.898778e-06 2.310243e-02 6.882283e-01
3.060000e+08 1.099203e-01 2.861552e-06 2.313241e-02 6.889259e-01
3.070000e+08 1.096401e-01 2.824922e-06 2.316242e-02 6.896201e-01
3.080000e+08 1.093616e-01 2.788876e-06 2.319245e-02 6.903107e-01
3.090000e+08 1.090846e-01 2.753404e-06 2.322251e-02 6.909978e-01
3.100000e+08 1.088093e-01 2.718494e-06 2.325259e-02 6.916815e-01
3.110000e+08 1.085355e-01 2.684137e-06 2.328269e-02 6.923617e-01
3.120000e+08 1.082632e-01 2.650321e-06 2.331282e-02 6.930385e-01
3.130000e+08 1.079925e-01 2.617036e-06 2.334297e-02 6.937120e-01
3.140000e+08 1.077233e-01 2.584273e-06 2.337315e-02 6.943821e-01
3.150000e+08 1.074557e-01 2.552021e-06 2.340334e-02 6.950489e-01
3.160000e+08 1.071895e-01 2.520271e-06 2.343356e-02 6.957123e-01
3.170000e+08 1.069248e-01 2.489014e-06 2.346380e-02 6.963725e-01
3.180000e+08 1.066617e-01 2.458240e-06 2.349406e-02 6.970295e-01
3.190000e+08 1.063999e-01 2.427941e-06 2.352434e-02 6.976832e-01
3.200000e+08 1.061396e-01 2.398107e-06 2.355464e-02 6.983337e-01
3.210000e+08 1.058808e-01 2.368731e-06 2.358497e-02 6.989810e-01
3.220000e+08 1.056234e-01 2.339803e-06 2.361531e-02 6.996252e-01
3.230000e+08 1.053673e-01 2.311317e-06 2.364567e-02 7.002662e-01
3.240000e+08 1.051127e-01 2.283262e-06 2.367605e-02 7.009042e-01
3.250000e+08 1.048595e-01 2.255633e-06 2.370644e-02 7.015390e-01
3.260000e+08 1.046077e-01 2.228420e-06 2.373686e-02 7.021708e-01
3.270000e+08 1.043572e-01 2.201617e-06 2.376729e-02 7.027996e-01
3.280000e+08 1.041081e-01 2.175216e-06 2.379774e-02 7.034253e-01
3.290000e+08 1.038603e-01 2.149210e-06 2.382821e-02 7.040481e-01
3.300000e+08 1.036138e-01 2.123592e-06 2.385870e-02 7.046679e-01
3.310000e+08 1.033687e-01 2.098355e-06 2.388920e-02 7.052847e-01
3.320000e+08 1.031249e-01 2.073492e-06 2.391972e-02 7.058986e-01
3.330000e+08 1.028823e-01 2.048996e-06 2.395025e-02 7.065096e-01
3.340000e+08 1.026411e-01 2.024861e-06 2.398080e-02 7.071177e-01
3.350000e+08 1.024012e-01 2.001081e-06 2.401136e-02 7.077230e-01
3.360000e+08 1.021625e-01 1.977650e-06 2.404194e-02 7.083254e-01
3.370000e+08 1.019250e-01 1.954560e-06 2.407254e-02 7.089250e-01
3.380000e+08 1.016888e-01 1.931807e-06 2.410315e-02 7.095218e-01
3.390000e+08 1.014539e-01 1.909385e-06 2.413377e-02 7.101158e-01
3.400000e+08 1.012201e-01 1.887287e-06 2.416441e-02 7.107071e-01
3.410000e+08 1.009876e-01 1.865508e-06 2.419506e-02 7.112956e-01
3.420000e+08 1.007563e-01 1.844042e-06 2.422572e-02 7.118814e-01
3.430000e+08 1.005262e-01 1.822885e-06 2.425640e-02 7.124645e-01
3.440000e+08 1.002973e-01 1.802031e-06 2.428709e-02 7.130449e-01
3.450000e+08 1.000695e-01 1.781474e-06 2.431779e-02 7.136227e-01
3.460000e+08 9.984296e-02 1.761210e-06 2.434851e-02 7.141978e-01
3.470000e+08 9.961754e-02 1.741233e-06 2.437923e-02 7.147703e-01
3.480000e+08 9.939326e-02 1.721539e-06 2.440997e-02 7.153402e-01
3.490000e+08 9.917013e-02 1.702123e-06 2.444072e-02 7.159075e-01
3.500000e+08 9.894813e-02 1.682980e-06 2.447149e-02 7.164722e-01
3.510000e+08 9.872725e-02 1.664106e-06 2.450226e-02 7.170344e-01
3.520000e+08 9.850749e-02 1.645496e-06 2.453304e-02 7.175940e-01
3.530000e+08 9.828883e-02 1.627145e-06 2.456384e-02 7.181511e-01
3.540000e+08 9.807126e-02 1.609050e-06 2.459464e-02 7.187058e-01
3.550000e+08 9.785479e-02 1.591206e-06 2.462546e-02 7.192579e-01
3.560000e+08 9.763939e-02 1.573609e-06 2.465628e-02 7.198076e-01
3.570000e+08 9.742506e-02 1.556255e-06 2.468712e-02 7.203548e-01
3.580000e+08 9.721180e-02 1.539140e-06 2.471796e-02 7.208996e-01
3.590000e+08 9.699959e-02 1.522259e-06 2.474882e-02 7.214420e-01
3.600000e+08 9.678843e-02 1.505609e-06 2.477968e-02 7.219820e-01
3.610000e+08 9.657830e-02 1.489187e-06 2.481055e-02 7.225196e-01
3.620000e+08 9.636921e-02 1.472988e-06 2.484144e-02 7.230549e-01
3.630000e+08 9.616113e-02 1.457009e-06 2.487233e-02 7.235878e-01
3.640000e+08 9.595408e-02 1.441247e-06 2.490322e-02 7.241184e-01
3.650000e+08 9.574803e-02 1.425697e-06 2.493413e-02 7.246466e-01
3.660000e+08 9.554298e-02 1.410356e-06 2.496504e-02 7.251726e-01
3.670000e+08 9.533892e-02 1.395222e-06 2.499597e-02 7.256963e-01
3.680000e+08 9.513585e-02 1.380290e-06 2.502690e-02 7.262177e-01
3.690000e+08 9.493375e-02 1.365557e-06 2.505783e-02 7.267369e-01
3.700000e+08 9.473262e-02 1.351021e-06 2.508878e-02 7.272538e-01
3.710000e+08 9.453246e-02 1.336678e-06 2.511973e-02 7.277685e-01
3.720000e+08 9.433325e-02 1.322525e-06 2.515069e-02 7.282810e-01
3.730000e+08 9.413499e-02 1.308559e-06 2.518165e-02 7.287913e-01
3.740000e+08 9.393767e-02 1.294777e-06 2.521263e-02 7.292994e-01
3.750000e+08 9.374129e-02 1.281176e-06 2.524360e-02 7.298053e-01
3.760000e+08 9.354583e-02 1.267754e-06 2.527459e-02 7.303091e-01
3.770000e+08 9.335129e-02 1.254507e-06 2.530558e-02 7.308108e-01
3.780000e+08 9.315767e-02 1.241432e-06 2.533658e-02 7.313103e-01
3.790000e+08 9.296496e-02 1.228528e-06 2.536758e-02 7.318078e-01
3.800000e+08 9.277315e-02 1.215791e-06 2.539859e-02 7.323031e-01
3.810000e+08 9.258223e-02 1.203219e-06 2.542960e-02 7.327964e-01
3.820000e+08 9.239219e-02 1.190809e-06 2.546062e-02 7.332876e-01
3.830000e+08 9.220304e-02 1.178559e-06 2.549165e-02 7.337767e-01
3.840000e+08 9.201477e-02 1.166467e-06 2.552267e-02 7.342638e-01
3.850000e+08 9.182736e-02 1.154529e-06 2.555371e-02 7.347489e-01
3.860000e+08 9.164082e-02 1.142743e-06 2.558475e-02 7.352319e-01
3.870000e+08 9.145513e-02 1.131108e-06 2.561579e-02 7.357130e-01
3.880000e+08 9.127029e-02 1.119621e-06 2.564684e-02 7.361920e-01
3.890000e+08 9.108630e-02 1.108279e-06 2.567789e-02 7.366691e-01
3.900000e+08 9.090315e-02 1.097081e-06 2.570895e-02 7.371443e-01
3.910000e+08 9.072082e-02 1.086024e-06 2.574001e-02 7.376175e-01
3.920000e+08 9.053933e-02 1.075106e-06 2.577107e-02 7.380887e-01
3.930000e+08 9.035865e-02 1.064325e-06 2.580214e-02 7.385580e-01
3.940000e+08 9.017879e-02 1.053678e-06 2.583321e-02 7.390254e-01
3.950000e+08 8.999974e-02 1.043165e-06 2.586429e-02 7.394909e-01
3.960000e+08 8.982149e-02 1.032783e-06 2.589537e-02 7.399546e-01
3.970000e+08 8.964404e-02 1.022530e-06 2.592645e-02 7.404163e-01
3.980000e+08 8.946738e-02 1.012404e-06 2.595754e-02 7.408762e-01
3.990000e+08 8.929151e-02 1.002403e-06 2.598862e-02 7.413342e-01
4.000000e+08 8.911642e-02 9.925249e-07 2.601972e-02 7.417904e-01
4.010000e+08 8.894211e-02 9.827688e-07 2.605081e-02 7.422447e-01
4.020000e+08 8.876857e-02 9.731323e-07 2.608191e-02 7.426973e-01
4.030000e+08 8.859579e-02 9.636138e-07 2.611301e-02 7.431480e-01
4.040000e+08 8.842377e-02 9.542115e-07 2.614411e-02 7.435969e-01
4.050000e+08 8.825251e-02 9.449237e-07 2.617521e-02 7.440440e-01
4.060000e+08 8.808200e-02 9.357487e-07 2.620632e-02 7.444894e-01
4.070000e+08 8.791223e-02 9.266850e-07 2.623743e-02 7.449330e-01
4.080000e+08 8.774320e-02 9.177309e-07 2.626854e-02 7.453749e-01
4.090000e+08 8.757490e-02 9.088848e-07 2.629965e-02 7.458150e-01
4.100000e+08 8.740734e-02 9.001451e-07 2.633077e-02 7.462534e-01
4.110000e+08 8.724050e-02 8.915104e-07 2.636188e-02 7.466900e-01
4.120000e+08 8.707438e-02 8.829790e-07 2.639300e-02 7.471250e-01
4.130000e+08 8.690898e-02 8.745496e-07 2.642412e-02 7.475582e-01
4.140000e+08 8.674428e-02 8.662206e-07 2.645524e-02 7.479898e-01
4.150000e+08 8.658030e-02 8.579907e-07 2.648636e-02 7.484197e-01
4.160000e+08 8.641701e-02 8.498583e-07 2.651749e-02 7.488479e-01
4.170000e+08 8.625442e-02 8.418222e-07 2.654861e-02 7.492745e-01
4.180000e+08 8.609252e-02 8.338810e-07 2.657974e-02 7.496994e-01
4.190000e+08 8.593130e-02 8.260333e-07 2.661087e-02 7.501226e-01
4.200000e+08 8.577077e-02 8.182778e-07 2.664199e-02 7.505443e-01
4.210000e+08 8.561092e-02 8.106132e-07 2.667312e-02 7.509643e-01
4.220000e+08 8.545174e-02 8.030382e-07 2.670425e-02 7.513827e-01
4.230000e+08 8.529323e-02 7.955517e-07 2.673538e-02 7.517995e-01
4.240000e+08 8.513539e-02 7.881522e-07 2.676651e-02 7.522148e-01
4.250000e+08 8.497820e-02 7.808387e-07 2.679764e-02 7.526284e-01
4.260000e+08 8.482167e-02 7.736099e-07 2.682877e-02 7.530405e-01
4.270000e+08 8.466580e-02 7.664647e-07 2.685990e-02 7.534510e-01
4.280000e+08 8.451057e-02 7.594018e-07 2.689104e-02 7.538599e-01
4.290000e+08 8.435598e-02 7.524203e-07 2.692217e-02 7.542674e-01
4.300000e+08 8.420204e-02 7.455188e-07 2.695330e-02 7.546732e-01
4.310000e+08 8.404873e-02 7.386964e-07 2.698443e-02 7.550776e-01
4.320000e+08 8.389605e-02 7.319520e-07 2.701556e-02 7.554804e-01
4.330000e+08 8.374400e-02 7.252844e-07 2.704669e-02 7.558818e-01
4.340000e+08 8.359257e-02 7.186927e-07 2.707782e-02 7.562816e-01
4.350000e+08 8.344176e-02 7.121757e-07 2.710895e-02 7.566799e-01
4.360000e+08 8.329156e-02 7.057326e-07 2.714009e-02 7.570768e-01
4.370000e+08 8.314198e-02 6.993622e-07 2.717121e-02 7.574722e-01
4.380000e+08 8.299300e-02 6.930637e-07 2.720234e-02 7.578661e-01
4.390000e+08 8.284463e-02 6.868360e-07 2.723347e-02 7.582586e-01
4.400000e+08 8.269686e-02 6.806781e-07 2.726460e-02 7.586496e-01
4.410000e+08 8.254968e-02 6.745892e-07 2.729573e-02 7.590392e-01
4.420000e+08 8.240310e-02 6.685683e-07 2.732685e-02 7.594273e-01
4.430000e+08 8.225710e-02 6.626145e-07 2.735798e-02 7.598140e-01
4.440000e+08 8.211169e-02 6.567269e-07 2.738910e-02 7.601993e-01
4.450000e+08 8.196686e-02 6.509046e-07 2.742023e-02 7.605832e-01
4.460000e+08 8.182261e-02 6.451468e-07 2.745135e-02 7.609657e-01
4.470000e+08 8.167893e-02 6.394525e-07 2.748247e-02 7.613468e-01
4.480000e+08 8.153583e-02 6.338211e-07 2.751359e-02 7.617266e-01
4.490000e+08 8.139329e-02 6.282515e-07 2.754471e-02 7.621049e-01
4.500000e+08 8.125131e-02 6.227431e-07 2.757582e-02 7.624819e-01
4.510000e+08 8.110990e-02 6.172950e-07 2.760694e-02 7.628575e-01
4.520000e+08 8.096904e-02 6.119064e-07 2.763805e-02 7.632318e-01
4.530000e+08 8.082873e-02 6.065766e-07 2.766917e-02 7.636047e-01
4.540000e+08 8.068897e-02 6.013047e-07 2.770028e-02 7.639763e-01
4.550000e+08 8.054977e-02 5.960900e-07 2.773139e-02 7.643466e-01
4.560000e+08 8.041110e-02 5.909318e-07 2.776250e-02 7.647155e-01
4.570000e+08 8.027297e-02 5.858294e-07 2.779360e-02 7.650831e-01
4.580000e+08 8.013538e-02 5.807819e-07 2.782470e-02 7.654495e-01
4.590000e+08 7.999833e-02 5.757888e-07 2.785581e-02 7.658145e-01
4.600000e+08 7.986180e-02 5.708493e-07 2.788691e-02 7.661782e-01
4.610000e+08 7.972580e-02 5.659627e-07 2.791801e-02 7.665406e-01
4.620000e+08 7.959033e-02 5.611283e-07 2.794910e-02 7.669018e-01
4.630000e+08 7.945537e-02 5.563456e-07 2.798020e-02 7.672617e-01
4.640000e+08 7.932093e-02 5.516137e-07 2.801129e-02 7.676203e-01
4.650000e+08 7.918701e-02 5.469321e-07 2.804238e-02 7.679777e-01
4.660000e+08 7.905360e-02 5.423001e-07 2.807346e-02 7.683338e-01
4.670000e+08 7.892070e-02 5.377170e-07 2.810455e-02 7.686887e-01
4.680000e+08 7.878830e-02 5.331824e-07 2.813563e-02 7.690423e-01
4.690000e+08 7.865641e-02 5.286955e-07 2.816671e-02 7.693947e-01
4.700000e+08 7.852501e-02 5.242558e-07 2.819779e-02 7.697459e-01
4.710000e+08 7.839411e-02 5.198626e-07 2.822887e-02 7.700958e-01
4.720000e+08 7.826371e-02 5.155155e-07 2.825994e-02 7.704446e-01
4.730000e+08 7.813379e-02 5.112137e-07 2.829101e-02 7.707921e-01
4.740000e+08 7.800436e-02 5.069567e-07 2.832208e-02 7.711385e-01
4.750000e+08 7.787542e-02 5.027440e-07 2.835314e-02 7.714836e-01
4.760000e+08 7.774696e-02 4.985751e-07 2.838420e-02 7.718276e-01
4.770000e+08 7.761898e-02 4.944493e-07 2.841526e-02 7.721704e-01
4.780000e+08 7.749148e-02 4.903661e-07 2.844632e-02 7.725120e-01
4.790000e+08 7.736445e-02 4.863251e-07 2.847737e-02 7.728525e-01
4.800000e+08 7.723789e-02 4.823257e-07 2.850842e-02 7.731917e-01
4.810000e+08 7.711180e-02 4.783673e-07 2.853947e-02 7.735299e-01
4.820000e+08 7.698618e-02 4.744495e-07 2.857052e-02 7.738669e-01
4.830000e+08 7.686101e-02 4.705718e-07 2.860156e-02 7.742027e-01
4.840000e+08 7.673631e-02 4.667337e-07 2.863260e-02 7.745374e-01
4.850000e+08 7.661207e-02 4.629346e-07 2.866363e-02 7.748710e-01
4.860000e+08 7.648828e-02 4.591742e-07 2.869467e-02 7.752035e-01
4.870000e+08 7.636495e-02 4.554520e-07 2.872570e-02 7.755348e-01
4.880000e+08 7.624206e-02 4.517674e-07 2.875672e-02 7.758651e-01
4.890000e+08 7.611962e-02 4.481201e-07 2.878775e-02 7.761942e-01
4.900000e+08 7.599763e-02 4.445095e-07 2.881877e-02 7.765222e-01
4.910000e+08 7.587608e-02 4.409353e-07 2.884978e-02 7.768491e-01
4.920000e+08 7.575497e-02 4.373969e-07 2.888080e-02 7.771750e-01
4.930000e+08 7.563429e-02 4.338941e-07 2.891181e-02 7.774997e-01
4.940000e+08 7.551405e-02 4.304263e-07 2.894281e-02 7.778234e-01
4.950000e+08 7.539425e-02 4.269931e-07 2.897381e-02 7.781460e-01
4.960000e+08 7.527487e-02 4.235941e-07 2.900481e-02 7.784675e-01
4.970000e+08 7.515592e-02 4.202288e-07 2.903581e-02 7.787880e-01
4.980000e+08 7.503740e-02 4.168970e-07 2.906680e-02 7.791075e-01
4.990000e+08 7.491930e-02 4.135982e-07 2.909779e-02 7.794258e-01
5.000000e+08 7.480162e-02 4.103320e-07 2.912878e-02 7.797432e-01
5.010000e+08 7.468435e-02 4.070980e-07 2.915976e-02 7.800594e-01
5.020000e+08 7.456751e-02 4.038959e-07 2.919073e-02 7.803747e-01
5.030000e+08 7.445108e-02 4.007252e-07 2.922171e-02 7.806889e-01
5.040000e+08 7.433506e-02 3.975856e-07 2.925268e-02 7.810021e-01
5.050000e+08 7.421944e-02 3.944767e-07 2.928365e-02 7.813143e-01
5.060000e+08 7.410424e-02 3.913982e-07 2.931461e-02 7.816255e-01
5.070000e+08 7.398944e-02 3.883497e-07 2.934557e-02 7.819356e-01
5.080000e+08 7.387504e-02 3.853308e-07 2.937652e-02 7.822448e-01
5.090000e+08 7.376104e-02 3.823413e-07 2.940747e-02 7.825530e-01
5.100000e+08 7.364744e-02 3.793807e-07 2.943842e-02 7.828601e-01
5.110000e+08 7.353424e-02 3.764488e-07 2.946936e-02 7.831663e-01
5.120000e+08 7.342143e-02 3.735452e-07 2.950030e-02 7.834715e-01
5.130000e+08 7.330901e-02 3.706696e-07 2.953124e-02 7.837757e-01
5.140000e+08 7.319698e-02 3.678216e-07 2.956217e-02 7.840790e-01
5.150000e+08 7.308534e-02 3.650009e-07 2.959309e-02 7.843812e-01
5.160000e+08 7.297409e-02 3.622073e-07 2.962402e-02 7.846826e-01
5.170000e+08 7.286321e-02 3.594404e-07 2.965494e-02 7.849829e-01
5.180000e+08 7.275272e-02 3.566999e-07 2.968585e-02 7.852823e-01
5.190000e+08 7.264261e-02 3.539854e-07 2.971676e-02 7.855808e-01
5.200000e+08 7.253287e-02 3.512968e-07 2.974767e-02 7.858783e-01
5.210000e+08 7.242351e-02 3.486337e-07 2.977857e-02 7.861748e-01
5.220000e+08 7.231453e-02 3.459958e-07 2.980947e-02 7.864705e-01
5.230000e+08 7.220591e-02 3.433829e-07 2.984036e-02 7.867652e-01
5.240000e+08 7.209767e-02 3.407946e-07 2.987125e-02 7.870589e-01
5.250000e+08 7.198979e-02 3.382307e-07 2.990213e-02 7.873518e-01
5.260000e+08 7.188227e-02 3.356908e-07 2.993301e-02 7.876437e-01
5.270000e+08 7.177512e-02 3.331748e-07 2.996389e-02 7.879347e-01
5.280000e+08 7.166833e-02 3.306824e-07 2.999476e-02 7.882249e-01
5.290000e+08 7.156190e-02 3.282132e-07 3.002563e-02 7.885141e-01
5.300000e+08 7.145583e-02 3.257671e-07 3.005649e-02 7.888024e-01
5.310000e+08 7.135012e-02 3.233438e-07 3.008735e-02 7.890898e-01
5.320000e+08 7.124475e-02 3.209429e-07 3.011820e-02 7.893763e-01
5.330000e+08 7.113974e-02 3.185644e-07 3.014905e-02 7.896620e-01
5.340000e+08 7.103509e-02 3.162079e-07 3.017990e-02 7.899467e-01
5.350000e+08 7.093077e-02 3.138731e-07 3.021074e-02 7.902306e-01
5.360000e+08 7.082681e-02 3.115599e-07 3.024157e-02 7.905136e-01
5.370000e+08 7.072319e-02 3.092680e-07 3.027241e-02 7.907957e-01
5.380000e+08 7.061991e-02 3.069971e-07 3.030323e-02 7.910770e-01
5.390000e+08 7.051698e-02 3.047471e-07 3.033405e-02 7.913574e-01
5.400000e+08 7.041438e-02 3.025177e-07 3.036487e-02 7.916370e-01
5.410000e+08 7.031213e-02 3.003086e-07 3.039568e-02 7.919157e-01
5.420000e+08 7.021021e-02 2.981197e-07 3.042649e-02 7.921935e-01
5.430000e+08 7.010862e-02 2.959508e-07 3.045730e-02 7.924705e-01
5.440000e+08 7.000736e-02 2.938015e-07 3.048809e-02 7.927467e-01
5.450000e+08 6.990644e-02 2.916718e-07 3.051889e-02 7.930220e-01
5.460000e+08 6.980585e-02 2.895613e-07 3.054968e-02 7.932965e-01
5.470000e+08 6.970558e-02 2.874699e-07 3.058046e-02 7.935702e-01
5.480000e+08 6.960564e-02 2.853974e-07 3.061124e-02 7.938430e-01
5.490000e+08 6.950602e-02 2.833436e-07 3.064202e-02 7.941150e-01
5.500000e+08 6.940673e-02 2.813082e-07 3.067278e-02 7.943862e-01
5.510000e+08 6.930776e-02 2.792911e-07 3.070355e-02 7.946566e-01
5.520000e+08 6.920911e-02 2.772920e-07 3.073431e-02 7.949262e-01
5.530000e+08 6.911077e-02 2.753109e-07 3.076507e-02 7.951950e-01
5.540000e+08 6.901275e-02 2.733474e-07 3.079582e-02 7.954629e-01
5.550000e+08 6.891505e-02 2.714014e-07 3.082656e-02 7.957301e-01
5.560000e+08 6.881766e-02 2.694728e-07 3.085730e-02 7.959965e-01
5.570000e+08 6.872058e-02 2.675612e-07 3.088804e-02 7.962621e-01
5.580000e+08 6.862381e-02 2.656666e-07 3.091877e-02 7.965269e-01
5.590000e+08 6.852735e-02 2.637888e-07 3.094949e-02 7.967909e-01
5.600000e+08 6.843119e-02 2.619275e-07 3.098021e-02 7.970541e-01
5.610000e+08 6.833535e-02 2.600826e-07 3.101093e-02 7.973166e-01
5.620000e+08 6.823980e-02 2.582540e-07 3.104164e-02 7.975782e-01
5.630000e+08 6.814456e-02 2.564415e-07 3.107235e-02 7.978392e-01
5.640000e+08 6.804962e-02 2.546448e-07 3.110305e-02 7.980993e-01
5.650000e+08 6.795498e-02 2.528639e-07 3.113374e-02 7.983587e-01
5.660000e+08 6.786063e-02 2.510985e-07 3.116443e-02 7.986173e-01
5.670000e+08 6.776659e-02 2.493486e-07 3.119512e-02 7.988752e-01
5.680000e+08 6.767283e-02 2.476138e-07 3.122580e-02 7.991323e-01
5.690000e+08 6.757937e-02 2.458942e-07 3.125648e-02 7.993887e-01
5.700000e+08 6.748621e-02 2.441894e-07 3.128715e-02 7.996443e-01
5.710000e+08 6.739333e-02 2.424995e-07 3.131781e-02 7.998992e-01
5.720000e+08 6.730075e-02 2.408241e-07 3.134847e-02 8.001533e-01
5.730000e+08 6.720845e-02 2.391632e-07 3.137913e-02 8.004067e-01
5.740000e+08 6.711644e-02 2.375167e-07 3.140977e-02 8.006594e-01
5.750000e+08 6.702471e-02 2.358843e-07 3.144042e-02 8.009114e-01
5.760000e+08 6.693327e-02 2.342659e-07 3.147106e-02 8.011626e-01
5.770000e+08 6.684211e-02 2.326614e-07 3.150169e-02 8.014131e-01
5.780000e+08 6.675123e-02 2.310706e-07 3.153232e-02 8.016629e-01
5.790000e+08 6.666063e-02 2.294934e-07 3.156295e-02 8.019119e-01
5.800000e+08 6.657031e-02 2.279296e-07 3.159356e-02 8.021603e-01
5.810000e+08 6.648026e-02 2.263792e-07 3.162418e-02 8.024079e-01
5.820000e+08 6.639049e-02 2.248420e-07 3.165478e-02 8.026549e-01
5.830000e+08 6.630100e-02 2.233177e-07 3.168539e-02 8.029011e-01
5.840000e+08 6.621178e-02 2.218064e-07 3.171598e-02 8.031467e-01
5.850000e+08 6.612283e-02 2.203079e-07 3.174658e-02 8.033915e-01
5.860000e+08 6.603415e-02 2.188221e-07 3.177716e-02 8.036356e-01
5.870000e+08 6.594574e-02 2.173487e-07 3.180774e-02 8.038791e-01
5.880000e+08 6.585760e-02 2.158878e-07 3.183832e-02 8.041219e-01
5.890000e+08 6.576973e-02 2.144391e-07 3.186889e-02 8.043639e-01
5.900000e+08 6.568212e-02 2.130026e-07 3.189946e-02 8.046053e-01
5.910000e+08 6.559477e-02 2.115781e-07 3.193002e-02 8.048461e-01
5.920000e+08 6.550769e-02 2.101655e-07 3.196057e-02 8.050861e-01
5.930000e+08 6.542087e-02 2.087646e-07 3.199112e-02 8.053255e-01
5.940000e+08 6.533431e-02 2.073755e-07 3.202167e-02 8.055642e-01
5.950000e+08 6.524801e-02 2.059979e-07 3.205220e-02 8.058022e-01
5.960000e+08 6.516197e-02 2.046317e-07 3.208274e-02 8.060396e-01
5.970000e+08 6.507618e-02 2.032769e-07 3.211327e-02 8.062763e-01
5.980000e+08 6.499065e-02 2.019333e-07 3.214379e-02 8.065124e-01
5.990000e+08 6.490538e-02 2.006007e-07 3.217431e-02 8.067478e-01
6.000000e+08 6.482036e-02 1.992792e-07 3.220482e-02 8.069825e-01
6.010000e+08 6.473559e-02 1.979685e-07 3.223532e-02 8.072166e-01
6.020000e+08 6.465107e-02 1.966686e-07 3.226582e-02 8.074501e-01
6.030000e+08 6.456680e-02 1.953794e-07 3.229632e-02 8.076829e-01
6.040000e+08 6.448278e-02 1.941007e-07 3.232681e-02 8.079151e-01
6.050000e+08 6.439901e-02 1.928325e-07 3.235729e-02 8.081466e-01
6.060000e+08 6.431548e-02 1.915747e-07 3.238777e-02 8.083775e-01
6.070000e+08 6.423220e-02 1.903271e-07 3.241825e-02 8.086078e-01
6.080000e+08 6.414917e-02 1.890896e-07 3.244871e-02 8.088374e-01
6.090000e+08 6.406637e-02 1.878622e-07 3.247918e-02 8.090664e-01
6.100000e+08 6.398382e-02 1.866448e-07 3.250963e-02 8.092948e-01
6.110000e+08 6.390151e-02 1.854372e-07 3.254008e-02 8.095225e-01
6.120000e+08 6.381944e-02 1.842394e-07 3.257053e-02 8.097497e-01
6.130000e+08 6.373761e-02 1.830512e-07 3.260097e-02 8.099762e-01
6.140000e+08 6.365601e-02 1.818727e-07 3.263141e-02 8.102021e-01
6.150000e+08 6.357466e-02 1.807036e-07 3.266184e-02 8.104274e-01
6.160000e+08 6.349353e-02 1.795439e-07 3.269226e-02 8.106521e-01
6.170000e+08 6.341265e-02 1.783935e-07 3.272268e-02 8.108762e-01
6.180000e+08 6.333199e-02 1.772523e-07 3.275309e-02 8.110996e-01
6.190000e+08 6.325157e-02 1.761202e-07 3.278350e-02 8.113225e-01
6.200000e+08 6.317138e-02 1.749972e-07 3.281390e-02 8.115448e-01
6.210000e+08 6.309142e-02 1.738831e-07 3.284430e-02 8.117664e-01
6.220000e+08 6.301168e-02 1.727779e-07 3.287469e-02 8.119875e-01
6.230000e+08 6.293218e-02 1.716815e-07 3.290507e-02 8.122080e-01
6.240000e+08 6.285290e-02 1.705937e-07 3.293545e-02 8.124279e-01
6.250000e+08 6.277385e-02 1.695146e-07 3.296583e-02 8.126472e-01
6.260000e+08 6.269503e-02 1.684440e-07 3.299619e-02 8.128660e-01
6.270000e+08 6.261643e-02 1.673819e-07 3.302656e-02 8.130841e-01
6.280000e+08 6.253805e-02 1.663281e-07 3.305691e-02 8.133017e-01
6.290000e+08 6.245989e-02 1.652826e-07 3.308726e-02 8.135187e-01
6.300000e+08 6.238196e-02 1.642453e-07 3.311761e-02 8.137351e-01
6.310000e+08 6.230424e-02 1.632162e-07 3.314795e-02 8.139510e-01
6.320000e+08 6.222675e-02 1.621951e-07 3.317829e-02 8.141662e-01
6.330000e+08 6.214947e-02 1.611820e-07 3.320861e-02 8.143809e-01
6.340000e+08 6.207241e-02 1.601768e-07 3.323894e-02 8.145951e-01
6.350000e+08 6.199557e-02 1.591795e-07 3.326926e-02 8.148087e-01
6.360000e+08 6.191894e-02 1.581899e-07 3.329957e-02 8.150217e-01
6.370000e+08 6.184253e-02 1.572080e-07 3.332987e-02 8.152342e-01
6.380000e+08 6.176633e-02 1.562337e-07 3.336018e-02 8.154461e-01
6.390000e+08 6.169034e-02 1.552670e-07 3.339047e-02 8.156574e-01
6.400000e+08 6.161457e-02 1.543077e-07 3.342076e-02 8.158682e-01
6.410000e+08 6.153900e-02 1.533558e-07 3.345104e-02 8.160785e-01
6.420000e+08 6.146365e-02 1.524113e-07 3.348132e-02 8.162882e-01
6.430000e+08 6.138850e-02 1.514741e-07 3.351159e-02 8.164974e-01
6.440000e+08 6.131357e-02 1.505440e-07 3.354186e-02 8.167060e-01
6.450000e+08 6.123884e-02 1.496211e-07 3.357212e-02 8.169141e-01
6.460000e+08 6.116431e-02 1.487053e-07 3.360238e-02 8.171216e-01
6.470000e+08 6.108999e-02 1.477965e-07 3.363263e-02 8.173286e-01
6.480000e+08 6.101588e-02 1.468946e-07 3.366287e-02 8.175351e-01
6.490000e+08 6.094197e-02 1.459996e-07 3.369311e-02 8.177410e-01
6.500000e+08 6.086826e-02 1.451114e-07 3.372334e-02 8.179464e-01
6.510000e+08 6.079475e-02 1.442299e-07 3.375357e-02 8.181513e-01
6.520000e+08 6.072145e-02 1.433552e-07 3.378379e-02 8.183557e-01
6.530000e+08 6.064834e-02 1.424871e-07 3.381401e-02 8.185595e-01
6.540000e+08 6.057544e-02 1.416255e-07 3.384422e-02 8.187628e-01
6.550000e+08 6.050273e-02 1.407705e-07 3.387442e-02 8.189656e-01
6.560000e+08 6.043022e-02 1.399219e-07 3.390462e-02 8.191679e-01
6.570000e+08 6.035791e-02 1.390797e-07 3.393482e-02 8.193697e-01
6.580000e+08 6.028579e-02 1.382438e-07 3.396500e-02 8.195709e-01
6.590000e+08 6.021387e-02 1.374142e-07 3.399518e-02 8.197717e-01
6.600000e+08 6.014215e-02 1.365909e-07 3.402536e-02 8.199719e-01
6.610000e+08 6.007061e-02 1.357737e-07 3.405553e-02 8.201716e-01
6.620000e+08 5.999927e-02 1.349626e-07 3.408569e-02 8.203708e-01
6.630000e+08 5.992812e-02 1.341576e-07 3.411585e-02 8.205695e-01
6.640000e+08 5.985717e-02 1.333586e-07 3.414601e-02 8.207678e-01
6.650000e+08 5.978640e-02 1.325655e-07 3.417615e-02 8.209655e-01
6.660000e+08 5.971582e-02 1.317783e-07 3.420630e-02 8.211627e-01
6.670000e+08 5.964543e-02 1.309970e-07 3.423643e-02 8.213594e-01
6.680000e+08 5.957523e-02 1.302214e-07 3.426656e-02 8.215557e-01
6.690000e+08 5.950521e-02 1.294516e-07 3.429669e-02 8.217514e-01
6.700000e+08 5.943539e-02 1.286875e-07 3.432680e-02 8.219467e-01
6.710000e+08 5.936574e-02 1.279290e-07 3.435692e-02 8.221414e-01
6.720000e+08 5.929629e-02 1.271761e-07 3.438703e-02 8.223357e-01
6.730000e+08 5.922701e-02 1.264288e-07 3.441713e-02 8.225295e-01
6.740000e+08 5.915792e-02 1.256869e-07 3.444722e-02 8.227228e-01
6.750000e+08 5.908902e-02 1.249505e-07 3.447731e-02 8.229157e-01
6.760000e+08 5.902029e-02 1.242194e-07 3.450740e-02 8.231080e-01
6.770000e+08 5.895175e-02 1.234937e-07 3.453748e-02 8.232999e-01
6.780000e+08 5.888338e-02 1.227734e-07 3.456755e-02 8.234913e-01
6.790000e+08 5.881520e-02 1.220582e-07 3.459762e-02 8.236822e-01
6.800000e+08 5.874719e-02 1.213483e-07 3.462768e-02 8.238727e-01
6.810000e+08 5.867936e-02 1.206435e-07 3.465773e-02 8.240627e-01
6.820000e+08 5.861171e-02 1.199439e-07 3.468778e-02 8.242522e-01
6.830000e+08 5.854424e-02 1.192493e-07 3.471783e-02 8.244413e-01
6.840000e+08 5.847694e-02 1.185597e-07 3.474787e-02 8.246299e-01
6.850000e+08 5.840982e-02 1.178752e-07 3.477790e-02 8.248180e-01
6.860000e+08 5.834287e-02 1.171955e-07 3.480792e-02 8.250057e-01
6.870000e+08 5.827610e-02 1.165208e-07 3.483795e-02 8.251929e-01
6.880000e+08 5.820950e-02 1.158509e-07 3.486796e-02 8.253797e-01
6.890000e+08 5.814307e-02 1.151859e-07 3.489797e-02 8.255660e-01
6.900000e+08 5.807681e-02 1.145256e-07 3.492797e-02 8.257519e-01
6.910000e+08 5.801072e-02 1.138700e-07 3.495797e-02 8.259373e-01
6.920000e+08 5.794481e-02 1.132191e-07 3.498797e-02 8.261222e-01
6.930000e+08 5.787906e-02 1.125729e-07 3.501795e-02 8.263067e-01
6.940000e+08 5.781349e-02 1.119313e-07 3.504793e-02 8.264908e-01
6.950000e+08 5.774808e-02 1.112943e-07 3.507791e-02 8.266744e-01
6.960000e+08 5.768284e-02 1.106618e-07 3.510788e-02 8.268576e-01
6.970000e+08 5.761776e-02 1.100338e-07 3.513784e-02 8.270403e-01
6.980000e+08 5.755285e-02 1.094102e-07 3.516780e-02 8.272226e-01
6.990000e+08 5.748811e-02 1.087911e-07 3.519775e-02 8.274045e-01
7.000000e+08 5.742353e-02 1.081763e-07 3.522770e-02 8.275859e-01
7.010000e+08 5.735912e-02 1.075659e-07 3.525764e-02 8.277669e-01
7.020000e+08 5.729487e-02 1.069598e-07 3.528757e-02 8.279475e-01
7.030000e+08 5.723079e-02 1.063579e-07 3.531750e-02 8.281276e-01
7.040000e+08 5.716686e-02 1.057603e-07 3.534743e-02 8.283073e-01
7.050000e+08 5.710310e-02 1.051669e-07 3.537734e-02 8.284866e-01
7.060000e+08 5.703950e-02 1.045776e-07 3.540726e-02 8.286654e-01
7.070000e+08 5.697606e-02 1.039925e-07 3.543716e-02 8.288438e-01
7.080000e+08 5.691278e-02 1.034115e-07 3.546706e-02 8.290218e-01
7.090000e+08 5.684966e-02 1.028345e-07 3.549696e-02 8.291994e-01
7.100000e+08 5.678669e-02 1.022616e-07 3.552685e-02 8.293765e-01
7.110000e+08 5.672389e-02 1.016926e-07 3.555673e-02 8.295533e-01
7.120000e+08 5.666124e-02 1.011276e-07 3.558661e-02 8.297296e-01
7.130000e+08 5.659875e-02 1.005665e-07 3.561648e-02 8.299055e-01
7.140000e+08 5.653642e-02 1.000093e-07 3.564635e-02 8.300810e-01
7.150000e+08 5.647424e-02 9.945601e-08 3.567621e-02 8.302560e-01
7.160000e+08 5.641221e-02 9.890651e-08 3.570606e-02 8.304307e-01
7.170000e+08 5.635034e-02 9.836080e-08 3.573591e-02 8.306050e-01
7.180000e+08 5.628863e-02 9.781886e-08 3.576575e-02 8.307788e-01
7.190000e+08 5.622706e-02 9.728065e-08 3.579559e-02 8.309522e-01
7.200000e+08 5.616565e-02 9.674614e-08 3.582542e-02 8.311253e-01
7.210000e+08 5.610439e-02 9.621530e-08 3.585525e-02 8.312979e-01
7.220000e+08 5.604329e-02 9.568810e-08 3.588507e-02 8.314701e-01
7.230000e+08 5.598233e-02 9.516452e-08 3.591488e-02 8.316420e-01
7.240000e+08 5.592152e-02 9.464451e-08 3.594469e-02 8.318134e-01
7.250000e+08 5.586087e-02 9.412806e-08 3.597449e-02 8.319844e-01
7.260000e+08 5.580036e-02 9.361513e-08 3.600429e-02 8.321551e-01
7.270000e+08 5.574000e-02 9.310570e-08 3.603408e-02 8.323253e-01
7.280000e+08 5.567979e-02 9.259973e-08 3.606387e-02 8.324951e-01
7.290000e+08 5.561973e-02 9.209719e-08 3.609365e-02 8.326646e-01
7.300000e+08 5.555981e-02 9.159807e-08 3.612342e-02 8.328337e-01
7.310000e+08 5.550004e-02 9.110233e-08 3.615319e-02 8.330023e-01
7.320000e+08 5.544041e-02 9.060994e-08 3.618295e-02 8.331706e-01
7.330000e+08 5.538093e-02 9.012088e-08 3.621271e-02 8.333385e-01
7.340000e+08 5.532160e-02 8.963512e-08 3.624246e-02 8.335060e-01
7.350000e+08 5.526241e-02 8.915263e-08 3.627221e-02 8.336732e-01
7.360000e+08 5.520336e-02 8.867339e-08 3.630195e-02 8.338399e-01
7.370000e+08 5.514445e-02 8.819737e-08 3.633168e-02 8.340063e-01
7.380000e+08 5.508569e-02 8.772454e-08 3.636141e-02 8.341723e-01
7.390000e+08 5.502707e-02 8.725488e-08 3.639113e-02 8.343379e-01
7.400000e+08 5.496859e-02 8.678837e-08 3.642085e-02 8.345031e-01
7.410000e+08 5.491025e-02 8.632497e-08 3.645056e-02 8.346680e-01
7.420000e+08 5.485205e-02 8.586467e-08 3.648027e-02 8.348325e-01
7.430000e+08 5.479400e-02 8.540743e-08 3.650997e-02 8.349966e-01
7.440000e+08 5.473608e-02 8.495324e-08 3.653966e-02 8.351603e-01
7.450000e+08 5.467830e-02 8.450207e-08 3.656935e-02 8.353237e-01
7.460000e+08 5.462065e-02 8.405389e-08 3.659903e-02 8.354867e-01
7.470000e+08 5.456315e-02 8.360868e-08 3.662871e-02 8.356494e-01
7.480000e+08 5.450578e-02 8.316643e-08 3.665838e-02 8.358116e-01
7.490000e+08 5.444855e-02 8.272709e-08 3.668805e-02 8.359735e-01
7.500000e+08 5.439145e-02 8.229066e-08 3.671771e-02 8.361351e-01
7.510000e+08 5.433450e-02 8.185711e-08 3.674736e-02 8.362963e-01
7.520000e+08 5.427767e-02 8.142641e-08 3.677701e-02 8.364571e-01
7.530000e+08 5.422098e-02 8.099855e-08 3.680665e-02 8.366175e-01
7.540000e+08 5.416443e-02 8.057349e-08 3.683629e-02 8.367776e-01
7.550000e+08 5.410801e-02 8.015123e-08 3.686592e-02 8.369374e-01
7.560000e+08 5.405172e-02 7.973173e-08 3.689555e-02 8.370968e-01
7.570000e+08 5.399556e-02 7.931497e-08 3.692517e-02 8.372558e-01
7.580000e+08 5.393954e-02 7.890094e-08 3.695478e-02 8.374145e-01
7.590000e+08 5.388365e-02 7.848961e-08 3.698439e-02 8.375728e-01
7.600000e+08 5.382788e-02 7.808096e-08 3.701399e-02 8.377308e-01
7.610000e+08 5.377225e-02 7.767497e-08 3.704359e-02 8.378884e-01
7.620000e+08 5.371676e-02 7.727163e-08 3.707318e-02 8.380457e-01
7.630000e+08 5.366139e-02 7.687089e-08 3.710277e-02 8.382026e-01
7.640000e+08 5.360614e-02 7.647276e-08 3.713235e-02 8.383592e-01
7.650000e+08 5.355103e-02 7.607721e-08 3.716192e-02 8.385154e-01
7.660000e+08 5.349605e-02 7.568421e-08 3.719149e-02 8.386713e-01
7.670000e+08 5.344119e-02 7.529375e-08 3.722106e-02 8.388268e-01
7.680000e+08 5.338647e-02 7.490581e-08 3.725061e-02 8.389821e-01
7.690000e+08 5.333187e-02 7.452037e-08 3.728017e-02 8.391369e-01
7.700000e+08 5.327739e-02 7.413740e-08 3.730971e-02 8.392914e-01
7.710000e+08 5.322304e-02 7.375690e-08 3.733925e-02 8.394456e-01
7.720000e+08 5.316882e-02 7.337884e-08 3.736879e-02 8.395995e-01
7.730000e+08 5.311472e-02 7.300320e-08 3.739832e-02 8.397530e-01
7.740000e+08 5.306075e-02 7.262997e-08 3.742784e-02 8.399062e-01
7.750000e+08 5.300690e-02 7.225912e-08 3.745736e-02 8.400590e-01
7.760000e+08 5.295318e-02 7.189064e-08 3.748687e-02 8.402115e-01
7.770000e+08 5.289957e-02 7.152451e-08 3.751638e-02 8.403637e-01
7.780000e+08 5.284610e-02 7.116071e-08 3.754588e-02 8.405156e-01
7.790000e+08 5.279274e-02 7.079922e-08 3.757538e-02 8.406671e-01
7.800000e+08 5.273951e-02 7.044003e-08 3.760487e-02 8.408183e-01
7.810000e+08 5.268639e-02 7.008311e-08 3.763435e-02 8.409692e-01
7.820000e+08 5.263340e-02 6.972846e-08 3.766383e-02 8.411197e-01
7.830000e+08 5.258053e-02 6.937605e-08 3.769330e-02 8.412699e-01
7.840000e+08 5.252778e-02 6.902587e-08 3.772277e-02 8.414198e-01
7.850000e+08 5.247515e-02 6.867790e-08 3.775223e-02 8.415694e-01
7.860000e+08 5.242264e-02 6.833212e-08 3.778169e-02 8.417187e-01
7.870000e+08 5.237025e-02 6.798852e-08 3.781114e-02 8.418676e-01
7.880000e+08 5.231798e-02 6.764707e-08 3.784058e-02 8.420162e-01
7.890000e+08 5.226582e-02 6.730777e-08 3.787002e-02 8.421645e-01
7.900000e+08 5.221379e-02 6.697060e-08 3.789946e-02 8.423125e-01
7.910000e+08 5.216187e-02 6.663554e-08 3.792889e-02 8.424602e-01
7.920000e+08 5.211006e-02 6.630258e-08 3.795831e-02 8.426075e-01
7.930000e+08 5.205838e-02 6.597170e-08 3.798772e-02 8.427545e-01
7.940000e+08 5.200681e-02 6.564288e-08 3.801714e-02 8.429013e-01
7.950000e+08 5.195535e-02 6.531611e-08 3.804654e-02 8.430477e-01
7.960000e+08 5.190401e-02 6.499137e-08 3.807594e-02 8.431938e-01
7.970000e+08 5.185279e-02 6.466865e-08 3.810534e-02 8.433395e-01
7.980000e+08 5.180168e-02 6.434794e-08 3.813473e-02 8.434850e-01
7.990000e+08 5.175069e-02 6.402921e-08 3.816411e-02 8.436302e-01
8.000000e+08 5.169981e-02 6.371246e-08 3.819349e-02 8.437751e-01
8.010000e+08 5.164904e-02 6.339767e-08 3.822286e-02 8.439196e-01
8.020000e+08 5.159838e-02 6.308482e-08 3.825223e-02 8.440639e-01
8.030000e+08 5.154784e-02 6.277390e-08 3.828159e-02 8.442078e-01
8.040000e+08 5.149741e-02 6.246490e-08 3.831094e-02 8.443515e-01
8.050000e+08 5.144709e-02 6.215780e-08 3.834029e-02 8.444948e-01
8.060000e+08 5.139688e-02 6.185259e-08 3.836964e-02 8.446379e-01
8.070000e+08 5.134679e-02 6.154925e-08 3.839898e-02 8.447806e-01
8.080000e+08 5.129680e-02 6.124777e-08 3.842831e-02 8.449231e-01
8.090000e+08 5.124693e-02 6.094814e-08 3.845764e-02 8.450652e-01
8.100000e+08 5.119716e-02 6.065034e-08 3.848696e-02 8.452071e-01
8.110000e+08 5.114751e-02 6.035436e-08 3.851628e-02 8.453486e-01
8.120000e+08 5.109796e-02 6.006018e-08 3.854559e-02 8.454899e-01
8.130000e+08 5.104852e-02 5.976780e-08 3.857489e-02 8.456309e-01
8.140000e+08 5.099919e-02 5.947720e-08 3.860419e-02 8.457715e-01
8.150000e+08 5.094997e-02 5.918836e-08 3.863349e-02 8.459119e-01
8.160000e+08 5.090086e-02 5.890128e-08 3.866278e-02 8.460520e-01
8.170000e+08 5.085185e-02 5.861594e-08 3.869206e-02 8.461918e-01
8.180000e+08 5.080295e-02 5.833232e-08 3.872134e-02 8.463313e-01
8.190000e+08 5.075416e-02 5.805043e-08 3.875061e-02 8.464705e-01
8.200000e+08 5.070547e-02 5.777023e-08 3.877988e-02 8.466095e-01
8.210000e+08 5.065689e-02 5.749173e-08 3.880914e-02 8.467481e-01
8.220000e+08 5.060842e-02 5.721490e-08 3.883839e-02 8.468865e-01
8.230000e+08 5.056005e-02 5.693975e-08 3.886764e-02 8.470246e-01
8.240000e+08 5.051178e-02 5.666624e-08 3.889689e-02 8.471624e-01
8.250000e+08 5.046362e-02 5.639438e-08 3.892613e-02 8.472999e-01
8.260000e+08 5.041556e-02 5.612415e-08 3.895536e-02 8.474371e-01
8.270000e+08 5.036761e-02 5.585554e-08 3.898459e-02 8.475741e-01
8.280000e+08 5.031976e-02 5.558854e-08 3.901381e-02 8.477107e-01
8.290000e+08 5.027201e-02 5.532313e-08 3.904303e-02 8.478471e-01
8.300000e+08 5.022437e-02 5.505930e-08 3.907224e-02 8.479832e-01
8.310000e+08 5.017683e-02 5.479705e-08 3.910145e-02 8.481191e-01
8.320000e+08 5.012939e-02 5.453636e-08 3.913065e-02 8.482546e-01
8.330000e+08 5.008205e-02 5.427723e-08 3.915984e-02 8.483899e-01
8.340000e+08 5.003481e-02 5.401963e-08 3.918903e-02 8.485249e-01
8.350000e+08 4.998768e-02 5.376356e-08 3.921822e-02 8.486597e-01
8.360000e+08 4.994064e-02 5.350901e-08 3.924740e-02 8.487941e-01
8.370000e+08 4.989370e-02 5.325596e-08 3.927657e-02 8.489283e-01
8.380000e+08 4.984687e-02 5.300441e-08 3.930574e-02 8.490622e-01
8.390000e+08 4.980013e-02 5.275435e-08 3.933490e-02 8.491959e-01
8.400000e+08 4.975350e-02 5.250576e-08 3.936406e-02 8.493293e-01
8.410000e+08 4.970696e-02 5.225864e-08 3.939321e-02 8.494624e-01
8.420000e+08 4.966052e-02 5.201297e-08 3.942235e-02 8.495952e-01
8.430000e+08 4.961418e-02 5.176874e-08 3.945149e-02 8.497278e-01
8.440000e+08 4.956794e-02 5.152595e-08 3.948063e-02 8.498601e-01
8.450000e+08 4.952179e-02 5.128458e-08 3.950976e-02 8.499922e-01
8.460000e+08 4.947575e-02 5.104463e-08 3.953888e-02 8.501239e-01
8.470000e+08 4.942980e-02 5.080608e-08 3.956800e-02 8.502555e-01
8.480000e+08 4.938394e-02 5.056892e-08 3.959712e-02 8.503867e-01
8.490000e+08 4.933819e-02 5.033315e-08 3.962622e-02 8.505177e-01
8.500000e+08 4.929253e-02 5.009875e-08 3.965533e-02 8.506484e-01
8.510000e+08 4.924696e-02 4.986572e-08 3.968442e-02 8.507789e-01
8.520000e+08 4.920149e-02 4.963404e-08 3.971352e-02 8.509091e-01
8.530000e+08 4.915612e-02 4.940371e-08 3.974260e-02 8.510391e-01
8.540000e+08 4.911084e-02 4.917471e-08 3.977168e-02 8.511688e-01
8.550000e+08 4.906565e-02 4.894704e-08 3.980076e-02 8.512982e-01
8.560000e+08 4.902056e-02 4.872069e-08 3.982983e-02 8.514274e-01
8.570000e+08 4.897556e-02 4.849565e-08 3.985889e-02 8.515563e-01
8.580000e+08 4.893066e-02 4.827191e-08 3.988795e-02 8.516850e-01
8.590000e+08 4.888585e-02 4.804946e-08 3.991701e-02 8.518134e-01
8.600000e+08 4.884113e-02 4.782829e-08 3.994605e-02 8.519415e-01
8.610000e+08 4.879651e-02 4.760839e-08 3.997510e-02 8.520695e-01
8.620000e+08 4.875197e-02 4.738976e-08 4.000413e-02 8.521971e-01
8.630000e+08 4.870753e-02 4.717239e-08 4.003317e-02 8.523245e-01
8.640000e+08 4.866319e-02 4.695626e-08 4.006219e-02 8.524517e-01
8.650000e+08 4.861893e-02 4.674136e-08 4.009122e-02 8.525786e-01
8.660000e+08 4.857476e-02 4.652770e-08 4.012023e-02 8.527052e-01
8.670000e+08 4.853069e-02 4.631526e-08 4.014924e-02 8.528317e-01
8.680000e+08 4.848670e-02 4.610403e-08 4.017825e-02 8.529578e-01
8.690000e+08 4.844281e-02 4.589401e-08 4.020725e-02 8.530837e-01
8.700000e+08 4.839901e-02 4.568518e-08 4.023624e-02 8.532094e-01
8.710000e+08 4.835529e-02 4.547754e-08 4.026523e-02 8.533348e-01
8.720000e+08 4.831167e-02 4.527108e-08 4.029422e-02 8.534600e-01
8.730000e+08 4.826813e-02 4.506580e-08 4.032319e-02 8.535850e-01
8.740000e+08 4.822469e-02 4.486167e-08 4.035217e-02 8.537097e-01
8.750000e+08 4.818133e-02 4.465871e-08 4.038114e-02 8.538341e-01
8.760000e+08 4.813806e-02 4.445689e-08 4.041010e-02 8.539583e-01
8.770000e+08 4.809488e-02 4.425621e-08 4.043906e-02 8.540823e-01
8.780000e+08 4.805179e-02 4.405667e-08 4.046801e-02 8.542060e-01
8.790000e+08 4.800878e-02 4.385824e-08 4.049695e-02 8.543295e-01
8.800000e+08 4.796586e-02 4.366094e-08 4.052590e-02 8.544528e-01
8.810000e+08 4.792303e-02 4.346475e-08 4.055483e-02 8.545758e-01
8.820000e+08 4.788028e-02 4.326966e-08 4.058376e-02 8.546986e-01
8.830000e+08 4.783763e-02 4.307566e-08 4.061269e-02 8.548211e-01
8.840000e+08 4.779505e-02 4.288275e-08 4.064161e-02 8.549434e-01
8.850000e+08 4.775257e-02 4.269093e-08 4.067052e-02 8.550655e-01
8.860000e+08 4.771017e-02 4.250017e-08 4.069943e-02 8.551874e-01
8.870000e+08 4.766785e-02 4.231048e-08 4.072834e-02 8.553090e-01
8.880000e+08 4.762562e-02 4.212185e-08 4.075723e-02 8.554303e-01
8.890000e+08 4.758347e-02 4.193427e-08 4.078613e-02 8.555515e-01
8.900000e+08 4.754141e-02 4.174774e-08 4.081502e-02 8.556724e-01
8.910000e+08 4.749944e-02 4.156224e-08 4.084390e-02 8.557931e-01
8.920000e+08 4.745754e-02 4.137777e-08 4.087278e-02 8.559135e-01
8.930000e+08 4.741573e-02 4.119433e-08 4.090165e-02 8.560338e-01
8.940000e+08 4.737401e-02 4.101190e-08 4.093052e-02 8.561538e-01
8.950000e+08 4.733236e-02 4.083049e-08 4.095938e-02 8.562735e-01
8.960000e+08 4.729081e-02 4.065008e-08 4.098823e-02 8.563931e-01
8.970000e+08 4.724933e-02 4.047066e-08 4.101709e-02 8.565124e-01
8.980000e+08 4.720793e-02 4.029224e-08 4.104593e-02 8.566315e-01
8.990000e+08 4.716662e-02 4.011480e-08 4.107477e-02 8.567503e-01
9.000000e+08 4.712539e-02 3.993833e-08 4.110361e-02 8.568690e-01
9.010000e+08 4.708424e-02 3.976284e-08 4.113244e-02 8.569874e-01
9.020000e+08 4.704318e-02 3.958831e-08 4.116126e-02 8.571056e-01
9.030000e+08 4.700219e-02 3.941474e-08 4.119008e-02 8.572235e-01
9.040000e+08 4.696128e-02 3.924212e-08 4.121890e-02 8.573413e-01
9.050000e+08 4.692046e-02 3.907044e-08 4.124771e-02 8.574588e-01
9.060000e+08 4.687972e-02 3.889971e-08 4.127651e-02 8.575761e-01
9.070000e+08 4.683905e-02 3.872991e-08 4.130531e-02 8.576932e-01
9.080000e+08 4.679847e-02 3.856103e-08 4.133410e-02 8.578101e-01
9.090000e+08 4.675796e-02 3.839308e-08 4.136289e-02 8.579267e-01
9.100000e+08 4.671754e-02 3.822604e-08 4.139167e-02 8.580431e-01
9.110000e+08 4.667719e-02 3.805991e-08 4.142045e-02 8.581594e-01
9.120000e+08 4.663693e-02 3.789468e-08 4.144923e-02 8.582754e-01
9.130000e+08 4.659674e-02 3.773035e-08 4.147799e-02 8.583911e-01
9.140000e+08 4.655663e-02 3.756691e-08 4.150675e-02 8.585067e-01
9.150000e+08 4.651660e-02 3.740435e-08 4.153551e-02 8.586220e-01
9.160000e+08 4.647665e-02 3.724268e-08 4.156426e-02 8.587372e-01
9.170000e+08 4.643677e-02 3.708187e-08 4.159301e-02 8.588521e-01
9.180000e+08 4.639697e-02 3.692194e-08 4.162175e-02 8.589668e-01
9.190000e+08 4.635725e-02 3.676287e-08 4.165049e-02 8.590813e-01
9.200000e+08 4.631761e-02 3.660466e-08 4.167922e-02 8.591956e-01
9.210000e+08 4.627804e-02 3.644729e-08 4.170795e-02 8.593097e-01
9.220000e+08 4.623855e-02 3.629078e-08 4.173667e-02 8.594235e-01
9.230000e+08 4.619914e-02 3.613510e-08 4.176538e-02 8.595372e-01
9.240000e+08 4.615980e-02 3.598026e-08 4.179409e-02 8.596506e-01
9.250000e+08 4.612054e-02 3.582625e-08 4.182280e-02 8.597639e-01
9.260000e+08 4.608136e-02 3.567306e-08 4.185150e-02 8.598769e-01
9.270000e+08 4.604225e-02 3.552070e-08 4.188019e-02 8.599897e-01
9.280000e+08 4.600321e-02 3.536914e-08 4.190888e-02 8.601023e-01
9.290000e+08 4.596425e-02 3.521840e-08 4.193757e-02 8.602147e-01
9.300000e+08 4.592537e-02 3.506846e-08 4.196625e-02 8.603269e-01
9.310000e+08 4.588656e-02 3.491931e-08 4.199492e-02 8.604389e-01
9.320000e+08 4.584782e-02 3.477096e-08 4.202359e-02 8.605507e-01
9.330000e+08 4.580916e-02 3.462340e-08 4.205225e-02 8.606623e-01
9.340000e+08 4.577057e-02 3.447662e-08 4.208091e-02 8.607737e-01
9.350000e+08 4.573205e-02 3.433062e-08 4.210957e-02 8.608849e-01
9.360000e+08 4.569361e-02 3.418539e-08 4.213822e-02 8.609958e-01
9.370000e+08 4.565525e-02 3.404093e-08 4.216686e-02 8.611066e-01
9.380000e+08 4.561695e-02 3.389724e-08 4.219550e-02 8.612172e-01
9.390000e+08 4.557873e-02 3.375430e-08 4.222413e-02 8.613276e-01
9.400000e+08 4.554058e-02 3.361212e-08 4.225276e-02 8.614378e-01
9.410000e+08 4.550250e-02 3.347068e-08 4.228138e-02 8.615477e-01
9.420000e+08 4.546450e-02 3.332999e-08 4.231000e-02 8.616575e-01
9.430000e+08 4.542656e-02 3.319004e-08 4.233861e-02 8.617671e-01
9.440000e+08 4.538870e-02 3.305082e-08 4.236722e-02 8.618765e-01
9.450000e+08 4.535091e-02 3.291234e-08 4.239582e-02 8.619857e-01
9.460000e+08 4.531319e-02 3.277458e-08 4.242442e-02 8.620946e-01
9.470000e+08 4.527555e-02 3.263754e-08 4.245301e-02 8.622034e-01
9.480000e+08 4.523797e-02 3.250122e-08 4.248160e-02 8.623120e-01
9.490000e+08 4.520047e-02 3.236561e-08 4.251018e-02 8.624204e-01
9.500000e+08 4.516303e-02 3.223070e-08 4.253876e-02 8.625286e-01
9.510000e+08 4.512567e-02 3.209650e-08 4.256733e-02 8.626367e-01
9.520000e+08 4.508837e-02 3.196300e-08 4.259590e-02 8.627445e-01
9.530000e+08 4.505115e-02 3.183020e-08 4.262446e-02 8.628521e-01
9.540000e+08 4.501399e-02 3.169808e-08 4.265302e-02 8.629595e-01
9.550000e+08 4.497690e-02 3.156665e-08 4.268157e-02 8.630668e-01
9.560000e+08 4.493989e-02 3.143590e-08 4.271012e-02 8.631738e-01
9.570000e+08 4.490294e-02 3.130583e-08 4.273866e-02 8.632807e-01
9.580000e+08 4.486606e-02 3.117643e-08 4.276720e-02 8.633874e-01
9.590000e+08 4.482925e-02 3.104770e-08 4.279573e-02 8.634938e-01
9.600000e+08 4.479251e-02 3.091963e-08 4.282426e-02 8.636001e-01
9.610000e+08 4.475584e-02 3.079223e-08 4.285278e-02 8.637062e-01
9.620000e+08 4.471923e-02 3.066548e-08 4.288130e-02 8.638122e-01
9.630000e+08 4.468269e-02 3.053938e-08 4.290981e-02 8.639179e-01
9.640000e+08 4.464622e-02 3.041394e-08 4.293831e-02 8.640234e-01
9.650000e+08 4.460982e-02 3.028913e-08 4.296682e-02 8.641288e-01
9.660000e+08 4.457349e-02 3.016497e-08 4.299531e-02 8.642340e-01
9.670000e+08 4.453722e-02 3.004144e-08 4.302380e-02 8.643389e-01
9.680000e+08 4.450102e-02 2.991855e-08 4.305229e-02 8.644437e-01
9.690000e+08 4.446488e-02 2.979629e-08 4.308077e-02 8.645484e-01
9.700000e+08 4.442882e-02 2.967465e-08 4.310925e-02 8.646528e-01
9.710000e+08 4.439281e-02 2.955363e-08 4.313772e-02 8.647570e-01
9.720000e+08 4.435688e-02 2.943323e-08 4.316619e-02 8.648611e-01
9.730000e+08 4.432101e-02 2.931344e-08 4.319465e-02 8.649650e-01
9.740000e+08 4.428521e-02 2.919426e-08 4.322311e-02 8.650687e-01
9.750000e+08 4.424947e-02 2.907569e-08 4.325156e-02 8.651722e-01
9.760000e+08 4.421380e-02 2.895772e-08 4.328000e-02 8.652755e-01
9.770000e+08 4.417819e-02 2.884034e-08 4.330845e-02 8.653787e-01
9.780000e+08 4.414265e-02 2.872357e-08 4.333688e-02 8.654817e-01
9.790000e+08 4.410717e-02 2.860738e-08 4.336532e-02 8.655845e-01
9.800000e+08 4.407176e-02 2.849178e-08 4.339374e-02 8.656871e-01
9.810000e+08 4.403641e-02 2.837677e-08 4.342216e-02 8.657895e-01
9.820000e+08 4.400112e-02 2.826234e-08 4.345058e-02 8.658918e-01
9.830000e+08 4.396590e-02 2.814848e-08 4.347899e-02 8.659939e-01
9.840000e+08 4.393075e-02 2.803520e-08 4.350740e-02 8.660958e-01
9.850000e+08 4.389565e-02 2.792249e-08 4.353580e-02 8.661975e-01
9.860000e+08 4.386062e-02 2.781034e-08 4.356420e-02 8.662991e-01
9.870000e+08 4.382566e-02 2.769876e-08 4.359259e-02 8.664005e-01
9.880000e+08 4.379076e-02 2.758774e-08 4.362098e-02 8.665017e-01
9.890000e+08 4.375592e-02 2.747727e-08 4.364936e-02 8.666027e-01
9.900000e+08 4.372114e-02 2.736736e-08 4.367774e-02 8.667036e-01
9.910000e+08 4.368643e-02 2.725800e-08 4.370611e-02 8.668042e-01
9.920000e+08 4.365177e-02 2.714918e-08 4.373448e-02 8.669047e-01
9.930000e+08 4.361719e-02 2.704091e-08 4.376284e-02 8.670051e-01
9.940000e+08 4.358266e-02 2.693317e-08 4.379120e-02 8.671052e-01
9.950000e+08 4.354819e-02 2.682598e-08 4.381955e-02 8.672052e-01
9.960000e+08 4.351379e-02 2.671931e-08 4.384790e-02 8.673051e-01
9.970000e+08 4.347945e-02 2.661318e-08 4.387624e-02 8.674047e-01
9.980000e+08 4.344517e-02 2.650758e-08 4.390458e-02 8.675042e-01
9.990000e+08 4.341095e-02 2.640250e-08 4.393291e-02 8.676035e-01
1.000000e+09 4.337679e-02 2.629794e-08 4.396124e-02 8.677026e-01
